   0.00000000000000        2.10335083284918     
  1.258234803298701E-002   2.10299266217720     
  2.516469606597403E-002   2.10222239295378     
  3.774704409896104E-002   2.10092240298814     
  5.032939213194806E-002   2.09912019502035     
  6.291174016493507E-002   2.09682849680456     
  7.549408819792208E-002   2.09406649124623     
  8.807643623090911E-002   2.09085664675762     
  0.100658784263896        2.08722483543771     
  0.113241132296883        2.08319994065024     
  0.125823480329870        2.07881350344742     
  0.138405828362857        2.07409933963109     
  0.150988176395844        2.06909314690889     
  0.163570524428831        2.06383210871172     
  0.176152872461818        2.05835450227673     
  0.188735220494805        2.05269931764292     
  0.201317568527792        2.04690589358725     
  0.213899916560779        2.04101357492676     
  0.226482264593766        2.03506139569301     
  0.239064612626753        2.02908779017018     
  0.251646960659740        2.02313033433741     
  0.264229308692727        2.01722551809732     
  0.276811656725714        2.01140854852083     
  0.289394004758701        2.00571318345728     
  0.301976352791688        2.00017159402371     
  0.314558700824675        1.99481425420588     
  0.327141048857662        1.98966985555538     
  0.339723396890649        1.98476524417720     
  0.352305744923636        1.98012537742186     
  0.364888092956623        1.97577329802727     
  0.377470440989610        1.97173012201816     
  0.390052789022597        1.96801503875039     
  0.402635137055584        1.96464531966505     
  0.415217485088571        1.96163633387502     
  0.427799833121559        1.95900156813998     
  0.440382181154546        1.95675264930145     
  0.452964529187532        1.95489936724359     
  0.465546877220520        1.95344969713886     
  0.478129225253507        1.95240981917419     
  0.490711573286494        1.95178413520770     
  0.503293921319481        1.95157528130665     
  0.515876269352468        1.95178413521884     
  0.528458617385455        1.95240981916502     
  0.541040965418442        1.95344969713155     
  0.553623313451429        1.95489936725485     
  0.566205661484416        1.95675264930329     
  0.578788009517403        1.95900156813435     
  0.591370357550390        1.96163633387869     
  0.603952705583377        1.96464531966274     
  0.616535053616364        1.96801503874583     
  0.629117401649351        1.97173012202676     
  0.641699749682338        1.97577329801556     
  0.654282097715325        1.98012537744304     
  0.666864445748312        1.98476524414663     
  0.679446793781299        1.98966985557675     
  0.692029141814286        1.99481425420560     
  0.704611489847273        2.00017159401768     
  0.717193837880260        2.00571318345570     
  0.729776185913247        2.01140854852288     
  0.742358533946234        2.01722551810087     
  0.754940881979221        2.02313033433344     
  0.767523230012208        2.02908779017244     
  0.780105578045195        2.03506139569159     
  0.792687926078182        2.04101357492820     
  0.805270274111169        2.04690589358326     
  0.817852622144156        2.05269931764774     
  0.830434970177143        2.05835450227477     
  0.843017318210130        2.06383210871283     
  0.855599666243117        2.06909314690799     
  0.868182014276104        2.07409933963072     
  0.880764362309091        2.07881350344842     
  0.893346710342078        2.08319994064881     
  0.905929058375065        2.08722483544008     
  0.918511406408052        2.09085664675653     
  0.931093754441039        2.09406649124594     
  0.943676102474026        2.09682849680437     
  0.956258450507013        2.09912019502092     
  0.968840798540000        2.10092240298803     
  0.981423146572987        2.10222239295408     
  0.994005494605974        2.10299266217707     
   1.00658784263896        2.10335083284925     
   0.00000000000000        2.21901865848747     
  1.267868805162838E-002   2.21829988707788     
  2.535737610325675E-002   2.21647746781949     
  3.803606415488513E-002   2.21343662231746     
  5.071475220651350E-002   2.20922907314976     
  6.339344025814188E-002   2.20389797814509     
  7.607212830977025E-002   2.19750057323040     
  8.875081636139863E-002   2.19010376767594     
  0.101429504413027        2.18178324148595     
  0.114108192464655        2.17262190536615     
  0.126786880516284        2.16270837541481     
  0.139465568567912        2.15213542788173     
  0.152144256619541        2.14099849324984     
  0.164822944671169        2.12939422770134     
  0.177501632722797        2.11741919520110     
  0.190180320774426        2.10516868437244     
  0.202859008826054        2.09273567703920     
  0.215537696877682        2.08020997683680     
  0.228216384929311        2.06767750004508     
  0.240895072980939        2.05521972442624     
  0.253573761032568        2.04291328753032     
  0.266252449084196        2.03082972186618     
  0.278931137135824        2.01903531275217     
  0.291609825187453        2.00759106214956     
  0.304288513239081        1.99655274245603     
  0.316967201290709        1.98597102347582     
  0.329645889342338        1.97589165712500     
  0.342324577393966        1.96635570524778     
  0.355003265445595        1.95739979735144     
  0.367681953497223        1.94905640678271     
  0.380360641548851        1.94135413503245     
  0.393039329600480        1.93431799561089     
  0.405718017652108        1.92796969042703     
  0.418396705703736        1.92232787242309     
  0.431075393755365        1.91740839015319     
  0.443754081806993        1.91322451002364     
  0.456432769858622        1.90978711354049     
  0.469111457910250        1.90710486730973     
  0.481790145961878        1.90518436385466     
  0.494468834013507        1.90403023252664     
  0.507147522065135        1.90364521876077     
  0.519826210116763        1.90403023251910     
  0.532504898168392        1.90518436387095     
  0.545183586220020        1.90710486730479     
  0.557862274271649        1.90978711353115     
  0.570540962323277        1.91322451003376     
  0.583219650374905        1.91740839014454     
  0.595898338426534        1.92232787243624     
  0.608577026478162        1.92796969040863     
  0.621255714529790        1.93431799562037     
  0.633934402581419        1.94135413503449     
  0.646613090633047        1.94905640678007     
  0.659291778684675        1.95739979735439     
  0.671970466736304        1.96635570523992     
  0.684649154787932        1.97589165712739     
  0.697327842839561        1.98597102348699     
  0.710006530891189        1.99655274244723     
  0.722685218942817        2.00759106214582     
  0.735363906994446        2.01903531275971     
  0.748042595046074        2.03082972186513     
  0.760721283097703        2.04291328752234     
  0.773399971149331        2.05521972444054     
  0.786078659200959        2.06767750003396     
  0.798757347252588        2.08020997683634     
  0.811436035304216        2.09273567704512     
  0.824114723355844        2.10516868436751     
  0.836793411407473        2.11741919520421     
  0.849472099459101        2.12939422770126     
  0.862150787510729        2.14099849324815     
  0.874829475562358        2.15213542788303     
  0.887508163613986        2.16270837541450     
  0.900186851665615        2.17262190536551     
  0.912865539717243        2.18178324148743     
  0.925544227768871        2.19010376767482     
  0.938222915820500        2.19750057323113     
  0.950901603872128        2.20389797814310     
  0.963580291923757        2.20922907315203     
  0.976258979975385        2.21343662231610     
  0.988937668027013        2.21647746782087     
   1.00161635607864        2.21829988707642     
   1.01429504413027        2.21901865848865     
   0.00000000000000        2.34914495682860     
  1.279143817483823E-002   2.34793758485625     
  2.558287634967647E-002   2.34468972751109     
  3.837431452451470E-002   2.33929898688739     
  5.116575269935293E-002   2.33186240745454     
  6.395719087419116E-002   2.32248058447061     
  7.674862904902940E-002   2.31128119757548     
  8.954006722386763E-002   2.29841169267315     
  0.102331505398706        2.28403571238692     
  0.115122943573544        2.26832875814481     
  0.127914381748382        2.25147395865548     
  0.140705819923221        2.23365801928704     
  0.153497258098059        2.21506750745313     
  0.166288696272897        2.19588557504744     
  0.179080134447735        2.17628918401322     
  0.191871572622573        2.15644686529945     
  0.204663010797412        2.13651701047322     
  0.217454448972250        2.11664667066272     
  0.230245887147088        2.09697081866129     
  0.243037325321926        2.07761201829578     
  0.255828763496765        2.05868043878519     
  0.268620201671603        2.04027414981604     
  0.281411639846441        2.02247963602158     
  0.294203078021279        2.00537247279009     
  0.306994516196118        1.98901811357869     
  0.319785954370956        1.97347274395014     
  0.332577392545794        1.95878416660516     
  0.345368830720632        1.94499268767115     
  0.358160268895471        1.93213198155610     
  0.370951707070309        1.92022991709068     
  0.383743145245147        1.90930933248808     
  0.396534583419985        1.89938875136867     
  0.409326021594823        1.89048303420172     
  0.422117459769662        1.88260396284524     
  0.434908897944500        1.87576075776959     
  0.447700336119338        1.86996052789541     
  0.460491774294176        1.86520865512892     
  0.473283212469015        1.86150911478600     
  0.486074650643853        1.85886473472753     
  0.498866088818691        1.85727739416963     
  0.511657526993529        1.85674816468767     
  0.524448965168368        1.85727739417414     
  0.537240403343206        1.85886473472146     
  0.550031841518044        1.86150911479754     
  0.562823279692882        1.86520865510579     
  0.575614717867720        1.86996052791074     
  0.588406156042559        1.87576075777094     
  0.601197594217397        1.88260396284811     
  0.613989032392235        1.89048303419319     
  0.626780470567073        1.89938875137334     
  0.639571908741912        1.90930933248519     
  0.652363346916750        1.92022991708381     
  0.665154785091588        1.93213198156717     
  0.677946223266426        1.94499268767214     
  0.690737661441265        1.95878416660098     
  0.703529099616103        1.97347274394303     
  0.716320537790941        1.98901811359235     
  0.729111975965779        2.00537247278350     
  0.741903414140618        2.02247963601563     
  0.754694852315456        2.04027414982846     
  0.767486290490294        2.05868043877439     
  0.780277728665132        2.07761201830504     
  0.793069166839970        2.09697081865510     
  0.805860605014809        2.11664667066310     
  0.818652043189647        2.13651701047566     
  0.831443481364485        2.15644686529494     
  0.844234919539323        2.17628918401555     
  0.857026357714162        2.19588557504943     
  0.869817795889000        2.21506750745164     
  0.882609234063838        2.23365801928716     
  0.895400672238676        2.25147395865495     
  0.908192110413515        2.26832875814689     
  0.920983548588353        2.28403571238473     
  0.933774986763191        2.29841169267399     
  0.946566424938029        2.31128119757520     
  0.959357863112867        2.32248058447129     
  0.972149301287706        2.33186240745452     
  0.984940739462544        2.33929898688726     
  0.997732177637382        2.34468972751083     
   1.01052361581222        2.34793758485723     
   1.02331505398706        2.34914495682677     
   0.00000000000000        2.49642958332781     
  1.292380973486294E-002   2.49455204963304     
  2.584761946972589E-002   2.48935046827331     
  3.877142920458883E-002   2.48075305773303     
  5.169523893945177E-002   2.46893922546300     
  6.461904867431471E-002   2.45411379923459     
  7.754285840917766E-002   2.43652962860227     
  9.046666814404060E-002   2.41647380525251     
  0.103390477878904        2.39425805930875     
  0.116314287613766        2.37020849895912     
  0.129238097348629        2.34465603675165     
  0.142161907083492        2.31792781812462     
  0.155085716818355        2.29033996078347     
  0.168009526553218        2.26219175472716     
  0.180933336288081        2.23376135260351     
  0.193857146022944        2.20530288093082     
  0.206780955757807        2.17704483090513     
  0.219704765492670        2.14918954509043     
  0.232628575227533        2.12191359515667     
  0.245552384962396        2.09536884767928     
  0.258476194697259        2.06968402648061     
  0.271400004432122        2.04496660401798     
  0.284323814166985        2.02130487971843     
  0.297247623901848        1.99877013135559     
  0.310171433636711        1.97741875157547     
  0.323095243371574        1.95729430553613     
  0.336019053106437        1.93842946553446     
  0.348942862841299        1.92084779484486     
  0.361866672576162        1.90456536666445     
  0.374790482311025        1.88959221277827     
  0.387714292045888        1.87593360454276     
  0.400638101780751        1.86359117334740     
  0.413561911515614        1.85256388014329     
  0.426485721250477        1.84284884649627     
  0.439409530985340        1.83444205872963     
  0.452333340720203        1.82733895775786     
  0.465257150455066        1.82153492578957     
  0.478180960189929        1.81702567991851     
  0.491104769924792        1.81380758207159     
  0.504028579659655        1.81187787207913     
  0.516952389394518        1.81123482999971     
  0.529876199129381        1.81187787208912     
  0.542800008864244        1.81380758206310     
  0.555723818599107        1.81702567992464     
  0.568647628333969        1.82153492578765     
  0.581571438068832        1.82733895776022     
  0.594495247803695        1.83444205872689     
  0.607419057538558        1.84284884649674     
  0.620342867273421        1.85256388014236     
  0.633266677008284        1.86359117334860     
  0.646190486743147        1.87593360454705     
  0.659114296478010        1.88959221277184     
  0.672038106212873        1.90456536666281     
  0.684961915947736        1.92084779485277     
  0.697885725682599        1.93842946552725     
  0.710809535417462        1.95729430554015     
  0.723733345152325        1.97741875157814     
  0.736657154887188        1.99877013134828     
  0.749580964622051        2.02130487972002     
  0.762504774356914        2.04496660402030     
  0.775428584091777        2.06968402648155     
  0.788352393826639        2.09536884768048     
  0.801276203561502        2.12191359515556     
  0.814200013296365        2.14918954508024     
  0.827123823031228        2.17704483091850     
  0.840047632766091        2.20530288092123     
  0.852971442500954        2.23376135261202     
  0.865895252235817        2.26219175472374     
  0.878819061970680        2.29033996078138     
  0.891742871705543        2.31792781812661     
  0.904666681440406        2.34465603675310     
  0.917590491175269        2.37020849895757     
  0.930514300910132        2.39425805930645     
  0.943438110644995        2.41647380525515     
  0.956361920379858        2.43652962860228     
  0.969285730114721        2.45411379923411     
  0.982209539849584        2.46893922546344     
  0.995133349584447        2.48075305773181     
   1.00805715931931        2.48935046827464     
   1.02098096905417        2.49455204963322     
   1.03390477878904        2.49642958332662     
   0.00000000000000        2.66416637627289     
  1.307969427817730E-002   2.66135672741882     
  2.615938855635460E-002   2.65344150732551     
  3.923908283453190E-002   2.64041419508399     
  5.231877711270920E-002   2.62260228858647     
  6.539847139088650E-002   2.60039639422523     
  7.847816566906379E-002   2.57426702574561     
  9.155785994724110E-002   2.54473704673022     
  0.104637554225418        2.51235947718564     
  0.117717248503596        2.47769581046313     
  0.130796942781773        2.44129707751383     
  0.143876637059950        2.40368833857980     
  0.156956331338128        2.36535698298737     
  0.170036025616305        2.32674479992944     
  0.183115719894482        2.28824349578839     
  0.196195414172660        2.25019314882140     
  0.209275108450837        2.21288300725663     
  0.222354802729014        2.17655402933615     
  0.235434497007191        2.14140261095026     
  0.248514191285369        2.10758502511491     
  0.261593885563546        2.07522218929499     
  0.274673579841723        2.04440446860313     
  0.287753274119901        2.01519630648276     
  0.300832968398078        1.98764054556014     
  0.313912662676255        1.96176235800106     
  0.326992356954433        1.93757274829456     
  0.340072051232610        1.91507162250293     
  0.353151745510787        1.89425043949831     
  0.366231439788964        1.87509447293105     
  0.379311134067142        1.85758472021185     
  0.392390828345319        1.84169949806888     
  0.405470522623496        1.82741576410713     
  0.418550216901674        1.81471020199629     
  0.431629911179851        1.80356010539301     
  0.444709605458028        1.79394409123364     
  0.457789299736206        1.78584266994173     
  0.470868994014383        1.77923869571857     
  0.483948688292560        1.77411771638557     
  0.497028382570737        1.77046823915613     
  0.510108076848915        1.76828192427202     
  0.523187771127092        1.76755371706455     
  0.536267465405269        1.76828192426864     
  0.549347159683447        1.77046823915944     
  0.562426853961624        1.77411771638483     
  0.575506548239801        1.77923869572319     
  0.588586242517979        1.78584266993718     
  0.601665936796156        1.79394409123415     
  0.614745631074333        1.80356010539583     
  0.627825325352510        1.81471020199310     
  0.640905019630688        1.82741576410442     
  0.653984713908865        1.84169949807477     
  0.667064408187042        1.85758472020936     
  0.680144102465220        1.87509447292913     
  0.693223796743397        1.89425043949954     
  0.706303491021574        1.91507162250089     
  0.719383185299752        1.93757274829404     
  0.732462879577929        1.96176235800669     
  0.745542573856106        1.98764054556015     
  0.758622268134283        2.01519630648096     
  0.771701962412461        2.04440446859861     
  0.784781656690638        2.07522218930020     
  0.797861350968815        2.10758502511478     
  0.810941045246993        2.14140261094949     
  0.824020739525170        2.17655402933270     
  0.837100433803347        2.21288300725933     
  0.850180128081525        2.25019314882306     
  0.863259822359702        2.28824349578229     
  0.876339516637879        2.32674479993457     
  0.889419210916056        2.36535698298590     
  0.902498905194234        2.40368833858037     
  0.915578599472411        2.44129707751404     
  0.928658293750588        2.47769581046565     
  0.941737988028766        2.51235947718288     
  0.954817682306943        2.54473704673021     
  0.967897376585120        2.57426702574704     
  0.980977070863298        2.60039639422181     
  0.994056765141475        2.62260228859029     
   1.00713645941965        2.64041419508171     
   1.02021615369783        2.65344150732747     
   1.03329584797601        2.66135672741800     
   1.04637554225418        2.66416637627071     
   0.00000000000000        2.85633436625688     
  1.326372797430189E-002   2.85220812242513     
  2.652745594860377E-002   2.84046832746732     
  3.979118392290566E-002   2.82123980230246     
  5.305491189720755E-002   2.79511633764761     
  6.631863987150943E-002   2.76281741714518     
  7.958236784581132E-002   2.72518743128206     
  9.284609582011320E-002   2.68313959377575     
  0.106109823794415        2.63760905529127     
  0.119373551768717        2.58951103150159     
  0.132637279743019        2.53970756304182     
  0.145901007717321        2.48898369645050     
  0.159164735691623        2.43803284957987     
  0.172428463665925        2.38745024214425     
  0.185692191640226        2.33773281619861     
  0.198955919614528        2.28928393675312     
  0.212219647588830        2.24242126381698     
  0.225483375563132        2.19738642432890     
  0.238747103537434        2.15435540662439     
  0.252010831511736        2.11344889423580     
  0.265274559486038        2.07474201611535     
  0.278538287460340        2.03827320238002     
  0.291802015434642        2.00405199503508     
  0.305065743408943        1.97206577713640     
  0.318329471383245        1.94228545768133     
  0.331593199357547        1.91467019601942     
  0.344856927331849        1.88917127042687     
  0.358120655306151        1.86573520506163     
  0.371384383280453        1.84430626667125     
  0.384648111254755        1.82482843473966     
  0.397911839229057        1.80724693861873     
  0.411175567203359        1.79150944272063     
  0.424439295177660        1.77756694946277     
  0.437703023151962        1.76537447832755     
  0.450966751126264        1.75489156962673     
  0.464230479100566        1.74608265248078     
  0.477494207074868        1.73891730906616     
  0.490757935049170        1.73337046068333     
  0.504021663023472        1.72942249560849     
  0.517285390997774        1.72705935391563     
  0.530549118972075        1.72627258048658     
  0.543812846946377        1.72705935391121     
  0.557076574920679        1.72942249560968     
  0.570340302894981        1.73337046068113     
  0.583604030869283        1.73891730906946     
  0.596867758843585        1.74608265247744     
  0.610131486817887        1.75489156963879     
  0.623395214792189        1.76537447831512     
  0.636658942766491        1.77756694946381     
  0.649922670740792        1.79150944272308     
  0.663186398715094        1.80724693861928     
  0.676450126689396        1.82482843474231     
  0.689713854663698        1.84430626666754     
  0.702977582638000        1.86573520506344     
  0.716241310612302        1.88917127042142     
  0.729505038586604        1.91467019602440     
  0.742768766560906        1.94228545768425     
  0.756032494535208        1.97206577712681     
  0.769296222509509        2.00405199504079     
  0.782559950483811        2.03827320237766     
  0.795823678458113        2.07474201611905     
  0.809087406432415        2.11344889423576     
  0.822351134406717        2.15435540662042     
  0.835614862381019        2.19738642433018     
  0.848878590355321        2.24242126382000     
  0.862142318329623        2.28928393675352     
  0.875406046303924        2.33773281619800     
  0.888669774278226        2.38745024214321     
  0.901933502252528        2.43803284958140     
  0.915197230226830        2.48898369644549     
  0.928460958201132        2.53970756304375     
  0.941724686175434        2.58951103150398     
  0.954988414149736        2.63760905529066     
  0.968252142124038        2.68313959377433     
  0.981515870098340        2.72518743128154     
  0.994779598072641        2.76281741714693     
   1.00804332604694        2.79511633764820     
   1.02130705402125        2.82123980229947     
   1.03457078199555        2.84046832747089     
   1.04783450996985        2.85220812242163     
   1.06109823794415        2.85633436626336     
   0.00000000000000        3.07764618277682     
  1.348125985048873E-002   3.07162977318059     
  2.696251970097745E-002   3.05441683980411     
  4.044377955146618E-002   3.02639081690828     
  5.392503940195490E-002   2.98862728521801     
  6.740629925244362E-002   2.94242701987933     
  8.088755910293235E-002   2.88927056354144     
  9.436881895342107E-002   2.83070478379877     
  0.107850078803910        2.76825063419344     
  0.121331338654399        2.70332951712108     
  0.134812598504887        2.63721287752255     
  0.148293858355376        2.57099400569266     
  0.161775118205865        2.50557871113920     
  0.175256378056353        2.44169028577403     
  0.188737637906842        2.37988406401489     
  0.202218897757331        2.32056745488554     
  0.215700157607820        2.26402221096505     
  0.229181417458308        2.21042663993416     
  0.242662677308797        2.15987630074398     
  0.256143937159286        2.11240238777081     
  0.269625197009774        2.06798748396223     
  0.283106456860263        2.02657867982582     
  0.296587716710752        1.98809824345229     
  0.310068976561241        1.95245212281148     
  0.323550236411729        1.91953659680547     
  0.337031496262218        1.88924338668337     
  0.350512756112707        1.86146351567898     
  0.363994015963196        1.83609016863134     
  0.377475275813684        1.81302076592597     
  0.390956535664173        1.79215842961888     
  0.404437795514662        1.77341298610133     
  0.417919055365151        1.75670162180062     
  0.431400315215639        1.74194928315577     
  0.444881575066128        1.72908889379518     
  0.458362834916617        1.71806144396290     
  0.471844094767105        1.70881599613210     
  0.485325354617594        1.70130963909354     
  0.498806614468083        1.69550741554597     
  0.512287874318572        1.69138224199072     
  0.525769134169060        1.68891483379518     
  0.539250394019549        1.68809364574383     
  0.552731653870038        1.68891483379755     
  0.566212913720527        1.69138224199011     
  0.579694173571015        1.69550741555239     
  0.593175433421504        1.70130963907884     
  0.606656693271993        1.70881599614427     
  0.620137953122481        1.71806144395859     
  0.633619212972970        1.72908889379516     
  0.647100472823459        1.74194928316117     
  0.660581732673947        1.75670162179055     
  0.674062992524436        1.77341298611380     
  0.687544252374925        1.79215842960957     
  0.701025512225414        1.81302076593302     
  0.714506772075902        1.83609016862557     
  0.727988031926391        1.86146351568080     
  0.741469291776880        1.88924338668122     
  0.754950551627369        1.91953659680483     
  0.768431811477857        1.95245212281420     
  0.781913071328346        1.98809824344871     
  0.795394331178835        2.02657867983154     
  0.808875591029323        2.06798748396015     
  0.822356850879812        2.11240238776871     
  0.835838110730301        2.15987630074908     
  0.849319370580790        2.21042663992763     
  0.862800630431278        2.26402221096733     
  0.876281890281767        2.32056745488760     
  0.889763150132256        2.37988406401356     
  0.903244409982745        2.44169028577458     
  0.916725669833233        2.50557871113788     
  0.930206929683722        2.57099400569372     
  0.943688189534211        2.63721287752219     
  0.957169449384699        2.70332951711855     
  0.970650709235188        2.76825063419790     
  0.984131969085677        2.83070478379427     
  0.997613228936166        2.88927056354573     
   1.01109448878665        2.94242701987814     
   1.02457574863714        2.98862728521802     
   1.03805700848763        3.02639081690838     
   1.05153826833812        3.05441683980188     
   1.06501952818861        3.07162977318161     
   1.07850078803910        3.07764618278303     
   0.00000000000000        3.33350415107551     
  1.373813099779568E-002   3.32472985001522     
  2.747626199559137E-002   3.29956745075020     
  4.121439299338706E-002   3.25890695552237     
  5.495252399118274E-002   3.20470297835237     
  6.869065498897842E-002   3.13928255063794     
  8.242878598677411E-002   3.06519538021929     
  9.616691698456979E-002   2.98498959534050     
  0.109905047982365        2.90104377425749     
  0.123643178980161        2.81545312337903     
  0.137381309977957        2.72997064972213     
  0.151119440975753        2.64599349780600     
  0.164857571973548        2.56458149727912     
  0.178595702971344        2.48649514265126     
  0.192333833969140        2.41224253021353     
  0.206071964966935        2.34212776550129     
  0.219810095964731        2.27629616773880     
  0.233548226962527        2.21477382858792     
  0.247286357960322        2.15750064450513     
  0.261024488958118        2.10435691628851     
  0.274762619955914        2.05518413944316     
  0.288500750953709        2.00980083601517     
  0.302238881951505        1.96801432007950     
  0.315977012949301        1.92962922835815     
  0.329715143947096        1.89445353864370     
  0.343453274944892        1.86230267841815     
  0.357191405942688        1.83300220774689     
  0.370929536940483        1.80638945845073     
  0.384667667938279        1.78231442379923     
  0.398405798936075        1.76064012286698     
  0.412143929933871        1.74124260769536     
  0.425882060931666        1.72401073811733     
  0.439620191929462        1.70884581555626     
  0.453358322927258        1.69566114266162     
  0.467096453925053        1.68438155614793     
  0.480834584922849        1.67494296698257     
  0.494572715920645        1.66729193149598     
  0.508310846918440        1.66138526992326     
  0.522048977916236        1.65718974337957     
  0.535787108914032        1.65468179677279     
  0.549525239911827        1.65384737234194     
  0.563263370909623        1.65468179676912     
  0.577001501907419        1.65718974338146     
  0.590739632905214        1.66138526992649     
  0.604477763903010        1.66729193149077     
  0.618215894900806        1.67494296699117     
  0.631954025898602        1.68438155613357     
  0.645692156896397        1.69566114267545     
  0.659430287894193        1.70884581554712     
  0.673168418891989        1.72401073812229     
  0.686906549889784        1.74124260769830     
  0.700644680887580        1.76064012286095     
  0.714382811885376        1.78231442380394     
  0.728120942883171        1.80638945844470     
  0.741859073880967        1.83300220775053     
  0.755597204878763        1.86230267841929     
  0.769335335876558        1.89445353864311     
  0.783073466874354        1.92962922835383     
  0.796811597872150        1.96801432008666     
  0.810549728869945        2.00980083600861     
  0.824287859867741        2.05518413944763     
  0.838025990865537        2.10435691628480     
  0.851764121863332        2.15750064450405     
  0.865502252861128        2.21477382859378     
  0.879240383858924        2.27629616773486     
  0.892978514856719        2.34212776550204     
  0.906716645854515        2.41224253021334     
  0.920454776852311        2.48649514265320     
  0.934192907850107        2.56458149727941     
  0.947931038847902        2.64599349780073     
  0.961669169845698        2.72997064972827     
  0.975407300843494        2.81545312337655     
  0.989145431841289        2.90104377425767     
   1.00288356283908        2.98498959534045     
   1.01662169383688        3.06519538021996     
   1.03035982483468        3.13928255063509     
   1.04409795583247        3.20470297835421     
   1.05783608683027        3.25890695552370     
   1.07157421782806        3.29956745074748     
   1.08531234882586        3.32472985001833     
   1.09905047982365        3.33350415107289     
   0.00000000000000        3.62976267918763     
  1.404011143589037E-002   3.61690510121656     
  2.808022287178074E-002   3.58004737613042     
  4.212033430767111E-002   3.52107362167224     
  5.616044574356148E-002   3.44355294741165     
  7.020055717945185E-002   3.35161357186718     
  8.424066861534221E-002   3.24956351439737     
  9.828078005123259E-002   3.14146621236387     
  0.112320891487123        3.03086688399791     
  0.126361002923013        2.92065469675946     
  0.140401114358904        2.81303828335073     
  0.154441225794794        2.70959726662910     
  0.168481337230684        2.61137454599667     
  0.182521448666575        2.51898231106766     
  0.196561560102465        2.43270443251379     
  0.210601671538356        2.35258606440070     
  0.224641782974246        2.27850704908017     
  0.238681894410136        2.21023919239539     
  0.252722005846027        2.14748924185885     
  0.266762117281917        2.08993005811211     
  0.280802228717807        2.03722249657600     
  0.294842340153698        1.98903023845287     
  0.308882451589588        1.94502942249539     
  0.322922563025479        1.90491453751290     
  0.336962674461369        1.86840168880945     
  0.351002785897259        1.83523006598714     
  0.365042897333150        1.80516221473032     
  0.379083008769040        1.77798354395806     
  0.393123120204930        1.75350137183643     
  0.407163231640821        1.73154372122714     
  0.421203343076711        1.71195800745998     
  0.435243454512601        1.69460971396924     
  0.449283565948492        1.67938111757755     
  0.463323677384382        1.66617010200101     
  0.477363788820273        1.65488908270533     
  0.491403900256163        1.64546405526006     
  0.505444011692053        1.63783377313479     
  0.519484123127944        1.63194905624568     
  0.533524234563834        1.62777222942060     
  0.547564345999724        1.62527668907295     
  0.561604457435615        1.62444659547554     
  0.575644568871505        1.62527668907543     
  0.589684680307396        1.62777222942094     
  0.603724791743286        1.63194905624159     
  0.617764903179176        1.63783377313964     
  0.631805014615067        1.64546405525621     
  0.645845126050957        1.65488908270289     
  0.659885237486847        1.66617010200969     
  0.673925348922738        1.67938111756763     
  0.687965460358628        1.69460971397932     
  0.702005571794519        1.71195800745317     
  0.716045683230409        1.73154372122653     
  0.730085794666299        1.75350137184220     
  0.744125906102190        1.77798354395271     
  0.758166017538080        1.80516221473263     
  0.772206128973970        1.83523006598861     
  0.786246240409861        1.86840168880723     
  0.800286351845751        1.90491453751476     
  0.814326463281641        1.94502942249407     
  0.828366574717532        1.98903023845058     
  0.842406686153422        2.03722249657784     
  0.856446797589313        2.08993005811229     
  0.870486909025203        2.14748924185844     
  0.884527020461093        2.21023919239517     
  0.898567131896984        2.27850704908287     
  0.912607243332874        2.35258606439675     
  0.926647354768764        2.43270443251720     
  0.940687466204655        2.51898231106594     
  0.954727577640545        2.61137454599775     
  0.968767689076436        2.70959726662797     
  0.982807800512326        2.81303828335015     
  0.996847911948216        2.92065469676140     
   1.01088802338411        3.03086688399792     
   1.02492813482000        3.14146621236301     
   1.03896824625589        3.24956351439550     
   1.05300835769178        3.35161357186925     
   1.06704846912767        3.44355294741220     
   1.08108858056356        3.52107362167019     
   1.09512869199945        3.58004737613115     
   1.10916880343534        3.61690510121771     
   1.12320891487123        3.62976267918912     
   0.00000000000000        3.97221815197098     
  1.439188835829796E-002   3.95324726407716     
  2.878377671659592E-002   3.89903312972809     
  4.317566507489388E-002   3.81341497180625     
  5.756755343319184E-002   3.70292778093447     
  7.195944179148980E-002   3.57480867142317     
  8.635133014978777E-002   3.43614555733367     
  0.100743218508086        3.29313479451541     
  0.115135106866384        3.15071904388297     
  0.129526995224682        3.01251964022632     
  0.143918883582980        2.88096201561313     
  0.158310771941278        2.75749274272566     
  0.172702660299576        2.64281591381743     
  0.187094548657874        2.53710767941694     
  0.201486437016171        2.44019164448009     
  0.215878325374469        2.35167246593077     
  0.230270213732767        2.27103229196060     
  0.244662102091065        2.19769727973385     
  0.259053990449363        2.13108150197035     
  0.273445878807661        2.07061452917068     
  0.287837767165959        2.01575764360120     
  0.302229655524257        1.96601238492431     
  0.316621543882555        1.92092408538830     
  0.331013432240853        1.88008224964026     
  0.345405320599151        1.84311904273359     
  0.359797208957449        1.80970672837737     
  0.374189097315747        1.77955460546295     
  0.388580985674045        1.75240579005940     
  0.402972874032343        1.72803405551692     
  0.417364762390641        1.70624085359255     
  0.431756650748939        1.68685258229807     
  0.446148539107237        1.66971812909303     
  0.460540427465535        1.65470669585733     
  0.474932315823833        1.64170589871869     
  0.489324204182131        1.63062012914551     
  0.503716092540429        1.62136915910023     
  0.518107980898727        1.61388697299100     
  0.532499869257025        1.60812080960879     
  0.546891757615322        1.60403039927264     
  0.561283645973620        1.60158738376722     
  0.575675534331918        1.60077490903737     
  0.590067422690216        1.60158738376581     
  0.604459311048514        1.60403039927245     
  0.618851199406812        1.60812080960967     
  0.633243087765110        1.61388697299022     
  0.647634976123408        1.62136915910055     
  0.662026864481706        1.63062012914536     
  0.676418752840004        1.64170589871994     
  0.690810641198302        1.65470669585475     
  0.705202529556600        1.66971812909417     
  0.719594417914898        1.68685258229893     
  0.733986306273196        1.70624085359147     
  0.748378194631494        1.72803405551958     
  0.762770082989792        1.75240579005718     
  0.777161971348090        1.77955460546403     
  0.791553859706388        1.80970672837752     
  0.805945748064686        1.84311904273337     
  0.820337636422984        1.88008224963932     
  0.834729524781282        1.92092408538980     
  0.849121413139580        1.96601238492303     
  0.863513301497878        2.01575764360099     
  0.877905189856176        2.07061452916933     
  0.892297078214474        2.13108150197267     
  0.906688966572772        2.19769727973119     
  0.921080854931070        2.27103229196385     
  0.935472743289367        2.35167246592791     
  0.949864631647665        2.44019164448231     
  0.964256520005963        2.53710767941608     
  0.978648408364261        2.64281591381617     
  0.993040296722559        2.75749274272907     
   1.00743218508086        2.88096201561149     
   1.02182407343916        3.01251964022535     
   1.03621596179745        3.15071904388261     
   1.05060785015575        3.29313479451793     
   1.06499973851405        3.43614555733087     
   1.07939162687235        3.57480867142493     
   1.09378351523064        3.70292778093320     
   1.10817540358894        3.81341497180969     
   1.12256729194724        3.89903312972487     
   1.13695918030554        3.95324726407695     
   1.15135106866384        3.97221815197195     
   0.00000000000000        4.36582706516139     
  1.479568358098239E-002   4.33765279559369     
  2.959136716196477E-002   4.25762385010433     
  4.438705074294716E-002   4.13341178495163     
  5.918273432392954E-002   3.97693815868291     
  7.397841790491193E-002   3.80062420200043     
  8.877410148589432E-002   3.61566391421283     
  0.103569785066877        3.43090402014178     
  0.118365468647859        3.25258570847027     
  0.133161152228841        3.08461353983393     
  0.147956835809824        2.92905690666076     
  0.162752519390806        2.78667777051625     
  0.177548202971789        2.65738178959855     
  0.192343886552771        2.54056118050347     
  0.207139570133753        2.43533523071807     
  0.221935253714736        2.34070866741900     
  0.236730937295718        2.25566996309353     
  0.251526620876701        2.17924837981173     
  0.266322304457683        2.11054398853241     
  0.281117988038665        2.04874071957176     
  0.295913671619648        1.99310922149083     
  0.310709355200630        1.94300393662447     
  0.325505038781612        1.89785717365795     
  0.340300722362595        1.85717187765887     
  0.355096405943577        1.82051410009233     
  0.369892089524560        1.78750573050446     
  0.384687773105542        1.75781777923515     
  0.399483456686524        1.73116433652607     
  0.414279140267507        1.70729723809544     
  0.429074823848489        1.68600141435102     
  0.443870507429472        1.66709087382375     
  0.458666191010454        1.65040526030675     
  0.473461874591436        1.63580692089543     
  0.488257558172419        1.62317842533758     
  0.503053241753401        1.61242048229772     
  0.517848925334384        1.60345020474107     
  0.532644608915366        1.59619968349467     
  0.547440292496348        1.59061483473639     
  0.562235976077331        1.58665449321966     
  0.577031659658313        1.58428972915598     
  0.591827343239295        1.58350337199092     
  0.606623026820278        1.58428972915923     
  0.621418710401260        1.58665449321897     
  0.636214393982243        1.59061483473464     
  0.651010077563225        1.59619968349897     
  0.665805761144207        1.60345020473487     
  0.680601444725190        1.61242048230210     
  0.695397128306172        1.62317842533714     
  0.710192811887155        1.63580692089443     
  0.724988495468137        1.65040526030384     
  0.739784179049119        1.66709087383023     
  0.754579862630102        1.68600141434567     
  0.769375546211084        1.70729723809823     
  0.784171229792066        1.73116433652503     
  0.798966913373049        1.75781777923697     
  0.813762596954031        1.78750573050057     
  0.828558280535014        1.82051410009433     
  0.843353964115996        1.85717187765878     
  0.858149647696978        1.89785717365834     
  0.872945331277961        1.94300393662441     
  0.887741014858943        1.99310922149032     
  0.902536698439926        2.04874071957229     
  0.917332382020908        2.11054398853214     
  0.932128065601890        2.17924837981123     
  0.946923749182873        2.25566996309641     
  0.961719432763855        2.34070866741587     
  0.976515116344837        2.43533523071693     
  0.991310799925820        2.54056118050649     
   1.00610648350680        2.65738178959744     
   1.02090216708778        2.78667777051683     
   1.03569785066877        2.92905690666049     
   1.05049353424975        3.08461353983386     
   1.06528921783073        3.25258570846879     
   1.08008490141171        3.43090402014432     
   1.09488058499270        3.61566391421093     
   1.10967626857368        3.80062420200378     
   1.12447195215466        3.97693815867816     
   1.13926763573564        4.13341178495419     
   1.15406331931663        4.25762385010494     
   1.16885900289761        4.33765279559132     
   1.18365468647859        4.36582706516695     
   0.00000000000000        4.81383369109259     
  1.524994018754150E-002   4.77182795454192     
  3.049988037508299E-002   4.65363953584950     
  4.574982056262449E-002   4.47435157755298     
  6.099976075016598E-002   4.25539975148768     
  7.624970093770748E-002   4.01734937948072     
  9.149964112524897E-002   3.77681451667825     
  0.106749581312790        3.54524800788594     
  0.121999521500332        3.32939310930844     
  0.137249461687873        3.13241590298056     
  0.152499401875415        2.95509582131978     
  0.167749342062956        2.79678933306732     
  0.182999282250498        2.65610773472128     
  0.198249222438039        2.53135023446538     
  0.213499162625581        2.42075930365806     
  0.228749102813122        2.32265872485756     
  0.243999043000664        2.23551925852314     
  0.259248983188205        2.15798213328860     
  0.274498923375747        2.08885942623274     
  0.289748863563288        2.02712282083609     
  0.304998803750830        1.97188738542936     
  0.320248743938371        1.92239404455547     
  0.335498684125913        1.87799265222206     
  0.350748624313454        1.83812656071493     
  0.365998564500996        1.80231901320215     
  0.381248504688537        1.77016138760978     
  0.396498444876079        1.74130317144109     
  0.411748385063620        1.71544348428967     
  0.426998325251162        1.69232394849405     
  0.442248265438703        1.67172271558437     
  0.457498205626245        1.65344947429408     
  0.472748145813786        1.63734128788128     
  0.487998086001328        1.62325913106882     
  0.503248026188869        1.61108501722825     
  0.518497966376411        1.60071962559756     
  0.533747906563952        1.59208035389120     
  0.548997846751494        1.58509973599129     
  0.564247786939035        1.57972417607573     
  0.579497727126577        1.57591296061607     
  0.594747667314118        1.57363751887671     
  0.609997607501660        1.57288090958542     
  0.625247547689201        1.57363751887821     
  0.640497487876743        1.57591296061818     
  0.655747428064284        1.57972417607072     
  0.670997368251826        1.58509973599548     
  0.686247308439367        1.59208035389017     
  0.701497248626909        1.60071962559586     
  0.716747188814450        1.61108501723069     
  0.731997129001992        1.62325913106636     
  0.747247069189533        1.63734128788314     
  0.762497009377075        1.65344947429157     
  0.777746949564616        1.67172271558684     
  0.792996889752158        1.69232394849433     
  0.808246829939699        1.71544348428885     
  0.823496770127241        1.74130317144187     
  0.838746710314782        1.77016138760795     
  0.853996650502324        1.80231901320353     
  0.869246590689865        1.83812656071643     
  0.884496530877407        1.87799265221773     
  0.899746471064948        1.92239404455862     
  0.914996411252490        1.97188738542830     
  0.930246351440031        2.02712282083684     
  0.945496291627573        2.08885942623298     
  0.960746231815114        2.15798213328729     
  0.975996172002656        2.23551925852418     
  0.991246112190197        2.32265872485780     
   1.00649605237774        2.42075930365618     
   1.02174599256528        2.53135023446635     
   1.03699593275282        2.65610773472198     
   1.05224587294036        2.79678933306755     
   1.06749581312790        2.95509582131812     
   1.08274575331545        3.13241590298477     
   1.09799569350299        3.32939310930215     
   1.11324563369053        3.54524800789035     
   1.12849557387807        3.77681451667700     
   1.14374551406561        4.01734937947940     
   1.15899545425315        4.25539975148990     
   1.17424539444070        4.47435157755240     
   1.18949533462824        4.65363953584604     
   1.20474527481578        4.77182795454800     
   1.21999521500332        4.81383369108210     
   0.00000000000000        5.31717571982005     
  1.574882565101082E-002   5.25457963087671     
  3.149765130202164E-002   5.08083782113692     
  4.724647695303245E-002   4.82499368455016     
  6.299530260404328E-002   4.52450600684962     
  7.874412825505410E-002   4.21160494851424     
  9.449295390606491E-002   3.90882666736044     
  0.110241779557076        3.62895724129330     
  0.125990605208087        3.37745802055878     
  0.141739430859097        3.15518529637998     
  0.157488256510108        2.96050986148434     
  0.173237082161119        2.79069568321303     
  0.188985907812130        2.64269424842119     
  0.204734733463141        2.51355483430777     
  0.220483559114151        2.40060795898736     
  0.236232384765162        2.30152525001602     
  0.251981210416173        2.21431723816959     
  0.267730036067184        2.13730339959248     
  0.283478861718195        2.06907255306230     
  0.299227687369206        2.00844256880469     
  0.314976513020216        1.95442339851734     
  0.330725338671227        1.90618487222576     
  0.346474164322238        1.86302944917191     
  0.362222989973249        1.82436954520245     
  0.377971815624260        1.78970885054779     
  0.393720641275270        1.75862701797024     
  0.409469466926281        1.73076714554826     
  0.425218292577292        1.70582555246910     
  0.440967118228303        1.68354342555503     
  0.456715943879314        1.66369998859881     
  0.472464769530325        1.64610691123430     
  0.488213595181335        1.63060372879813     
  0.503962420832346        1.61705408947637     
  0.519711246483357        1.60534268172866     
  0.535460072134368        1.59537272476845     
  0.551208897785379        1.58706392863139     
  0.566957723436390        1.58035085003919     
  0.582706549087400        1.57518158584162     
  0.598455374738411        1.57151675895965     
  0.614204200389422        1.56932876250517     
  0.629953026040433        1.56860123683241     
  0.645701851691444        1.56932876250463     
  0.661450677342454        1.57151675896072     
  0.677199502993465        1.57518158584084     
  0.692948328644476        1.58035085003855     
  0.708697154295487        1.58706392863365     
  0.724445979946498        1.59537272476525     
  0.740194805597508        1.60534268173094     
  0.755943631248519        1.61705408947672     
  0.771692456899530        1.63060372879724     
  0.787441282550541        1.64610691123406     
  0.803190108201552        1.66369998859878     
  0.818938933852563        1.68354342555581     
  0.834687759503573        1.70582555246850     
  0.850436585154584        1.73076714554771     
  0.866185410805595        1.75862701797071     
  0.881934236456606        1.78970885054689     
  0.897683062107617        1.82436954520509     
  0.913431887758627        1.86302944916970     
  0.929180713409638        1.90618487222550     
  0.944929539060649        1.95442339851905     
  0.960678364711660        2.00844256880340     
  0.976427190362671        2.06907255306350     
  0.992176016013682        2.13730339959097     
   1.00792484166469        2.21431723817041     
   1.02367366731570        2.30152525001619     
   1.03942249296671        2.40060795898705     
   1.05517131861772        2.51355483430735     
   1.07092014426874        2.64269424842144     
   1.08666896991975        2.79069568321363     
   1.10241779557076        2.96050986148387     
   1.11816662122177        3.15518529638054     
   1.13391544687278        3.37745802055919     
   1.14966427252379        3.62895724129187     
   1.16541309817480        3.90882666736111     
   1.18116192382581        4.21160494851311     
   1.19691074947682        4.52450600685293     
   1.21265957512783        4.82499368454613     
   1.22840840077884        5.08083782113814     
   1.24415722642985        5.25457963088051     
   1.25990605208087        5.31717571980517     
