  -1.02551070227267        0.00000000000000     
  -1.02468934696687       3.951723245467424E-002
  -1.02222696004868       7.896622599561513E-002
  -1.01812869199710       0.118278958978718     
  -1.01240311971390       0.157387846654222     
  -1.00506217340625       0.196225952105339     
 -0.996121068928603       0.234727190847597     
 -0.985598221240445       0.272826526287457     
 -0.973515140510349       0.310460153942422     
 -0.959896313455681       0.347565672827724     
 -0.944769071855952       0.384082242633120     
 -0.928163450312357       0.419950725624382     
 -0.910112035381993       0.455113812513137     
 -0.890649808240849       0.489516131849747     
 -0.869813983008077       0.523104342795378     
 -0.847643842798908       0.555827211413989     
 -0.824180575469355       0.587635670886106     
 -0.799467110878523       0.618482866278846     
 -0.773547961330775       0.648324184707361     
 -0.746469066676710       0.677117271889391     
 -0.718277645356192       0.704822036226737     
 -0.689022052464158       0.731400641645203     
 -0.658751645716962       0.756817490490146     
 -0.627516659997986       0.781039197810047     
 -0.595368090970583       0.804034558368943     
 -0.562357588067206       0.825774507713416     
 -0.528537356998031       0.846232078584388     
 -0.493960071772316       0.865382353912554     
 -0.458678796091717       0.883202417571495     
 -0.422746913857183       0.899671303988505     
 -0.386218068429297       0.914769947632037     
 -0.349146110195638       0.928481133309829     
 -0.311585051926368       0.940789448124642     
 -0.273589031339991       0.951681235847677     
 -0.235212280253207       0.961144554383716     
 -0.196509099650925       0.969169136918723     
 -0.157533839982995       0.975746357259946     
 -0.118340885971948       0.980869199801557     
 -7.898464519943393E-002  0.984532234474891     
 -3.951953972718489E-002  0.986731596972157     
 -3.910921630638703E-015  0.987464974464732     
  3.951953972717699E-002  0.986731596972158     
  7.898464519942593E-002  0.984532234474887     
  0.118340885971940       0.980869199801555     
  0.157533839982988       0.975746357259949     
  0.196509099650917       0.969169136918722     
  0.235212280253199       0.961144554383714     
  0.273589031339982       0.951681235847671     
  0.311585051926358       0.940789448124632     
  0.349146110195628       0.928481133309818     
  0.386218068429289       0.914769947632032     
  0.422746913857175       0.899671303988500     
  0.458678796091710       0.883202417571490     
  0.493960071772304       0.865382353912542     
  0.528537356998025       0.846232078584386     
  0.562357588067197       0.825774507713410     
  0.595368090970573       0.804034558368937     
  0.627516659997975       0.781039197810038     
  0.658751645716955       0.756817490490143     
  0.689022052464152       0.731400641645201     
  0.718277645356183       0.704822036226732     
  0.746469066676702       0.677117271889388     
  0.773547961330767       0.648324184707357     
  0.799467110878516       0.618482866278843     
  0.824180575469349       0.587635670886104     
  0.847643842798903       0.555827211413988     
  0.869813983008073       0.523104342795377     
  0.890649808240844       0.489516131849746     
  0.910112035381987       0.455113812513135     
  0.928163450312352       0.419950725624381     
  0.944769071855948       0.384082242633120     
  0.959896313455677       0.347565672827724     
  0.973515140510346       0.310460153942422     
  0.985598221240442       0.272826526287457     
  0.996121068928599       0.234727190847596     
   1.00506217340624       0.196225952105339     
   1.01240311971389       0.157387846654222     
   1.01812869199710       0.118278958978718     
   1.02222696004868       7.896622599561483E-002
   1.02468934696687       3.951723245467411E-002
   1.02551070227267        0.00000000000000     
  -1.05353997043094        0.00000000000000     
  -1.05266021605757       3.981831687659210E-002
  -1.05002331917119       7.955896995519408E-002
  -1.04563657305155       0.119144700252470     
  -1.03951208417009       0.158499058092732     
  -1.03166661411563       0.197546786532049     
  -1.02212141300009       0.236214184353186     
  -1.01090200907197       0.274429441255815     
 -0.998037961643651       0.312122940013735     
 -0.983562584615263       0.349227521756394     
 -0.967512647234780       0.385678711647610     
 -0.949928058871275       0.421414903452249     
 -0.930851544455450       0.456377502640802     
 -0.910328316930914       0.490511028751576     
 -0.888405752572314       0.523763178670055     
 -0.865133074402921       0.556084853270269     
 -0.840561048227021       0.587430150480055     
 -0.814741695023239       0.617756328278222     
 -0.787728022662322       0.647023741413617     
 -0.759573779149423       0.675195755767403     
 -0.730333228873357       0.702238644280013     
 -0.700060952692610       0.728121468254536     
 -0.668811672113256       0.752815947652341     
 -0.636640097323839       0.776296323736878     
 -0.603600798448514       0.798539217119033     
 -0.569748099059687       0.819523483930926     
 -0.535135990749486       0.839230072520361     
 -0.499818067387959       0.857641882728439     
 -0.463847477585947       0.874743629497821     
 -0.427276893822647       0.890521712266351     
 -0.390158496682431       0.904964091334567     
 -0.352543972663574       0.918060172159429     
 -0.314484524064745       0.929800698320775     
 -0.276030889515992       0.940177653731921     
 -0.237233373792985       0.949184174519717     
 -0.198141885630833       0.956814470880411     
 -0.158805982332368       0.963063759123778     
 -0.119274920041316       0.967928204045434     
 -7.959770862043686E-002  0.971404871714256     
 -3.982317013588263E-002  0.973491692724447     
  8.634305210680074E-017  0.974187435937386     
  3.982317013588310E-002  0.973491692724448     
  7.959770862043752E-002  0.971404871714264     
  0.119274920041316       0.967928204045434     
  0.158805982332367       0.963063759123774     
  0.198141885630832       0.956814470880409     
  0.237233373792984       0.949184174519711     
  0.276030889515991       0.940177653731919     
  0.314484524064744       0.929800698320769     
  0.352543972663574       0.918060172159427     
  0.390158496682432       0.904964091334568     
  0.427276893822647       0.890521712266349     
  0.463847477585947       0.874743629497820     
  0.499818067387959       0.857641882728437     
  0.535135990749488       0.839230072520364     
  0.569748099059690       0.819523483930931     
  0.603600798448515       0.798539217119034     
  0.636640097323839       0.776296323736877     
  0.668811672113258       0.752815947652344     
  0.700060952692611       0.728121468254537     
  0.730333228873358       0.702238644280014     
  0.759573779149424       0.675195755767404     
  0.787728022662319       0.647023741413614     
  0.814741695023238       0.617756328278222     
  0.840561048227021       0.587430150480054     
  0.865133074402923       0.556084853270270     
  0.888405752572315       0.523763178670056     
  0.910328316930914       0.490511028751576     
  0.930851544455450       0.456377502640802     
  0.949928058871276       0.421414903452249     
  0.967512647234780       0.385678711647610     
  0.983562584615263       0.349227521756394     
  0.998037961643652       0.312122940013736     
   1.01090200907197       0.274429441255814     
   1.02212141300009       0.236214184353186     
   1.03166661411563       0.197546786532049     
   1.03951208417009       0.158499058092732     
   1.04563657305155       0.119144700252470     
   1.05002331917119       7.955896995519370E-002
   1.05266021605756       3.981831687659175E-002
   1.05353997043094        0.00000000000000     
  -1.08440281679245        0.00000000000000     
  -1.08345495273092       4.017058043813278E-002
  -1.08061466267600       8.025184199653969E-002
  -1.07589215296535       0.120155154321249     
  -1.06930430704314       0.159793256658023     
  -1.06087438144532       0.199080893418700     
  -1.05063166648104       0.237935400215751     
  -1.03861106481604       0.276277224909730     
  -1.02485260657847       0.314030373537274     
  -1.00940091856696       0.351122774698265     
 -0.992304664134027       0.387486559342270     
 -0.973615969810020       0.423058256180175     
 -0.953389853521362       0.457778905841265     
 -0.931683667547022       0.491594099293324     
 -0.908556567292691       0.524453947869019     
 -0.884069014715984       0.556312993480436     
 -0.858282322963057       0.587130068283633     
 -0.831258246605669       0.616868113238780     
 -0.803058619894089       0.645493964782158     
 -0.773745043728367       0.672978118277158     
 -0.743378620631052       0.699294476135513     
 -0.712019735885501       0.724420087583169     
 -0.679727882173319       0.748334886062058     
 -0.646561524475772       0.771021429269540     
 -0.612578001663263       0.792464645887844     
 -0.577833461045559       0.812651592177808     
 -0.542382822155688       0.831571220825955     
 -0.506279766155781       0.849214163750967     
 -0.469576747451427       0.865572529998099     
 -0.432325024354606       0.880639719374973     
 -0.394574705921015       0.894410252102789     
 -0.356374812387216       0.906879614464456     
 -0.317773346932315       0.918044120214645     
 -0.278817376777542       0.927900787366753     
 -0.239553121907597       0.936447229877475     
 -0.200026049944869       0.943681563701546     
 -0.160280975928846       0.949602326679565     
 -0.120362165946286       0.954208411742342     
 -8.031344372246581E-002  0.957499012960045     
 -4.017829942002733E-002  0.959473584027747     
 -7.206469271375213E-015  0.960131808856615     
  4.017829942001312E-002  0.959473584027745     
  8.031344372245158E-002  0.957499012960044     
  0.120362165946271       0.954208411742337     
  0.160280975928830       0.949602326679556     
  0.200026049944855       0.943681563701547     
  0.239553121907584       0.936447229877478     
  0.278817376777528       0.927900787366752     
  0.317773346932300       0.918044120214638     
  0.356374812387201       0.906879614464450     
  0.394574705920998       0.894410252102779     
  0.432325024354590       0.880639719374966     
  0.469576747451414       0.865572529998100     
  0.506279766155767       0.849214163750965     
  0.542382822155672       0.831571220825951     
  0.577833461045544       0.812651592177806     
  0.612578001663251       0.792464645887845     
  0.646561524475756       0.771021429269536     
  0.679727882173304       0.748334886062054     
  0.712019735885489       0.724420087583170     
  0.743378620631037       0.699294476135510     
  0.773745043728352       0.672978118277155     
  0.803058619894072       0.645493964782153     
  0.831258246605654       0.616868113238777     
  0.858282322963041       0.587130068283629     
  0.884069014715968       0.556312993480432     
  0.908556567292678       0.524453947869018     
  0.931683667547010       0.491594099293324     
  0.953389853521349       0.457778905841264     
  0.973615969810008       0.423058256180175     
  0.992304664134014       0.387486559342270     
   1.00940091856695       0.351122774698265     
   1.02485260657846       0.314030373537274     
   1.03861106481603       0.276277224909729     
   1.05063166648103       0.237935400215751     
   1.06087438144531       0.199080893418700     
   1.06930430704313       0.159793256658023     
   1.07589215296534       0.120155154321250     
   1.08061466267599       8.025184199653951E-002
   1.08345495273091       4.017058043813244E-002
   1.08440281679244        0.00000000000000     
  -1.11855272508799        0.00000000000000     
  -1.11752463761145       4.058398710271229E-002
  -1.11444497405246       8.106403232772857E-002
  -1.10932796794918       0.121337318281257     
  -1.10219707107775       0.161303252554837     
  -1.09308439794180       0.200864474945115     
  -1.08203008716327       0.239927757026173     
  -1.06908152390749       0.278404765072745     
  -1.05429246532372       0.316212669646777     
  -1.03772210761131       0.353274594353052     
  -1.01943413041213       0.389519904532500     
 -0.999495750972253       0.424884343958435     
 -0.977976815760956       0.459310033334449     
 -0.954948951642132       0.492745348402263     
 -0.930484792798771       0.525144697760360     
 -0.904657293903678       0.556468221241566     
 -0.877539134869161       0.586681429171321     
 -0.849202218126061       0.615754801346866     
 -0.819717255885857       0.643663362460352     
 -0.789153442238238       0.670386248224827     
 -0.757578203167267       0.695906273888996     
 -0.725057016524913       0.720209514326109     
 -0.691653293551428       0.743284902578047     
 -0.657428313544974       0.765123851703147     
 -0.622441203632872       0.785719903050070     
 -0.586748956174622       0.805068402664737     
 -0.550406477041931       0.823166206417372     
 -0.513466658802219       0.840011413583164     
 -0.475980473626385       0.855603127988407     
 -0.437997081511200       0.869941245406803     
 -0.399563950127148       0.883026265622886     
 -0.360726983258833       0.894859127438261     
 -0.321530655390402       0.905441064853132     
 -0.282018150501005       0.914773482686756     
 -0.242231503577030       0.922857849985547     
 -0.202211743723127       0.929695609691705     
 -0.161999038068154       0.935288103195453     
 -0.121632835921263       0.939636508561741     
 -8.115201284309698E-002  0.942741791400629     
 -4.059501446299851E-002  0.944604667534535     
 -6.031958105907481E-015  0.945225576803114     
  4.059501446298643E-002  0.944604667534542     
  8.115201284308465E-002  0.942741791400635     
  0.121632835921251       0.939636508561753     
  0.161999038068141       0.935288103195458     
  0.202211743723114       0.929695609691711     
  0.242231503577018       0.922857849985550     
  0.282018150500992       0.914773482686758     
  0.321530655390390       0.905441064853137     
  0.360726983258820       0.894859127438264     
  0.399563950127135       0.883026265622889     
  0.437997081511186       0.869941245406801     
  0.475980473626371       0.855603127988408     
  0.513466658802206       0.840011413583166     
  0.550406477041915       0.823166206417371     
  0.586748956174607       0.805068402664738     
  0.622441203632857       0.785719903050068     
  0.657428313544958       0.765123851703144     
  0.691653293551413       0.743284902578045     
  0.725057016524898       0.720209514326108     
  0.757578203167252       0.695906273888995     
  0.789153442238222       0.670386248224825     
  0.819717255885840       0.643663362460348     
  0.849202218126043       0.615754801346860     
  0.877539134869147       0.586681429171320     
  0.904657293903665       0.556468221241566     
  0.930484792798758       0.525144697760360     
  0.954948951642117       0.492745348402262     
  0.977976815760942       0.459310033334448     
  0.999495750972240       0.424884343958435     
   1.01943413041212       0.389519904532499     
   1.03772210761129       0.353274594353050     
   1.05429246532370       0.316212669646775     
   1.06908152390748       0.278404765072745     
   1.08203008716326       0.239927757026172     
   1.09308439794178       0.200864474945114     
   1.10219707107774       0.161303252554837     
   1.10932796794917       0.121337318281256     
   1.11444497405244       8.106403232772839E-002
   1.11752463761144       4.058398710271243E-002
   1.11855272508797        0.00000000000000     
  -1.15652014680444        0.00000000000000     
  -1.15539657642659       4.107058553992093E-002
  -1.15203229556813       8.201859448460307E-002
  -1.14644720907190       0.122723257443437     
  -1.13867395694280       0.163067359034639     
  -1.12875692106085       0.202938797632060     
  -1.11675106742196       0.242231922800222     
  -1.10272056929169       0.280848600099746     
  -1.08673730003267       0.318698980613672     
  -1.06887927505703       0.355701973771862     
  -1.04922911272303       0.391785439940891     
  -1.02787257235705       0.426886133128937     
  -1.00489721361587       0.460949433174618     
 -0.980391206986813       0.493928911116115     
 -0.954442311745682       0.525785771719796     
 -0.927137026131231       0.556488214339300     
 -0.898559905349759       0.586010748408626     
 -0.868793036402463       0.614333493900748     
 -0.837915654454525       0.641441490788760     
 -0.806003883191119       0.667324035501878     
 -0.773130580910401       0.691974056942023     
 -0.739365274563916       0.715387540012386     
 -0.704774165189488       0.737563000868631     
 -0.669420189875027       0.758501015206464     
 -0.633363127299304       0.778203798760735     
 -0.596659735841309       0.796674837699306     
 -0.559363915114374       0.813918565629692     
 -0.521526883492593       0.829940083384347     
 -0.483197365717868       0.844744917510064     
 -0.444421785993234       0.858338813372664     
 -0.405244463085959       0.870727558931009     
 -0.365707804895825       0.881916835479626     
 -0.325852500709405       0.891912091966563     
 -0.285717709981304       0.900718439832239     
 -0.245341246979608       0.908340565664983     
 -0.204759761025320       0.914782659316025     
 -0.164008912362440       0.920048355451905     
 -0.123123543932236       0.924140686841153     
 -8.213784950556212E-002  0.927062047972837     
 -4.108553876169924E-002  0.928814167887379     
 -8.826273045769994E-015  0.929398091367114     
  4.108553876168129E-002  0.928814167887381     
  8.213784950554444E-002  0.927062047972842     
  0.123123543932219       0.924140686841156     
  0.164008912362423       0.920048355451907     
  0.204759761025302       0.914782659316023     
  0.245341246979589       0.908340565664982     
  0.285717709981285       0.900718439832237     
  0.325852500709385       0.891912091966558     
  0.365707804895806       0.881916835479621     
  0.405244463085941       0.870727558931006     
  0.444421785993214       0.858338813372658     
  0.483197365717848       0.844744917510058     
  0.521526883492574       0.829940083384343     
  0.559363915114355       0.813918565629687     
  0.596659735841293       0.796674837699307     
  0.633363127299287       0.778203798760737     
  0.669420189875010       0.758501015206463     
  0.704774165189469       0.737563000868628     
  0.739365274563896       0.715387540012381     
  0.773130580910384       0.691974056942022     
  0.806003883191100       0.667324035501875     
  0.837915654454506       0.641441490788756     
  0.868793036402442       0.614333493900743     
  0.898559905349741       0.586010748408623     
  0.927137026131213       0.556488214339297     
  0.954442311745663       0.525785771719792     
  0.980391206986797       0.493928911116114     
   1.00489721361585       0.460949433174618     
   1.02787257235703       0.426886133128936     
   1.04922911272302       0.391785439940891     
   1.06887927505702       0.355701973771862     
   1.08673730003266       0.318698980613671     
   1.10272056929168       0.280848600099746     
   1.11675106742194       0.242231922800222     
   1.12875692106083       0.202938797632059     
   1.13867395694278       0.163067359034639     
   1.14644720907189       0.122723257443437     
   1.15203229556811       8.201859448460350E-002
   1.15539657642658       4.107058553992179E-002
   1.15652014680443        0.00000000000000     
  -1.19891045970629        0.00000000000000     
  -1.19767202337273       4.164468652726313E-002
  -1.19396578533505       8.314265640000870E-002
  -1.18781979739982       0.124350092842112     
  -1.17927978846300       0.165128839390097     
  -1.16840739786730       0.205348786806126     
  -1.15527811177491       0.244889811534083     
  -1.13997887839724       0.283643185426697     
  -1.12260558327599       0.321512437639460     
  -1.10326053959992       0.358413695586860     
  -1.08205011895060       0.394275566430762     
  -1.05908261448914       0.429038642440240     
  -1.03446639396476       0.462654722659387     
  -1.00830836848743       0.495085841856550     
 -0.980712777356666       0.526303188741568     
 -0.951780270449289       0.556285982079179     
 -0.921607257578034       0.585020358300626     
 -0.890285487907669       0.612498309523096     
 -0.857901820672640       0.638716697793129     
 -0.824538149754143       0.663676360507628     
 -0.790271447969069       0.687381313497087     
 -0.755173901258681       0.709838052038463     
 -0.719313107654514       0.731054945793451     
 -0.682752320484072       0.751041720972595     
 -0.645550719484240       0.769809021540010     
 -0.607763697177773       0.787368040671157     
 -0.569443150992227       0.803730213684249     
 -0.530637774176512       0.818906964071721     
 -0.491393340645311       0.832909494899813     
 -0.451752980520401       0.845748618606434     
 -0.411757444408594       0.857434619030045     
 -0.371445355424281       0.867977140293098     
 -0.330853448689708       0.877385097910689     
 -0.290016798579594       0.885666608181338     
 -0.248969034361618       0.892828932535039     
 -0.207742545156095       0.898878434062901     
 -0.166368675325362       0.903820543936951     
 -0.124877911528637       0.907659735853793     
 -8.330006275894683E-002  0.910399507009216     
 -4.166443472872326E-002  0.912042364440715     
 -6.975230576648735E-015  0.912589815869477     
  4.166443472870950E-002  0.912042364440712     
  8.330006275893381E-002  0.910399507009217     
  0.124877911528624       0.907659735853796     
  0.166368675325349       0.903820543936954     
  0.207742545156082       0.898878434062907     
  0.248969034361605       0.892828932535046     
  0.290016798579580       0.885666608181336     
  0.330853448689694       0.877385097910689     
  0.371445355424268       0.867977140293101     
  0.411757444408580       0.857434619030047     
  0.451752980520386       0.845748618606434     
  0.491393340645296       0.832909494899809     
  0.530637774176496       0.818906964071714     
  0.569443150992211       0.803730213684243     
  0.607763697177758       0.787368040671155     
  0.645550719484225       0.769809021540008     
  0.682752320484055       0.751041720972588     
  0.719313107654501       0.731054945793451     
  0.755173901258670       0.709838052038465     
  0.790271447969059       0.687381313497091     
  0.824538149754131       0.663676360507630     
  0.857901820672628       0.638716697793131     
  0.890285487907659       0.612498309523100     
  0.921607257578025       0.585020358300631     
  0.951780270449278       0.556285982079183     
  0.980712777356652       0.526303188741569     
   1.00830836848742       0.495085841856550     
   1.03446639396475       0.462654722659386     
   1.05908261448912       0.429038642440238     
   1.08205011895059       0.394275566430761     
   1.10326053959991       0.358413695586861     
   1.12260558327597       0.321512437639459     
   1.13997887839723       0.283643185426696     
   1.15527811177489       0.244889811534082     
   1.16840739786728       0.205348786806126     
   1.17927978846299       0.165128839390097     
   1.18781979739980       0.124350092842112     
   1.19396578533503       8.314265640000834E-002
   1.19767202337271       4.164468652726253E-002
   1.19891045970628        0.00000000000000     
  -1.24638450781425        0.00000000000000     
  -1.24500644433648       4.232272638428819E-002
  -1.24088521622555       8.446693782179970E-002
  -1.23406082249984       0.126258810066371     
  -1.22459798240866       0.167533588628859     
  -1.21258297876204       0.208139216725471     
  -1.19812000172211       0.247939066488961     
  -1.18132707166012       0.286813662079780     
  -1.16233190123921       0.324661416443335     
  -1.14126798246877       0.361398496368080     
  -1.11827110184047       0.396957987967746     
  -1.09347640328684       0.431288557765762     
  -1.06701604392219       0.464352798935433     
  -1.03901742935783       0.496125427546519     
  -1.00960197612965       0.526591459388601     
 -0.978884326961520       0.555744461732368     
 -0.946971936649095       0.583584941308485     
 -0.913964948125577       0.610118902464672     
 -0.879956285958874       0.635356588698572     
 -0.845031905117602       0.659311406181853     
 -0.809271144219204       0.681999018517940     
 -0.772747143316253       0.703436596647921     
 -0.735527295878026       0.723642205422483     
 -0.697673712699848       0.742634307947680     
 -0.659243682004540       0.760431369649376     
 -0.620290115118405       0.777051545542541     
 -0.580861971006272       0.792512436061028     
 -0.541004655850410       0.806830898753633     
 -0.500760395960567       0.820022905032722     
 -0.460168583786039       0.832103432888475     
 -0.419266097815308       0.843086388016134     
 -0.378087597815666       0.852984547135421     
 -0.336665797279564       0.861809518417565     
 -0.295031715179739       0.869571714892650     
 -0.253214909246961       0.876280337508758     
 -0.211243693014150       0.881943365176900     
 -0.169145338849086       0.886567549682924     
 -0.126946269147198       0.890158413799580     
 -8.467223779187177E-002  0.892720251306142     
 -4.234850392372402E-002  0.894256127935321     
 -3.018418848199644E-015  0.894767882531779     
  4.234850392371776E-002  0.894256127935324     
  8.467223779186608E-002  0.892720251306146     
  0.126946269147191       0.890158413799583     
  0.169145338849080       0.886567549682922     
  0.211243693014144       0.881943365176906     
  0.253214909246955       0.876280337508765     
  0.295031715179733       0.869571714892655     
  0.336665797279558       0.861809518417570     
  0.378087597815660       0.852984547135425     
  0.419266097815302       0.843086388016138     
  0.460168583786032       0.832103432888478     
  0.500760395960560       0.820022905032722     
  0.541004655850401       0.806830898753629     
  0.580861971006263       0.792512436061024     
  0.620290115118395       0.777051545542536     
  0.659243682004532       0.760431369649374     
  0.697673712699841       0.742634307947681     
  0.735527295878020       0.723642205422484     
  0.772747143316248       0.703436596647925     
  0.809271144219198       0.681999018517943     
  0.845031905117595       0.659311406181852     
  0.879956285958868       0.635356588698573     
  0.913964948125569       0.610118902464671     
  0.946971936649089       0.583584941308485     
  0.978884326961513       0.555744461732368     
   1.00960197612964       0.526591459388601     
   1.03901742935783       0.496125427546519     
   1.06701604392218       0.464352798935432     
   1.09347640328683       0.431288557765761     
   1.11827110184046       0.396957987967745     
   1.14126798246876       0.361398496368080     
   1.16233190123921       0.324661416443336     
   1.18132707166011       0.286813662079781     
   1.19812000172211       0.247939066488963     
   1.21258297876204       0.208139216725472     
   1.22459798240866       0.167533588628859     
   1.23406082249984       0.126258810066370     
   1.24088521622554       8.446693782179999E-002
   1.24500644433647       4.232272638428815E-002
   1.24638450781424        0.00000000000000     
  -1.29961043465528        0.00000000000000     
  -1.29806106304256       4.312252054597659E-002
  -1.29343177126989       8.602396204122233E-002
  -1.28578043706787       0.128490943775018     
  -1.27519980842549       0.170324789759456     
  -1.26181180493240       0.211347003807743     
  -1.24576104647908       0.251402954576300     
  -1.22720795666557       0.290363665622111     
  -1.20632213458047       0.328125887712064     
  -1.18327648216176       0.364610799768820     
  -1.15824236381352       0.399761754469753     
  -1.13138589080540       0.433541473406718     
  -1.10286528462022       0.465929033179002     
  -1.07282918765226       0.496916897529633     
  -1.04141574988593       0.526508163915676     
  -1.00875231411044       0.554714118809808     
 -0.974955536993238       0.581552139746820     
 -0.940131808394883       0.607043943595291     
 -0.904377859307301       0.631214156971044     
 -0.867781475327494       0.654089172437810     
 -0.830422255461865       0.675696249646191     
 -0.792372374582379       0.696062820965071     
 -0.753697322159254       0.715215964327437     
 -0.714456600518106       0.733182010486062     
 -0.674704373491653       0.749986256726884     
 -0.634490061622775       0.765652763777452     
 -0.593858883609147       0.780204216892917     
 -0.552852345935862       0.793661835787324     
 -0.511508683992877       0.806045321185456     
 -0.469863258699273       0.817372828336508     
 -0.427948912962665       0.827660959916717     
 -0.385796292337616       0.836924772422838     
 -0.343434134116537       0.845177791490460     
 -0.300889528862389       0.852432032622604     
 -0.258188158123565       0.858698024638413     
 -0.215354511790312       0.863984833795379     
 -0.172412088279681       0.868300087038648     
 -0.129383580485608       0.871649993218994     
 -8.629105021001732E-002  0.874039361422068     
 -4.315609360426084E-002  0.875471615786180     
 -1.578091128281375E-015  0.875948806370706     
  4.315609360425787E-002  0.875471615786179     
  8.629105021001408E-002  0.874039361422069     
  0.129383580485605       0.871649993218996     
  0.172412088279678       0.868300087038651     
  0.215354511790309       0.863984833795381     
  0.258188158123562       0.858698024638411     
  0.300889528862386       0.852432032622610     
  0.343434134116534       0.845177791490463     
  0.385796292337612       0.836924772422841     
  0.427948912962661       0.827660959916719     
  0.469863258699268       0.817372828336505     
  0.511508683992872       0.806045321185453     
  0.552852345935858       0.793661835787321     
  0.593858883609143       0.780204216892915     
  0.634490061622771       0.765652763777451     
  0.674704373491648       0.749986256726881     
  0.714456600518101       0.733182010486059     
  0.753697322159250       0.715215964327435     
  0.792372374582374       0.696062820965067     
  0.830422255461859       0.675696249646187     
  0.867781475327489       0.654089172437807     
  0.904377859307297       0.631214156971043     
  0.940131808394881       0.607043943595291     
  0.974955536993236       0.581552139746820     
   1.00875231411044       0.554714118809809     
   1.04141574988593       0.526508163915677     
   1.07282918765226       0.496916897529634     
   1.10286528462022       0.465929033179003     
   1.13138589080539       0.433541473406718     
   1.15824236381352       0.399761754469755     
   1.18327648216176       0.364610799768821     
   1.20632213458046       0.328125887712064     
   1.22720795666557       0.290363665622111     
   1.24576104647908       0.251402954576300     
   1.26181180493239       0.211347003807742     
   1.27519980842549       0.170324789759456     
   1.28578043706787       0.128490943775018     
   1.29343177126989       8.602396204122198E-002
   1.29806106304256       4.312252054597635E-002
   1.29961043465528        0.00000000000000     
  -1.35916805728940        0.00000000000000     
  -1.35740703936210       4.406142350022975E-002
  -1.35215181540097       8.784399051844163E-002
  -1.34348750651516       0.131081711808853     
  -1.33154880569678       0.173532785926919     
  -1.31650956633874       0.214987747105213     
  -1.29857136239190       0.255274043995131     
  -1.27795199095663       0.294257125140922     
  -1.25487518653245       0.331838674957682     
  -1.22956227078211       0.367952894411347     
  -1.20222597674164       0.402561721487960     
  -1.17306633570973       0.435649731178612     
  -1.14226831296671       0.467219236581456     
  -1.11000080255357       0.497285901446634     
  -1.07641660006901       0.525875005815351     
  -1.04165302624877       0.553018389884937     
  -1.00583294385449       0.578752031278909     
 -0.969065978593869       0.603114176057014     
 -0.931449812989540       0.626143932314586     
 -0.893071467742809       0.647880237544331     
 -0.854008518790324       0.668361120294250     
 -0.814330221872454       0.687623188725234     
 -0.774098532280307       0.705701290947679     
 -0.733369017592477       0.722628303219815     
 -0.692191667343264       0.738435011697371     
 -0.650611606970924       0.753150061337926     
 -0.608669725016393       0.766799951903954     
 -0.566403223039259       0.779409065987859     
 -0.523846097538293       0.790999717833850     
 -0.481029562607334       0.801592214675685     
 -0.437982421316433       0.811204924537919     
 -0.394731393004020       0.819854346121270     
 -0.351301402870742       0.827555177638508     
 -0.307715839521050       0.834320382387609     
 -0.263996785425561       0.840161249523155     
 -0.220165224684498       0.845087448975555     
 -0.176241231961609       0.849107079817660     
 -0.132244146026190       0.852226711624871     
 -8.819273098364834E-002  0.854451418544916     
 -4.410532798722389E-002  0.855784805907641     
  1.969150853726162E-015  0.856229029278806     
  4.410532798722814E-002  0.855784805907641     
  8.819273098365220E-002  0.854451418544915     
  0.132244146026194       0.852226711624868     
  0.176241231961613       0.849107079817658     
  0.220165224684502       0.845087448975551     
  0.263996785425565       0.840161249523154     
  0.307715839521054       0.834320382387611     
  0.351301402870746       0.827555177638507     
  0.394731393004025       0.819854346121274     
  0.437982421316437       0.811204924537917     
  0.481029562607338       0.801592214675684     
  0.523846097538298       0.790999717833853     
  0.566403223039263       0.779409065987859     
  0.608669725016397       0.766799951903955     
  0.650611606970928       0.753150061337927     
  0.692191667343267       0.738435011697369     
  0.733369017592480       0.722628303219814     
  0.774098532280309       0.705701290947675     
  0.814330221872456       0.687623188725230     
  0.854008518790327       0.668361120294248     
  0.893071467742812       0.647880237544330     
  0.931449812989543       0.626143932314585     
  0.969065978593874       0.603114176057015     
   1.00583294385450       0.578752031278910     
   1.04165302624877       0.553018389884936     
   1.07641660006902       0.525875005815352     
   1.11000080255357       0.497285901446634     
   1.14226831296672       0.467219236581456     
   1.17306633570973       0.435649731178612     
   1.20222597674164       0.402561721487960     
   1.22956227078211       0.367952894411348     
   1.25487518653245       0.331838674957681     
   1.27795199095663       0.294257125140920     
   1.29857136239191       0.255274043995129     
   1.31650956633874       0.214987747105213     
   1.33154880569678       0.173532785926919     
   1.34348750651517       0.131081711808853     
   1.35215181540097       8.784399051844145E-002
   1.35740703936211       4.406142350022989E-002
   1.35916805728941        0.00000000000000     
  -1.42540056524158        0.00000000000000     
  -1.42337722581471       4.515306425312261E-002
  -1.41734910602919       8.994805236628911E-002
  -1.40744340180481       0.134048806329232     
  -1.39385806129400       0.177159507160272     
  -1.37684258746621       0.219036433070780     
  -1.35667795710793       0.259492654057210     
  -1.33365793384305       0.298396505732307     
  -1.30807388575840       0.335665710538823     
  -1.28020388334042       0.371259194482555     
  -1.25030587723399       0.405168295040679     
  -1.21861422840641       0.437408498359395     
  -1.18533869993039       0.468012311495622     
  -1.15066508248471       0.497023477917917     
  -1.11475678936749       0.524492497956584     
  -1.07775693926584       0.550473291212677     
  -1.03979060483592       0.575020794562038     
  -1.00096702838135       0.598189292396842     
 -0.961381693222136       0.620031300726516     
 -0.921118197244479       0.640596858943716     
 -0.880249911272427       0.659933114634116     
 -0.838841426028139       0.678084114313628     
 -0.796949802723011       0.695090735392284     
 -0.754625647434393       0.710990712178023     
 -0.711914030864003       0.725818722031302     
 -0.668855274459576       0.739606507672566     
 -0.625485622220804       0.752383018888418     
 -0.581837815412504       0.764174562122331     
 -0.537941585222366       0.775004950185455     
 -0.493824076317109       0.784895646979661     
 -0.449510212361031       0.793865903986983     
 -0.405023012899611       0.801932886568831     
 -0.360383869580820       0.809111788997108     
 -0.315612788474212       0.815415937725615     
 -0.270728604231794       0.820856882789192     
 -0.225749170991385       0.825444477450648     
 -0.180691534230260       0.829186946346008     
 -0.135572087213518       0.832090942437388     
 -9.040671523001016E-002  0.834161593092428     
 -4.521093045391039E-002  0.835402535585052     
  2.026157019940911E-015  0.835815942265403     
  4.521093045391426E-002  0.835402535585052     
  9.040671523001424E-002  0.834161593092428     
  0.135572087213523       0.832090942437388     
  0.180691534230265       0.829186946346008     
  0.225749170991390       0.825444477450648     
  0.270728604231800       0.820856882789193     
  0.315612788474217       0.815415937725617     
  0.360383869580825       0.809111788997108     
  0.405023012899616       0.801932886568833     
  0.449510212361036       0.793865903986986     
  0.493824076317115       0.784895646979664     
  0.537941585222371       0.775004950185459     
  0.581837815412509       0.764174562122334     
  0.625485622220809       0.752383018888420     
  0.668855274459580       0.739606507672566     
  0.711914030864008       0.725818722031302     
  0.754625647434397       0.710990712178019     
  0.796949802723014       0.695090735392280     
  0.838841426028142       0.678084114313623     
  0.880249911272429       0.659933114634111     
  0.921118197244483       0.640596858943712     
  0.961381693222140       0.620031300726513     
   1.00096702838136       0.598189292396839     
   1.03979060483593       0.575020794562037     
   1.07775693926584       0.550473291212676     
   1.11475678936749       0.524492497956583     
   1.15066508248472       0.497023477917916     
   1.18533869993039       0.468012311495621     
   1.21861422840642       0.437408498359396     
   1.25030587723399       0.405168295040679     
   1.28020388334043       0.371259194482554     
   1.30807388575840       0.335665710538823     
   1.33365793384306       0.298396505732307     
   1.35667795710794       0.259492654057210     
   1.37684258746622       0.219036433070781     
   1.39385806129401       0.177159507160273     
   1.40744340180481       0.134048806329232     
   1.41734910602920       8.994805236628958E-002
   1.42337722581471       4.515306425312222E-002
   1.42540056524159        0.00000000000000     
  -1.49823749967884        0.00000000000000     
  -1.49588965251057       4.640291550922106E-002
  -1.48891020045142       9.233869064770872E-002
  -1.47749170888075       0.137378126042873     
  -1.46192735965482       0.181159923130069     
  -1.44257550563933       0.223406580724655     
  -1.41982508696050       0.263926609654169     
  -1.39406657801174       0.302606343122790     
  -1.36567133640334       0.339396052609106     
  -1.33497931327251       0.374294495376246     
  -1.30229350066149       0.407334591467506     
  -1.26787905404287       0.438571530012185     
  -1.23196524711006       0.468073615958901     
  -1.19474888072078       0.495915623127614     
  -1.15639823429174       0.522174199323057     
  -1.11705701708734       0.546924838504225     
  -1.07684803282825       0.570239992718186     
  -1.03587643271537       0.592187982574107     
 -0.994232526077148       0.612832449548188     
 -0.951994167875923       0.632232164565471     
 -0.909228765500406       0.650441062577231     
 -0.865994955122763       0.667508413743132     
 -0.822343997587958       0.683479071118478     
 -0.778320939584029       0.698393755256128     
 -0.733965580115987       0.712289350246095     
 -0.689313276351096       0.725199195288277     
 -0.644395617344681       0.737153362298385     
 -0.599240989252750       0.748178914270573     
 -0.553875051455573       0.758300141856891     
 -0.508321139522898       0.767538777355732     
 -0.462600608072767       0.775914186360530     
 -0.416733124225112       0.783443537932444     
 -0.370736920443293       0.790141954479762     
 -0.324629014015012       0.796022642656018     
 -0.278425399182649       0.801097006597168     
 -0.232141216937024       0.805374744751621     
 -0.185790906693024       0.808863931445684     
 -0.139388343434003       0.811571084190316     
 -9.294696341578318E-002  0.813501217585238     
 -4.647988113766768E-002  0.814657884521013     
  5.176415295564808E-016  0.815043205222573     
  4.647988113766859E-002  0.814657884521017     
  9.294696341578394E-002  0.813501217585239     
  0.139388343434004       0.811571084190317     
  0.185790906693025       0.808863931445685     
  0.232141216937025       0.805374744751618     
  0.278425399182650       0.801097006597168     
  0.324629014015013       0.796022642656015     
  0.370736920443294       0.790141954479758     
  0.416733124225113       0.783443537932441     
  0.462600608072769       0.775914186360529     
  0.508321139522899       0.767538777355729     
  0.553875051455574       0.758300141856888     
  0.599240989252750       0.748178914270569     
  0.644395617344681       0.737153362298381     
  0.689313276351095       0.725199195288272     
  0.733965580115987       0.712289350246091     
  0.778320939584030       0.698393755256126     
  0.822343997587959       0.683479071118476     
  0.865994955122764       0.667508413743129     
  0.909228765500407       0.650441062577229     
  0.951994167875924       0.632232164565470     
  0.994232526077149       0.612832449548186     
   1.03587643271538       0.592187982574106     
   1.07684803282825       0.570239992718185     
   1.11705701708734       0.546924838504221     
   1.15639823429174       0.522174199323055     
   1.19474888072078       0.495915623127614     
   1.23196524711006       0.468073615958900     
   1.26787905404287       0.438571530012185     
   1.30229350066149       0.407334591467506     
   1.33497931327252       0.374294495376245     
   1.36567133640334       0.339396052609106     
   1.39406657801174       0.302606343122791     
   1.41982508696050       0.263926609654170     
   1.44257550563934       0.223406580724656     
   1.46192735965482       0.181159923130069     
   1.47749170888075       0.137378126042873     
   1.48891020045142       9.233869064770893E-002
   1.49588965251057       4.640291550922109E-002
   1.49823749967884        0.00000000000000     
  -1.57705923183119        0.00000000000000     
  -1.57431304765674       4.780410454739671E-002
  -1.56617362107492       9.499142468569320E-002
  -1.55293467777542       0.141011483521997     
  -1.53503081763643       0.185428193072518     
  -1.51297281283341       0.227938518033221     
  -1.48729022020674       0.268365769376068     
  -1.45848939342692       0.306637332536990     
  -1.42702898802406       0.342757219865151     
  -1.39330974613127       0.376780472004163     
  -1.35767374261934       0.408792606189211     
  -1.32040885019264       0.438894671183490     
  -1.28175545630218       0.467193162797078     
  -1.24191365814705       0.493793654595901     
  -1.20105001901590       0.518797054694129     
  -1.15930349914541       0.542297618878394     
  -1.11679046663990       0.564382086683726     
  -1.07360883732876       0.585129504760378     
  -1.02984145104319       0.604611449477770     
 -0.985558806199635       0.622892464106649     
 -0.940821268163909       0.640030595501490     
 -0.895680852221121       0.656077960752148     
 -0.850182665408589       0.671081303458722     
 -0.804366075867860       0.685082517632721     
 -0.758265664838609       0.698119128535724     
 -0.711912005183550       0.710224726565590     
 -0.665332301243256       0.721429354247615     
 -0.618550917574795       0.731759848554824     
 -0.571589818405077       0.741240141853646     
 -0.524468935131420       0.749891525183539     
 -0.477206475674497       0.757732877605409     
 -0.429819186724900       0.764780865164372     
 -0.382322577758389       0.771050112712286     
 -0.334731113995893       0.776553351487263     
 -0.287058384151164       0.781301544988304     
 -0.239317247762604       0.785303995333040     
 -0.191519966085882       0.788568431956031     
 -0.143678319883705       0.791101084197794     
 -9.580371695302994E-002  0.792906739051132     
 -4.790729185113374E-002  0.793988785069615     
 -2.167578651544124E-015  0.794349243199675     
  4.790729185112897E-002  0.793988785069617     
  9.580371695302550E-002  0.792906739051134     
  0.143678319883700       0.791101084197793     
  0.191519966085878       0.788568431956033     
  0.239317247762600       0.785303995333041     
  0.287058384151160       0.781301544988304     
  0.334731113995889       0.776553351487264     
  0.382322577758384       0.771050112712287     
  0.429819186724897       0.764780865164374     
  0.477206475674493       0.757732877605411     
  0.524468935131417       0.749891525183544     
  0.571589818405073       0.741240141853651     
  0.618550917574792       0.731759848554827     
  0.665332301243252       0.721429354247618     
  0.711912005183546       0.710224726565591     
  0.758265664838605       0.698119128535727     
  0.804366075867856       0.685082517632724     
  0.850182665408585       0.671081303458723     
  0.895680852221117       0.656077960752150     
  0.940821268163905       0.640030595501493     
  0.985558806199631       0.622892464106651     
   1.02984145104319       0.604611449477772     
   1.07360883732876       0.585129504760379     
   1.11679046663990       0.564382086683728     
   1.15930349914541       0.542297618878396     
   1.20105001901589       0.518797054694130     
   1.24191365814704       0.493793654595902     
   1.28175545630218       0.467193162797080     
   1.32040885019264       0.438894671183491     
   1.35767374261934       0.408792606189213     
   1.39330974613126       0.376780472004163     
   1.42702898802405       0.342757219865150     
   1.45848939342691       0.306637332536991     
   1.48729022020673       0.268365769376068     
   1.51297281283340       0.227938518033220     
   1.53503081763642       0.185428193072519     
   1.55293467777541       0.141011483521997     
   1.56617362107492       9.499142468569305E-002
   1.57431304765674       4.780410454739663E-002
   1.57705923183118        0.00000000000000     
  -1.66069900143035        0.00000000000000     
  -1.65747024300343       4.933584062007506E-002
  -1.64793792352137       9.785186583230071E-002
  -1.63254998280962       0.144844155523015     
  -1.61194539799052       0.189799475797226     
  -1.58683930622708       0.232410182991149     
  -1.55793334559351       0.272545422970239     
  -1.52586155781326       0.310203412396372     
  -1.49116794186820       0.345464408771937     
  -1.45430472062350       0.378453626647836     
  -1.41564116854129       0.409315705477824     
  -1.37547625290380       0.438198804515269     
  -1.33405144812665       0.465245566987762     
  -1.29156212696415       0.490588547894311     
  -1.24816705065112       0.514348353109932     
  -1.20399600537195       0.536633329203280     
  -1.15915583413611       0.557540079757672     
  -1.11373515817291       0.577154375702980     
  -1.06780806064114       0.595552211448629     
  -1.02143696209228       0.612800870780016     
 -0.974674871461263       0.628959932843533     
 -0.927567155982435       0.644082186769489     
 -0.880152940377417       0.658214444814786     
 -0.832466219660592       0.671398255285071     
 -0.784536749892077       0.683670522112771     
 -0.736390765975636       0.695064040322633     
 -0.688051564071640       0.705607957182245     
 -0.639539977486809       0.715328168467832     
 -0.590874768319569       0.724247658465476     
 -0.542072952152602       0.732386791349385     
 -0.493150069293809       0.739763560579456     
 -0.444120413175543       0.746393802015498     
 -0.394997224307852       0.752291375587968     
 -0.345792856479594       0.757468319605577     
 -0.296518920589067       0.761934981116322     
 -0.247186410471625       0.765700125162398     
 -0.197805814307535       0.768771025270391     
 -0.148387214588008       0.771153537084704     
 -9.894037915290252E-002  0.772852156673368     
 -4.947484546178389E-002  0.773870064700790     
  1.950908714264507E-015  0.774209157362185     
  4.947484546178745E-002  0.773870064700790     
  9.894037915290634E-002  0.772852156673368     
  0.148387214588011       0.771153537084703     
  0.197805814307539       0.768771025270391     
  0.247186410471629       0.765700125162398     
  0.296518920589071       0.761934981116320     
  0.345792856479598       0.757468319605576     
  0.394997224307856       0.752291375587967     
  0.444120413175547       0.746393802015495     
  0.493150069293813       0.739763560579453     
  0.542072952152607       0.732386791349382     
  0.590874768319573       0.724247658465473     
  0.639539977486813       0.715328168467828     
  0.688051564071644       0.705607957182241     
  0.736390765975641       0.695064040322629     
  0.784536749892082       0.683670522112769     
  0.832466219660598       0.671398255285070     
  0.880152940377422       0.658214444814783     
  0.927567155982440       0.644082186769487     
  0.974674871461268       0.628959932843531     
   1.02143696209229       0.612800870780013     
   1.06780806064114       0.595552211448627     
   1.11373515817291       0.577154375702977     
   1.15915583413612       0.557540079757670     
   1.20399600537196       0.536633329203278     
   1.24816705065112       0.514348353109930     
   1.29156212696416       0.490588547894309     
   1.33405144812665       0.465245566987760     
   1.37547625290381       0.438198804515269     
   1.41564116854129       0.409315705477824     
   1.45430472062350       0.378453626647835     
   1.49116794186820       0.345464408771936     
   1.52586155781326       0.310203412396370     
   1.55793334559352       0.272545422970238     
   1.58683930622708       0.232410182991148     
   1.61194539799052       0.189799475797226     
   1.63254998280963       0.144844155523014     
   1.64793792352138       9.785186583230078E-002
   1.65747024300343       4.933584062007506E-002
   1.66069900143036        0.00000000000000     
