  -3.5699880716796182      -0.13075842371269009     
  -3.5671118884484252      -0.12958370977630587     
  -3.5585083169266025      -0.12611532262246794     
  -3.5442618611320631      -0.12052658154417825     
  -3.5245098360717271      -0.11309023465882240     
  -3.4994367269565592      -0.10415505778009088     
  -3.4692679969588500       -9.4118722475515795E-002
  -3.4342627694405494       -8.3399379773885812E-002
  -3.3947062557379790       -7.2408992623820320E-002
  -3.3509024129486269       -6.1530722016837132E-002
  -3.3031672190475665       -5.1101666622067055E-002
  -3.2518228278541157       -4.1401341502290308E-002
  -3.1971927451276541       -3.2645556702160301E-002
  -3.1395980637493963       -2.4984884836491854E-002
  -3.0793547176284921       -1.8506684288853509E-002
  -3.0167716620070939       -1.3239621180703485E-002
  -2.9521498593863789       -9.1597426878895286E-003
  -2.8857819403932843       -6.1973338343580446E-003
  -2.8179524120494897       -4.2439908720425315E-003
  -2.7489382970510872       -3.1595348722794920E-003
  -2.6790101027371946       -2.7785522265547178E-003
  -2.6084330344081792       -2.9164783520520912E-003
  -2.5374683825036652       -3.3752378292150153E-003
  -2.4663750255817045       -3.9485226967074386E-003
  -2.3954110003055513       -4.4268359062525353E-003
  -2.3248350953398158       -4.6024536244681112E-003
  -2.2549084279796960       -4.2744712942633144E-003
  -2.1858959603952615       -3.2540952759856109E-003
  -2.1180679065632364       -1.3703234008332302E-003
  -2.0517009713982559        1.5238794311992875E-003
  -1.9870793506208784        5.5448657292653074E-003
  -1.9244954042325220        1.0771097069129088E-002
  -1.8642498994389249        1.7235619401510565E-002
  -1.8066517026710938        2.4918569353720308E-002
  -1.7520167882920292        3.3740268980713792E-002
  -1.7006664281441519        4.3555701866645341E-002
  -1.6529244367957960        5.4151392861788585E-002
  -1.6091133780608426        6.5245883762613893E-002
  -1.5695496940785423        7.6495033239042401E-002
  -1.5345378012152089        8.7503185304217621E-002
  -1.5043633046249441        9.7840772019512703E-002
  -1.4792856065468050       0.10706811828526638     
  -1.4595303058879501       0.11476415607570319     
  -1.4452818745975122       0.12055754751763442     
  -1.4366775001856193       0.12415681740501260     
  -1.4338013244517149       0.12537643350853553     
  -3.6310344710743161      -0.11384578070735366     
  -3.6277186819203284      -0.11259047469101058     
  -3.6178172164221527      -0.10890682678171368     
  -3.6014804951838895      -0.10304379106929169     
  -3.5789483183062591       -9.5379694677326682E-002
  -3.5505335582102826       -8.6375164989958203E-002
  -3.5166044121303179       -7.6522922322179984E-002
  -3.4775656889760262       -6.6302321033406358E-002
  -3.4338414398834898       -5.6144480627603612E-002
  -3.3858602048489002       -4.6410234788736689E-002
  -3.3340434876779841       -3.7380153463733350E-002
  -3.2787975204395319       -2.9254138902610284E-002
  -3.2205080082282325       -2.2157497209483790E-002
  -3.1595373521345356       -1.6150604160685984E-002
  -3.0962237937132326       -1.1239912313046481E-002
  -3.0308819588808897       -7.3887715504182246E-003
  -2.9638043597369927       -4.5271748403528603E-003
  -2.8952635082804736       -2.5600230556460158E-003
  -2.8255143876802800       -1.3738241661698462E-003
  -2.7547971055050020       -8.4193216992027304E-004
  -2.6833396162103402       -8.2852757465656248E-004
  -2.6113604477897598       -1.1915782424472034E-003
  -2.5390714019344891       -1.7850232876996182E-003
  -2.4666802208300078       -2.4604117472885418E-003
  -2.3943932290956043       -3.0682136943137499E-003
  -2.3224179680624868       -3.4590113919785366E-003
  -2.2509658426285677       -3.4847758108845299E-003
  -2.1802547986611502       -3.0004408849727934E-003
  -2.1105120409574405       -1.8660037853233708E-003
  -2.0419767870051011        5.0598578008345504E-005
  -1.9749030283938678        2.8695649055427222E-003
  -1.9095622372972407        6.6939747454964693E-003
  -1.8462459072473154        1.1602942337415227E-002
  -1.7852677530852163        1.7642998271869312E-002
  -1.7269653136708802        2.4817698651995526E-002
  -1.6717006054628980        3.3075789965588215E-002
  -1.6198593747463284        4.2298778286110603E-002
  -1.5718484104652530        5.2289476650961127E-002
  -1.5280903406639688        6.2763971936879187E-002
  -1.4890153887554916        7.3350268706936714E-002
  -1.4550497624203977        8.3597269359050055E-002
  -1.4266007284405562        9.2997237616891104E-002
  -1.4040389937040101       0.10102300901168230     
  -1.3876796886968292       0.10717780669641538     
  -1.3777643353159537       0.11105124129865562     
  -1.3744441182920977       0.11237226148389795     
  -3.6841133929630616       -9.8858035478312137E-002
  -3.6803664897143480       -9.7529827899690724E-002
  -3.6691984143728456       -9.3658241655718372E-002
  -3.6508421280621701       -8.7577716922978888E-002
  -3.6256617367347941       -7.9778886090916906E-002
  -3.5941188280832215       -7.0829329917524081E-002
  -3.5567374612761729       -6.1297350090214003E-002
  -3.5140706638625612       -5.1693223697579435E-002
  -3.4666726557950036       -4.2434292882811371E-002
  -3.4150783966827380       -3.3832329423516924E-002
  -3.3597903631392585       -2.6097240067399108E-002
  -3.3012714578745848       -1.9350277296057507E-002
  -3.2399425672316426       -1.3641084899733933E-002
  -3.1761833165574833       -8.9647825195394732E-003
  -3.1103348156817581       -5.2770258369616877E-003
  -3.0427034915054825       -2.5062330583081956E-003
  -2.9735653882575117       -5.6292724665336891E-004
  -2.9031705443483862        6.5347591583840971E-004
  -2.8317472226621612        1.2499679944136051E-003
  -2.7595058866477733        1.3368645402327269E-003
  -2.6866428898640260        1.0259250169162202E-003
  -2.6133438933808586        4.2933776332026308E-004
  -2.5397870531237574       -3.4069607166085729E-004
  -2.4661460348556772       -1.1719867801246119E-003
  -2.3925929228187970       -1.9521533423492278E-003
  -2.3193010921573514       -2.5683333005029536E-003
  -2.2464481168004249       -2.9069367576561715E-003
  -2.1742187840687768       -2.8535850901587221E-003
  -2.1028082844121867       -2.2934021074536002E-003
  -2.0324256377802929       -1.1118718965407984E-003
  -1.9632974041783371        8.0345566390411475E-004
  -1.8956717001346424        3.5600452693324018E-003
  -1.8298224979483926        7.2557795280125664E-003
  -1.7660541107881198        1.1972135419704020E-002
  -1.7047056514603254        1.7764549932355361E-002
  -1.6461550824140312        2.4649488961415174E-002
  -1.5908222392045304        3.2588090195861258E-002
  -1.5391699120951445        4.1467036046300129E-002
  -1.4917017429065937        5.1078694494799820E-002
  -1.4489554204442752        6.1104583035818970E-002
  -1.4114895927215443        7.1108542516107001E-002
  -1.3798632804549256        8.0547698127033898E-002
  -1.3546075993439122        8.8808684705296154E-002
  -1.3361913614514949        9.5271865862450150E-002
  -1.3249849239638660        9.9397040288134397E-002
  -1.3212251309614678       0.10081390044399045     
  -3.7301501103002312       -8.5635438803192576E-002
  -3.7259858791058500       -8.4241561999399764E-002
  -3.7135979771549046       -8.0207463646985125E-002
  -3.6933168705122807       -7.3960201011497834E-002
  -3.6656488654961965       -6.6104073141297182E-002
  -3.6312178797588168       -5.7302631629662655E-002
  -3.5907082630240201       -4.8177080173189023E-002
  -3.5448150412830945       -3.9241241889302891E-002
  -3.4942073249888841       -3.0875430398354834E-002
  -3.4395054744980684       -2.3329628985961068E-002
  -3.3812698430567916       -1.6743050278791777E-002
  -3.3199979104016815       -1.1169409169464449E-002
  -3.2561267573391905       -6.6012649496710769E-003
  -3.1900384820733207       -2.9903195386843098E-003
  -3.1220668990958020       -2.6286609844434892E-004
  -3.0525044894575659        1.6692216761288597E-003
  -2.9816090301439755        2.9011143799458792E-003
  -2.9096096338334339        3.5303675681780766E-003
  -2.8367121156832931        3.6542019173623048E-003
  -2.7631037085214984        3.3681177714765947E-003
  -2.6889572017209331        2.7654011100779973E-003
  -2.6144346030663588        1.9372099367725090E-003
  -2.5396904307971671        9.7302867648135869E-004
  -2.4648747432178233       -3.8652794045465551E-005
  -2.3901360108469856       -1.0095339741037475E-003
  -2.3156239338631726       -1.8506455791947921E-003
  -2.2414923070488033       -2.4715028882443643E-003
  -2.1679020360423875       -2.7793423095775240E-003
  -2.0950244121913184       -2.6785373796911370E-003
  -2.0230447574401049       -2.0703359149431256E-003
  -1.9521665529129983       -8.5313251195138964E-004
  -1.8826161603915630        1.0764023366556554E-003
  -1.8146482264714696        3.8208663476539321E-003
  -1.7485518111119587        7.4776802912652068E-003
  -1.6846571840604811        1.2131770897628374E-002
  -1.6233430527651127        1.7844305863064708E-002
  -1.5650436825457281        2.4636369274954117E-002
  -1.5102548998845022        3.2466842170137164E-002
  -1.4595373084209939        4.1204952028404289E-002
  -1.4135142398537404        5.0600479939496130E-002
  -1.3728612056263820        6.0258748402318117E-002
  -1.3382833540100252        6.9632603079274005E-002
  -1.3104783685583057        7.8047095996587962E-002
  -1.2900851011101657        8.4769687372793001E-002
  -1.2776237735754761        8.9125204071149572E-002
  -1.2734343628311329        9.0632624217952887E-002
  -3.7699784293637619       -7.3983003219340815E-002
  -3.7654145439685167       -7.2530577983066363E-002
  -3.7518646373494713       -6.8358142401202859E-002
  -3.7297692807030978       -6.1989464775465436E-002
  -3.6997902385670569       -5.4139259760379990E-002
  -3.6627207557766135       -4.5552337144574878E-002
  -3.6194027732454876       -3.6880475761597385E-002
  -3.5706614541961876       -2.8619504185774428E-002
  -3.5172629002006608       -2.1099234752427882E-002
  -3.4598927572352656       -1.4505445652053058E-002
  -3.3991501095314214       -8.9141529750482781E-003
  -3.3355508602476482       -4.3255341610644611E-003
  -3.2695360342895863       -6.9174949590129645E-004
  -3.2014819597101258        2.0626514397855669E-003
  -3.1317105505561069        4.0269117421233777E-003
  -3.0604987935037253        5.2953281431526705E-003
  -2.9880870824006731        5.9621124356915422E-003
  -2.9146863465433235        6.1186640053119239E-003
  -2.8404840686734611        5.8523887663593155E-003
  -2.7656493512734732        5.2464744350004906E-003
  -2.6903372058982211        4.3802375603028479E-003
  -2.6146922344834236        3.3298012086367453E-003
  -2.5388518575426962        2.1689578466194915E-003
  -2.4629492292077741        9.7013328680466355E-004
  -2.3871159668563013       -1.9459508827414365E-004
  -2.3114848153581575       -1.2524522560002577E-003
  -2.2361923635347525       -2.1289107977623752E-003
  -2.1613819335637650       -2.7466512131046452E-003
  -2.0872067727527086       -3.0245789440930177E-003
  -2.0138336908944359       -2.8769752579149732E-003
  -1.9414473039829163       -2.2129201353814684E-003
  -1.8702550633012784       -9.3622400433349530E-004
  -1.8004932612247626        1.0537415171868983E-003
  -1.7324341985869505        3.8596955059545367E-003
  -1.6663946492332840        7.5816440546869939E-003
  -1.6027456238280779        1.2308277275759068E-002
  -1.5419231498198358        1.8102804550008157E-002
  -1.4844392499487220        2.4981258179641801E-002
  -1.4308914005168358        3.2881806011471740E-002
  -1.3819674004704066        4.1625747296500780E-002
  -1.3384408757456407        5.0875800143999630E-002
  -1.3011511071841346        6.0105602341513194E-002
  -1.2709607417686191        6.8603913927255469E-002
  -1.2486881624203197        7.5540313404278830E-002
  -1.2350200718425595        8.0104850743616077E-002
  -1.2304151209510203        8.1697324906067528E-002
  -3.8043353452845134       -6.3712018915299470E-002
  -3.7993922452165658       -6.2207991423139507E-002
  -3.7847456358525364       -5.7919879107446351E-002
  -3.7609559933602950       -5.1469356548070368E-002
  -3.7288490175090785       -4.3674778541974747E-002
  -3.6893884393966516       -3.5346011141212386E-002
  -3.6435659257192290       -2.7145799669744255E-002
  -3.5923220330673562       -1.9537041672835074E-002
  -3.5365020484300977       -1.2793491650923815E-002
  -3.4768395322853323       -7.0405729960804518E-003
  -3.4139576102677025       -2.3014376334066192E-003
  -3.3483795626106416        1.4640930840334821E-003
  -3.2805430019071258        4.3311751557929780E-003
  -3.2108143689678759        6.3912502814072996E-003
  -3.1395021636498450        7.7406799651711499E-003
  -3.0668683309926159        8.4743914468500044E-003
  -2.9931377502897272        8.6827255334411286E-003
  -2.9185060147882949        8.4502242408764170E-003
  -2.8431457737076768        7.8555377937349260E-003
  -2.7672119157604453        6.9719440964494820E-003
  -2.6908458484997966        5.8681813619064051E-003
  -2.6141790933621287        4.6094260427826939E-003
  -2.5373363830615996        3.2583288855021391E-003
  -2.4604384206663039        1.8760700847151644E-003
  -2.3836044399020282        5.2342222845208543E-004
  -2.3069546943874131       -7.3817563380388458E-004
  -2.2306129996210986       -1.8455239455043469E-003
  -2.1547094556695199       -2.7325420879138929E-003
  -2.0793834908744726       -3.3291261350909688E-003
  -2.0047873878534768       -3.5600141118188634E-003
  -1.9310904827260458       -3.3437331243003224E-003
  -1.8584842659954934       -2.5917819536020515E-003
  -1.7871886553858076       -1.2083369731314460E-003
  -1.7174597479928775        9.0901041695746240E-004
  -1.6495993706513690        3.8666294941732647E-003
  -1.5839666910974319        7.7689687941044569E-003
  -1.5209919483488317        1.2707358249405139E-002
  -1.4611918701729025        1.8740692028580311E-002
  -1.4051853558409269        2.5864830678043214E-002
  -1.3537062522109902        3.3968661441304268E-002
  -1.3076073797326087        4.2779283408035343E-002
  -1.2678467236344826        5.1809091155418173E-002
  -1.2354444625661496        6.0333580940684944E-002
  -1.2114017132490631        6.7442108818205088E-002
  -1.1965834819673775        7.2194622878151635E-002
  -1.1915801199888221        7.3866424381796594E-002
  -3.8338679889214737       -5.4652486912769443E-002
  -3.8285679428263775       -5.3103475956432965E-002
  -3.8128944903112503       -4.8720403060382167E-002
  -3.7875348487619460       -4.2221532942806873E-002
  -3.7534826292731545       -3.4519763510515090E-002
  -3.7118684996848619       -2.6474089488452302E-002
  -3.6638227152018374       -1.8742476997060921E-002
  -3.6103856701346912       -1.1745955319455367E-002
  -3.5524656622215587       -5.7021786251056457E-003
  -3.4908301032889448       -6.8314319459378378E-004
  -3.4261154771123912        3.3304055348272908E-003
  -3.3588452912852036        6.4080478442484715E-003
  -3.2894496770010764        8.6427098893967057E-003
  -3.2182835315645439        1.0134531934351359E-002
  -3.1456420388005975        1.0982085692525137E-002
  -3.0717734030454871        1.1278158637536336E-002
  -2.9968890715114762        1.1108197201773539E-002
  -2.9211718636586439        1.0550206201553470E-002
  -2.8447824320992670        9.6753895628405810E-003
  -2.7678644310059100        8.5491283166504121E-003
  -2.6905487054995834        7.2320803281200677E-003
  -2.6129567567785332        5.7812966145008981E-003
  -2.5352036893427097        4.2513120344224910E-003
  -2.4574008100764972        2.6952031478183901E-003
  -2.3796580237376985        1.1656249956171650E-003
  -2.3020861546691895       -2.8415176132853142E-004
  -2.2247993196204350       -1.5991779559751927E-003
  -2.1479174812630744       -2.7217125095247981E-003
  -2.0715693267417308       -3.5900397989484614E-003
  -1.9958956414465236       -4.1372138922369413E-003
  -1.9210533865731785       -4.2897560729040210E-003
  -1.8472207412981596       -3.9663902759721308E-003
  -1.7746034365381598       -3.0770084385705553E-003
  -1.7034427831312826       -1.5222494548138537E-003
  -1.6340258686636449        8.0559421480595565E-004
  -1.5666984280845100        4.0190841917095458E-003
  -1.5018808042401388        8.2274637706011618E-003
  -1.4400870465595410        1.3520573638040476E-002
  -1.3819462626896024        1.9940451829887202E-002
  -1.3282233945961577        2.7436002318283539E-002
  -1.2798331297166705        3.5799284918836750E-002
  -1.2378355844753448        4.4592650983118022E-002
  -1.2033971914156791        5.3097463514556728E-002
  -1.1776997471781030        6.0341064298850638E-002
  -1.1617936689219330        6.5261297424470288E-002
  -1.1564111907702881        6.7006624193767531E-002
  -3.8591436979619473       -4.6655029394084613E-002
  -3.8535100167353868       -4.5067183530027775E-002
  -3.8368817420624866       -4.0607589134955269E-002
  -3.8100767707149052       -3.4087784797677066E-002
  -3.7742566558661990       -2.6504900222195558E-002
  -3.7307119634186687       -1.8752575714764266E-002
  -3.6806987093044841       -1.1472331474349392E-002
  -3.6253421167997582       -5.0391658169088383E-003
  -3.5655996231092599        3.8205506435462906E-004
  -3.5022616004864640        4.7648580244981200E-003
  -3.4359704399607729        8.1615996323430966E-003
  -3.3672455040117177        1.0662751763002788E-002
  -3.2965074711828097        1.2372339238053575E-002
  -3.2240994333068977        1.3394597584680999E-002
  -3.1503041286400197        1.3827571538120725E-002
  -3.0753575923541847        1.3760673909388206E-002
  -2.9994598120649321        1.3274347540850421E-002
  -2.9227830097841463        1.2440752373144489E-002
  -2.8454780996335987        1.1324886645797718E-002
  -2.7676797711361041        9.9858374361461392E-003
  -2.6895105535938768        8.4780169754155917E-003
  -2.6110841390783772        6.8523290155018150E-003
  -2.5325081817345589        5.1572559095365107E-003
  -2.4538867478862780        3.4398808389797348E-003
  -2.3753225624886931        1.7468714738557074E-003
  -2.2969191808024907        1.2545714786694055E-004
  -2.2187832085016050       -1.3755656890614698E-003
  -2.1410266984004034       -2.7047643935472635E-003
  -2.0637698681815655       -3.8069041889204603E-003
  -1.9871443124940835       -4.6216594580640296E-003
  -1.9112969271114097       -5.0821944332674167E-003
  -1.8363948257789164       -5.1136448902981786E-003
  -1.7626316151877117       -4.6316128777090073E-003
  -1.6902355012518580       -3.5409428575311000E-003
  -1.6194798241842507       -1.7353396257970050E-003
  -1.5506967352613947        9.0108872342585056E-004
  -1.4842947654688585        4.4883929701685704E-003
  -1.4207808355182667        9.1381013516595114E-003
  -1.3607864883464764        1.4928127303905379E-002
  -1.3050961917939417        2.1858579774771632E-002
  -1.2546715804497481        2.9783048274096727E-002
  -1.2106587368550448        3.8319465400336400E-002
  -1.1743569472693993        4.6769742071541595E-002
  -1.1471225878915936        5.4116433830862301E-002
  -1.1301942864764689        5.9185411034764587E-002
  -1.1244534043622452        6.0998554910410903E-002
  -3.8806600124906794       -3.9589364623482677E-002
  -3.8747163960015647       -3.7968262581195740E-002
  -3.8572055501734055       -3.3448145619277066E-002
  -3.8290773261406916       -2.6929050542487568E-002
  -3.7916580010843526       -1.9481710873094353E-002
  -3.7463886495506000       -1.2021999478658982E-002
  -3.6946377176700547       -5.1670484681722246E-003
  -3.6376015660266185        7.5489684016706029E-004
  -3.5762753313508355        5.6267227247413093E-003
  -3.5114641846121910        9.4597976579655178E-003
  -3.4438114219402811        1.2331855951255705E-002
  -3.3738297811496025        1.4347911878168371E-002
  -3.3019298016695697        1.5618558625891966E-002
  -3.2284432517932822        1.6249308794645600E-002
  -3.1536416086026451        1.6336247034501903E-002
  -3.0777503058886646        1.5965002908921822E-002
  -3.0009596180407097        1.5211319176076762E-002
  -2.9234329710924341        1.4142285388086144E-002
  -2.8453133285441421        1.2817766367933407E-002
  -2.7667281563970589        1.1291807367857561E-002
  -2.6877933518103805        9.6139304960737460E-003
  -2.6086164270360008        7.8303041141256999E-003
  -2.5292991721491069        5.9847992786595545E-003
  -2.4499399722837705        4.1199620615239366E-003
  -2.3706359236671135        2.2779369702932723E-003
  -2.2914848748149317        5.0137955239595942E-004
  -2.2125875130810826       -1.1656020309961772E-003
  -2.1340496218145151       -2.6764352740269873E-003
  -2.0559846503594983       -3.9809595117298417E-003
  -1.9785167700178239       -5.0241498536289101E-003
  -1.9017846372728404       -5.7446572145093732E-003
  -1.8259461559282659       -6.0731567893824358E-003
  -1.7511846284033128       -5.9305538636355059E-003
  -1.6777168191425569       -5.2262173620194665E-003
  -1.6058036215486688       -3.8566576651691822E-003
  -1.5357642107480638       -1.7055404695666691E-003
  -1.4679947248862009        1.3531990923195433E-003
  -1.4029925014795464        5.4458836466301222E-003
  -1.3413863600071787        1.0677730447653352E-002
  -1.2839716626615842        1.7091404657162645E-002
  -1.2317446777604164        2.4596457309729827E-002
  -1.1859226121222382        3.2867884126013693E-002
  -1.1479234234315645        4.1238554030544793E-002
  -1.1192691114629412        4.8661538952846826E-002
  -1.1013856150528312        5.3861937779337579E-002
  -1.0953078264432679        5.5737432399539322E-002
  -3.8988536377456580       -3.3341941833371656E-002
  -3.8926236443164046       -3.1692541377301604E-002
  -3.8743011933882467       -2.7125459488469696E-002
  -3.8449670458706597       -2.0623501472803760E-002
  -3.8061064679577430       -1.3320712183025519E-002
  -3.7593002693214124       -6.1450611194373006E-003
  -3.7060163056066417        3.1555020500319812E-004
  -3.6475100460391632        5.7780862263420380E-003
  -3.5848051500374734        1.0167524031392840E-002
  -3.5187156302489497        1.3526193902678996E-002
  -3.4498824661674217        1.5951055127270068E-002
  -3.3788105385231284        1.7557048196413641E-002
  -3.3059003151743735        1.8458325223175125E-002
  -3.2314730831013532        1.8760010156543050E-002
  -3.1557903157802016        1.8555560326782419E-002
  -3.0790682905247673        1.7926841362589430E-002
  -3.0014890654219570        1.6945359512531625E-002
  -2.9232087453462956        1.5673869127341124E-002
  -2.8443637603920928        1.4167992652085099E-002
  -2.7650757007073654        1.2477706866621382E-002
  -2.6854551114217151        1.0648655510975918E-002
  -2.6056045475187108        8.7232977896896206E-003
  -2.5256211144340508        6.7419232619805340E-003
  -2.4455986692449265        4.7435713893280874E-003
  -2.3656298243090745        2.7668962913308059E-003
  -2.2858078764909755        8.5101795156421233E-004
  -2.2062287785938688       -9.6359792033520037E-004
  -2.1269932746462237       -2.6341872226628804E-003
  -2.0482093380275335       -4.1146150928275411E-003
  -1.9699950833410602       -5.3541346256630318E-003
  -1.8924823734971354       -6.2959287511319961E-003
  -1.8158214187883703       -6.8753991158117898E-003
  -1.7401867732069607       -7.0182024042525198E-003
  -1.6657852849739383       -6.6381248117040083E-003
  -1.5928667622203427       -5.6350857742595824E-003
  -1.5217383700993412       -3.8939787460320376E-003
  -1.4527840483322954       -1.2858774383001407E-003
  -1.3864904057828926        2.3253455214088817E-003
  -1.3234802799443086        7.0653845695647097E-003
  -1.2645536798173007        1.3011673410711874E-002
  -1.2107316525888927        2.0123314146303199E-002
  -1.1632894491457582        2.8131035657584701E-002
  -1.1237496822915771        3.6405379335874267E-002
  -1.0937892172557633        4.3882859558257409E-002
  -1.0750174028276023        4.9199229274283218E-002
  -1.0686244633344115        5.1131961326156765E-002
  -3.9141082163062109       -2.7813618189821799E-002
  -3.9076148445555972       -2.6140246977525435E-002
  -3.8885493234902686       -2.1537440234688884E-002
  -3.8581203582296810       -1.5064520743265003E-002
  -3.8179646468028006       -7.9093091663387342E-003
  -3.7697913398049732       -1.0039411165479819E-003
  -3.7151554937344704        5.0953468162373066E-003
  -3.6553613918444228        1.0147840279089392E-002
  -3.5914540028746011        1.4114986138859944E-002
  -3.5242519342280190        1.7064202067281504E-002
  -3.4543918837528453        1.9106896641201784E-002
  -3.3823704392805642        2.0364638836972735E-002
  -3.3085784824978872        2.0953180524813621E-002
  -3.2333278019079486        2.0976321360049486E-002
  -3.1568710783724483        2.0524663507052142E-002
  -3.0794167129188339        1.9676535524440871E-002
  -3.0011398100189077        1.8499707237363269E-002
  -2.9221903566332275        1.7053249938941032E-002
  -2.8426993779061607        1.5389271570793169E-002
  -2.7627836416589218        1.3554438857175409E-002
  -2.6825493277960950        1.1591281667288129E-002
  -2.6020949666891804        9.5393095383524504E-003
  -2.5215138723676374        7.4359823062540679E-003
  -2.4408962433836749        5.3175792047093721E-003
  -2.3603310702276410        3.2200100141466757E-003
  -2.2799079689769663        1.1796109418536001E-003
  -2.1997190541043872       -7.6603167637117990E-004
  -2.1198609682982146       -2.5771844714523231E-003
  -2.0404372045597983       -4.2109473963595941E-003
  -1.9615608882343569       -5.6200565563435381E-003
  -1.8833582385310708       -6.7514506081496747E-003
  -1.8059730075948250       -7.5445441048984044E-003
  -1.7295723105665228       -7.9291715787315094E-003
  -1.6543544259505660       -7.8232297168665203E-003
  -1.5805593775424387       -7.1302033819874841E-003
  -1.5084834179716919       -5.7371175540622656E-003
  -1.4384989052266488       -3.5142071907796235E-003
  -1.3710814036524070       -3.1908031589146014E-004
  -1.3068458476093969        3.9891477797122585E-003
  -1.2465924973235090        9.5160133234020432E-003
  -1.1913594733590351        1.6263724612664877E-002
  -1.1424688718541720        2.4015682597492979E-002
  -1.1015347187825104        3.2183845335306480E-002
  -1.0703770469129379        3.9698629838036112E-002
  -1.0507824154225816        4.5117474913615528E-002
  -1.0440959077909790        4.7102757356232580E-002
  -3.9267610079937101       -2.2917627082342039E-002
  -3.9200263796300838       -2.1224005171067900E-002
  -3.9002830657951764       -1.6594601898761854E-002
  -3.8688632399938720       -1.0158830358757505E-002
  -3.8275462674812339       -3.1497396607290586E-003
  -3.7781581910328872        3.5023239489635812E-003
  -3.7223301399518407        9.2734571490923224E-003
  -3.6614065622677154        1.3961696017653482E-002
  -3.5964481525382084        1.7559738412480597E-002
  -3.5282751557527368        2.0155220174188991E-002
  -3.4575188891201996        2.1870353337879463E-002
  -3.3846677032037102        2.2831009924040638E-002
  -3.3101035889193597        2.3153294817670460E-002
  -3.2341298382213988        2.2939202985657332E-002
  -3.1569914498869687        2.2276497729951810E-002
  -3.0788900592646145        2.1240285086703697E-002
  -2.9999948743672893        1.9895077800501974E-002
  -2.9204507465622869        1.8296824157292852E-002
  -2.8403842001015955        1.6494708526804933E-002
  -2.7599080123866355        1.4532682127607253E-002
  -2.6791247687056199        1.2450746210405506E-002
  -2.5981296971039418        1.0286032566454001E-002
  -2.5170130079380115        8.0737312244070197E-003
  -2.4358619083917956        5.8479135459363792E-003
  -2.3547624276765662        3.6422958814635413E-003
  -2.2738011691788955        1.4909868830353006E-003
  -2.1930670989011438       -5.7073843777641700E-004
  -2.1126534843223239       -2.5055923082858682E-003
  -2.0326601151211223       -4.2733047229302204E-003
  -1.9531959696890144       -5.8294728203815201E-003
  -1.8743825439034423       -7.1241628955110575E-003
  -1.7963581390656811       -8.1001938203110000E-003
  -1.7192835259794323       -8.6910381434757711E-003
  -1.6433495784102181       -8.8183184320693719E-003
  -1.5687877227970348       -8.3889978688048740E-003
  -1.4958844034801693       -7.2926631011897211E-003
  -1.4250012184655381       -5.3999696685805227E-003
  -1.3566028771105232       -2.5647328877198687E-003
  -1.2912954059464361        1.3651033704770682E-003
  -1.2298763161522455        6.5176513342538912E-003
  -1.1733948875397187        1.2932197916159042E-002
  -1.1232106723467237        2.0440826851489298E-002
  -1.0810169854940750        2.8498407594689461E-002
  -1.0487650514020759        3.6037397128232208E-002
  -1.0284107947332273        4.1547154352526511E-002
  -1.0214517854261573        4.3580766262220627E-002
  -3.9371086350921392       -1.8577866156287152E-002
  -3.9301537662108812       -1.6867149633048060E-002
  -3.9097941229067965       -1.2218416261409269E-002
  -3.8774797530304554       -5.8248240216587895E-003
  -3.8351232322236957        1.0428197807568604E-003
  -3.7846563865477010        7.4602391962802937E-003
  -3.7277764763707451        1.2935307302422755E-002
  -3.6658609418124692        1.7301004191113144E-002
  -3.5999819331571707        2.0576625577773695E-002
  -3.5309593285021430        2.2866064884438972E-002
  -3.4594185489035536        2.4299583906105180E-002
  -3.3858400524091032        2.5005735606735288E-002
  -3.3105977190502371        2.5100208356380445E-002
  -3.2339873014647127        2.4682991124846277E-002
  -3.1562471075053065        2.3839153340780725E-002
  -3.0775729594074912        2.2640917063761770E-002
  -2.9981290514115719        2.1149972898007869E-002
  -2.9180559035799312        1.9419619486667945E-002
  -2.8374762685349455        1.7496597212857488E-002
  -2.7564995966219370        1.5422611602140125E-002
  -2.6752254875463906        1.3235589214431154E-002
  -2.5937464340648821        1.0970721894337175E-002
  -2.5121500802471610        8.6613546923669533E-003
  -2.4305211617616860        6.3397680256181118E-003
  -2.3489432607851852        4.0378999138656960E-003
  -2.2675004885581740        1.7880512083123543E-003
  -2.1862792015747030       -3.7638359453996104E-004
  -2.1053698620138488       -2.4201147188740104E-003
  -2.0248691701303292       -4.3050336246134666E-003
  -1.9448826286649914       -5.9891077790169339E-003
  -1.8655277520515134       -7.4250226874825274E-003
  -1.7869382146773525       -8.5584895813494554E-003
  -1.7092693556122427       -9.3261344088714452E-003
  -1.6327056409763245       -9.6529067425030705E-003
  -1.5574709554154222       -9.4490369270763350E-003
  -1.4838429816998924       -8.6068166304387166E-003
  -1.4121734544700948       -6.9980729058239525E-003
  -1.3429167087984877       -4.4745289865822518E-003
  -1.2766694706648329       -8.7597308105886768E-004
  -1.2142245290702316        3.9437958909337651E-003
  -1.1566378543217373        1.0055747732553185E-002
  -1.1052987029302668        1.7336287765160472E-002
  -1.0619688248394299        2.5283078000326628E-002
  -1.0287188603014841        3.2836699819962754E-002
  -1.0076651807653152        3.8427640681059638E-002
  -1.0004539551717011        4.0505840538065760E-002
  -3.9454120442520075       -1.4727466369547155E-002
  -3.9382566921820512       -1.3002303050084391E-002
  -3.9173380341590081       -8.3399083696913748E-003
  -3.8842176338376895       -1.9911014192373852E-003
  -3.8409315404600184        4.7419536791422816E-003
  -3.7895068497345004        1.0943970332248155E-002
  -3.7316981977003416        1.6153242493698389E-002
  -3.6689101221435458        2.0233933722052986E-002
  -3.6022229956510845        2.3227894346372277E-002
  -3.5324550170289188        2.5252091956862871E-002
  -3.4602255791709999        2.6442772445424013E-002
  -3.3860077497446022        2.6930050159111582E-002
  -3.3101680886696516        2.6828743772091872E-002
  -3.2329956913902831        2.6236802200236713E-002
  -3.1547230456076814        2.5236807195104825E-002
  -3.0755409726530836        2.3898426890241083E-002
  -2.9956093900425782        2.2280913255083544E-002
  -2.9150651477586154        2.0435312475106302E-002
  -2.8340278192186577        1.8406311265421506E-002
  -2.7526040616150089        1.6233743968645301E-002
  -2.6708909757335753        1.3953819000029411E-002
  -2.5889787697085920        1.1600128543282774E-002
  -2.5069529468153351        9.2045005340631141E-003
  -2.4248961818947068        6.7977448715230097E-003
  -2.3428900160408532        4.4103398113253230E-003
  -2.2610164795700913        2.0731009467554319E-003
  -2.1793597461767216       -1.8212538087212108E-004
  -2.0980079256275150       -2.3216996851962517E-003
  -2.0170551191921540       -4.3093071435012335E-003
  -1.9366038940607140       -6.1048948650974282E-003
  -1.8567683855813091       -7.6633545645457051E-003
  -1.7776783180720557       -8.9328616898868875E-003
  -1.6994843600359610       -9.8527711867116945E-003
  -1.6223654186844163       -1.0350978050479211E-002
  -1.5465387616689812       -1.0340713611694391E-002
  -1.4722742696378188       -9.7169490779849196E-003
  -1.3999147098106530       -8.3530994749541412E-003
  -1.3299046760409612       -6.0999472028752241E-003
  -1.2628315977694131       -2.7913666095637419E-003
  -1.1994823103214294        1.7333391325080453E-003
  -1.1409161452114314        7.5721273851578176E-003
  -1.0885457352018053        1.4641353104650721E-002
  -1.0441917064223476        2.2480259049983749E-002
  -1.0100328625149484        3.0041903699585721E-002
 -0.98833650614271573        3.5705990314568711E-002
 -0.98089237294404730        3.7825509762160349E-002
  -3.9519008127572484       -1.1307591009600113E-002
  -3.9445633856349760       -9.5701811568070783E-003
  -3.9231387219691727       -4.8984541808684305E-003
  -3.8892930831224839        1.4048165202927350E-003
  -3.8451762912319456        8.0115108403841211E-003
  -3.7929009423392639        1.4017180152762885E-002
  -3.7342714161010626        1.8988705508030713E-002
  -3.6707145335615081        2.2817883100732086E-002
  -3.6033164622419531        2.5565662885209083E-002
  -3.5328929046638051        2.7359546214065084E-002
  -3.4600573377736565        2.8340220269834085E-002
  -3.3852760141522222        2.8638597316427900E-002
  -3.3089089339612978        2.8368380653412007E-002
  -3.2312393309477203        2.7625541866153194E-002
  -3.1524946305844463        2.6490403647270063E-002
  -3.0728613440168830        2.5030386421667942E-002
  -2.9924957284946085        2.3302636435019723E-002
  -2.9115315100753296        2.1356279851743529E-002
  -2.8300855675840029        1.9234268822060193E-002
  -2.7482621985160227        1.6974867716886295E-002
  -2.6661563975440403        1.4612850219943001E-002
  -2.5838564503488959        1.2180477081491769E-002
  -2.5014460603132376        9.7083160927105526E-003
  -2.4190061699026018        7.2259569426923248E-003
  -2.3366166036022098        4.7626666963843517E-003
  -2.2543576396861074        2.3480276198212138E-003
  -2.1723116109258704        1.2598329267519809E-005
  -2.0905646386180923       -2.2113580083670723E-003
  -2.0092086208599644       -4.2890281399308883E-003
  -1.9283436276805239       -6.1820248656088480E-003
  -1.8480809078876224       -7.8471089155681788E-003
  -1.7685467944376774       -9.2345624288295309E-003
  -1.6898879212955658       -1.0286102586327769E-002
  -1.6122783575207387       -1.0932219665087096E-002
  -1.5359295569197797       -1.1088863875176455E-002
  -1.4611044598031917       -1.0653565462516125E-002
  -1.3881377195133362       -9.5015267129812432E-003
  -1.3174648859581179       -7.4833528540889293E-003
  -1.2496643432451835       -4.4286584345087391E-003
  -1.1855162674200379       -1.6510161904267196E-004
  -1.1260809046580429        5.4282532091184605E-003
  -1.0727891408166821        1.2303545917844027E-002
  -1.0275121601359609        2.0039699250520782E-002
 -0.99252640143192017        2.7605193402092162E-002
 -0.97024036800367308        3.3335910789407355E-002
 -0.96258152302214062        3.5493935169688892E-002
  -3.9567769022618977       -8.2664187804286186E-003
  -3.9492744192062208       -6.5185758197213095E-003
  -3.9273924336039814       -1.8407441614745311E-003
  -3.8928948795729492        4.4176133562768734E-003
  -3.8480359192336011        1.0906921440870939E-002
  -3.7950046954652690        1.6734601603710136E-002
  -3.7356487265526894        2.1494040990821962E-002
  -3.6714131997109356        2.5101411676786738E-002
  -3.6033882698093547        2.7633842664925124E-002
  -3.5323866755850899        2.9227349712014024E-002
  -3.4590162387812176        3.0025912168208609E-002
  -3.3837369926849235        3.0160727534000641E-002
  -3.3069030861448780        2.9744272400066267E-002
  -3.2287925989360957        2.8870656457385350E-002
  -3.1496285504552750        2.7618172674717788E-002
  -3.0695937286913777        2.6052270110634126E-002
  -2.9888412475436477        2.4228275843469836E-002
  -2.9075021624590542        2.2193674333725075E-002
  -2.8256910567331817        1.9989945441645104E-002
  -2.7435102229099102        1.7654027936052200E-002
  -2.6610528695055615        1.5219488552028175E-002
  -2.5784056537112012        1.2717470747117198E-002
  -2.4956507550454434        1.0177486397683825E-002
  -2.4128676491683425        7.6281033963719351E-003
  -2.3301347061899005        5.0975744831588078E-003
  -2.2475307182693145        2.6144482850571846E-003
  -2.1651364540894598        2.0820264696717701E-004
  -2.0830363418920248       -2.0900569034943343E-003
  -2.0013203990011497       -4.2467839556046601E-003
  -1.9200865570202068       -6.2250024250303099E-003
  -1.8394435836890455       -7.9830651469465982E-003
  -1.7595148840855650       -9.4730620737895482E-003
  -1.6804435905102424       -1.0638757848102962E-002
  -1.6023995456437334       -1.1412924196113327E-002
  -1.5255890833927039       -1.1713953574812920E-002
  -1.4502689679404057       -1.1441765501102329E-002
  -1.3767665287673612       -1.0473410154067390E-002
  -1.3055089786881726       -8.6598078620203304E-003
  -1.2370660524990531       -5.8275256669951276E-003
  -1.1722109271881342       -1.7948246200283127E-003
  -1.1120029914564684        3.5788293726412429E-003
  -1.0578872610962025        1.0277522281148723E-002
  -1.0117783027641325        1.7917567660349923E-002
 -0.97604049516664493        2.5484702273987681E-002
 -0.95321389072192952        3.1276883940642819E-002
 -0.94535733072994665        3.3471024802784022E-002
  -3.9602179424338306       -5.5582742631365345E-003
  -3.9525660332982562       -3.8014821969048606E-003
  -3.9302711672692698        8.8011609390113092E-004
  -3.8951879211732914        7.0951635491228425E-003
  -3.8496657933063156        1.3476343728835641E-002
  -3.7959623531384925        1.9143375492855327E-002
  -3.7359625697484073        2.3713984243309595E-002
  -3.6711268163395521        2.7125788451591627E-002
  -3.6025479000105394        2.9469643976417773E-002
  -3.5310353708217632        3.0888478338900741E-002
  -3.4571917397004963        3.1528708690976029E-002
  -3.3814714050174897        3.1521480790428727E-002
  -3.3042233113260844        3.0978018595099719E-002
  -3.2257210086419574        2.9990710771242834E-002
  -3.1461836766608329        2.8636039024143765E-002
  -3.0657908794106423        2.6977726378271744E-002
  -2.9846930222009265        2.5069526345463507E-002
  -2.9030188679488749        2.2957515119835736E-002
  -2.8208810350976314        2.0681917053400025E-002
  -2.7383801037147419        1.8278545203573537E-002
  -2.6556077589384541        1.5779944288323258E-002
  -2.5726492702148178        1.3216313407139784E-002
  -2.4895855188156339        1.0616272867755058E-002
  -2.4064947304202051        8.0075281069531649E-003
  -2.3234540347894734        5.4174755325549330E-003
  -2.2405409550961166        2.8737904978232251E-003
  -2.1578349222292488        4.0503661529549506E-004
  -2.0754189133278382       -1.9586616288246443E-003
  -1.9933813297311389       -4.1848341098023921E-003
  -1.9118182603498497       -6.2377076568003635E-003
  -1.8308363277454869       -8.0769984208708106E-003
  -1.7505563954709618       -9.6563536920933751E-003
  -1.6711185419584795       -1.0921316267787029E-002
  -1.5926889030803135       -1.1806661887164399E-002
  -1.5154692907123173       -1.2232965128426568E-002
  -1.4397109649743818       -1.2102343752187316E-002
  -1.3657346491776641       -1.1293670062789612E-002
  -1.2939599027789974       -9.6584830744434434E-003
  -1.2249482830145186       -7.0211847703451477E-003
  -1.1594658767191048       -3.1924043633909712E-003
  -1.0985699521458618        1.9851666107942255E-003
  -1.0437163501266804        8.5241004568145703E-003
 -0.99685686782373517        1.6075639400737710E-002
 -0.96043500396080284        2.3643761636218268E-002
 -0.93711300510465578        2.9493420221188185E-002
 -0.92907448256756620        3.1721683837852448E-002
  -3.9623801108113739       -3.1428776491492388E-003
  -3.9545930458288954       -1.3783432593939698E-003
  -3.9319256556937709        3.3053905738135085E-003
  -3.8963162799077642        9.4793965818775281E-003
  -3.8502012829755552        1.5761657942789054E-002
  -3.7958993555384266        2.1284183310685288E-002
  -3.7353280354582625        2.5686888597404239E-002
  -3.6699603021194647        2.8926238409822475E-002
  -3.6008906374090843        3.1104764593807489E-002
  -3.5289253429210468        3.2371034398880401E-002
  -3.4546620034534592        3.2873268383902636E-002
  -3.3785499370049150        3.2742346025965048E-002
  -3.3009334669726687        3.2088265546837948E-002
  -3.2220821611104831        3.1001844260651733E-002
  -3.1422118476154259        2.9557954543572362E-002
  -3.0614992916105006        2.7818809038395096E-002
  -2.9800925566562357        2.5836797816702006E-002
  -2.8981184299490605        2.3656785130184231E-002
  -2.8156878406850958        2.1317920007163284E-002
  -2.7328998992158100        1.8855054555038653E-002
  -2.6498449847304908        1.6299862996210890E-002
  -2.5666071776735682        1.3681741171084548E-002
  -2.4832662470374198        1.1028551540127081E-002
  -2.3998993470830947        8.3672665308922849E-003
  -2.3165825434330198        5.7245545089895794E-003
  -2.2333922690952841        3.1273478421158536E-003
  -2.1504068037061814        6.0343143366380038E-004
  -2.0677078730544638       -1.8179071596080185E-003
  -1.9853824815830245       -4.1051179416666285E-003
  -1.9035251209346018       -6.2234590211208782E-003
  -1.8222405483378725       -8.1338196995232002E-003
  -1.7416474093507714       -9.7911940095246411E-003
  -1.6618831059996224       -1.1142672704228137E-002
  -1.5831105091195989       -1.2124792273778759E-002
  -1.5055274228683662       -1.2660070818672190E-002
  -1.4293801910530388       -1.2652628873581510E-002
  -1.3549835745813366       -1.1983083284383505E-002
  -1.2827501216641108       -1.0503765160566074E-002
  -1.2132337135932276       -8.0375486689972138E-003
  -1.1471934198463472       -4.3888135513986386E-003
  -1.0856835054295400        6.1417753970350100E-004
  -1.0301679938152801        7.0094144745178038E-003
 -0.98263066100266527        1.4480581983429551E-002
 -0.94558617833663039        2.2050251961701264E-002
 -0.92181008161420697        2.7954422395159807E-002
 -0.91360409208286186        3.0215177249912600E-002
  -3.9634006629319511       -9.8469251871457163E-004
  -3.9554914040009770        7.8660853797957848E-004
  -3.9324879679912002        5.4714001949282050E-003
  -3.8964058413535683        1.1607053546331800E-002
  -3.8497603794312139        1.7799325174930720E-002
  -3.7949248627014409        2.3192204561148549E-002
  -3.7338452159168516        2.7445738315250087E-002
  -3.6680049314303380        3.0532950247212465E-002
  -3.5984994576570939        3.2566336235703805E-002
  -3.5261318973404410        3.3699092312170179E-002
  -3.4514953057205182        3.4080771928415451E-002
  -3.3750344354020734        3.3841858525369722E-002
  -3.2970895094627237        3.3091182713089286E-002
  -3.2179265918979243        3.1918139036935279E-002
  -3.1377585800555789        3.0396173740310225E-002
  -3.0567598026982785        2.8586177511307747E-002
  -2.9750762921713445        2.6539356712296024E-002
  -2.8928331265897778        2.4299529279696929E-002
  -2.8101397768374059        2.1904919490913447E-002
  -2.7270940862748589        1.9389555263313946E-002
  -2.6437853092538597        1.6784365495650891E-002
  -2.5602965024618398        1.4118058948378686E-002
  -2.4767064770453668        1.1417850105657242E-002
  -2.3930914640295082        8.7100846204541792E-003
  -2.3095266110979238        6.0208080667508010E-003
  -2.2260874094962007        3.3763167657049750E-003
  -2.1428511425229027        8.0372828990410677E-004
  -2.0598984506978670       -1.6683880338942262E-003
  -1.9773151240380806       -4.0092732870626513E-003
  -1.8951942618046753       -6.1850743367863987E-003
  -1.8136389902477452       -8.1576946680914971E-003
  -1.7327660089828920       -9.8832973589467344E-003
  -1.6527103627446502       -1.1310324264237526E-002
  -1.5736320334700140       -1.2376860345805693E-002
  -1.4957252597030748       -1.3007151750854056E-002
  -1.4192319809784131       -1.3107131664492533E-002
  -1.3444615680617416       -1.2559054815967828E-002
  -1.2718201489607759       -1.1216128882376639E-002
  -1.2018544306818211       -8.9001557016381849E-003
  -1.1353166412622151       -5.4103457414946725E-003
  -1.0732574403240551       -5.6247243882554638E-004
  -1.0171469236230217        5.7041814892882592E-003
 -0.96899637525567683        1.3103332001289179E-002
 -0.93138453186412062        2.0676040980091275E-002
 -0.90719186550871600        2.6632640350943409E-002
 -0.89883166028100070        2.8924585657876051E-002
  -3.9634001575320910        9.4764443500715116E-004
  -3.9553804243039412        2.7249278383744231E-003
  -3.9320737808310038        7.4101264110306275E-003
  -3.8955665889758997        1.3510349118253419E-002
  -3.8484459417544685        1.9621128071434825E-002
  -3.7931338988645247        2.4897925338473313E-002
  -3.7316011937185274        2.9018986422239598E-002
  -3.6653401315673837        3.1971895689703975E-002
  -3.5954466205822002        3.3877684696125065E-002
  -3.5227206840025302        3.4893373067406773E-002
  -3.4477512378230504        3.5169498643683947E-002
  -3.3709789404378139        3.4836077286388455E-002
  -3.2927403768718126        3.4000847141752950E-002
  -3.2132985246316568        3.2751921836097257E-002
  -3.1328637127376604        3.1161485672122298E-002
  -3.0516081434041635        2.9289271434795559E-002
  -2.9696760814558862        2.7185455613348938E-002
  -2.8871911212618904        2.4892950016349443E-002
  -2.8042614698412138        2.2449180634142942E-002
  -2.7209838737863570        1.9887465435018722E-002
  -2.6374466143747357        1.7238092159765742E-002
  -2.5537318628037102        1.4529178924217977E-002
  -2.4699176014716455        1.1787383289122691E-002
  -2.3860792619729900        9.0385120977342810E-003
  -2.3022911961802803        6.3080752642087241E-003
  -2.2186280775636056        3.6218216267803081E-003
  -2.1351663225758446        1.0062937603577166E-003
  -2.0519856254124123       -1.5105586650878504E-003
  -1.9691707145157238       -3.8986603541720367E-003
  -1.8868134687031604       -6.1249278069253066E-003
  -1.8050155803953654       -8.1521450966735784E-003
  -1.7238920328786760       -9.9374938647947709E-003
  -1.6435757841015453       -1.1430598528534478E-002
  -1.5642242477967518       -1.2570907773708539E-002
  -1.4860284767899978       -1.3284203149149843E-002
  -1.4092264511663959       -1.3478051109296719E-002
  -1.3341226568229039       -1.3036223348631996E-002
  -1.2611173377830232       -1.1812828625367850E-002
  -1.1907505096395792       -9.6289174888565254E-003
  -1.1237677948907550       -6.2793735352201811E-003
  -1.0612158501947972       -1.5690799627868914E-003
  -1.0045691577745621        4.5830708471769517E-003
 -0.95586270991236533        1.1918552127640073E-002
 -0.91773299116955576        1.9496496178174717E-002
 -0.89315767039139859        2.5504202154856340E-002
 -0.88465528803445026        2.7826338766662212E-002
  -3.9624844145455049        2.6818241400957412E-003
  -3.9543647597901157        4.4644631739837286E-003
  -3.9307843621777292        9.1497421130551683E-003
  -3.8938945833997942        1.5217550364341782E-002
  -3.8463476265947825        2.1254808938691225E-002
  -3.7906091815172758        2.6427821642576694E-002
  -3.7286717299181644        3.0431249928171665E-002
  -3.6620350070304628        3.3265499600600747E-002
  -3.5917950240270642        3.5058945547360998E-002
  -3.5187488857306191        3.5971787910283895E-002
  -3.4434817418121950        3.6155291243517781E-002
  -3.3664305830285932        3.5738971787481241E-002
  -3.2879287648049895        3.4829558150904036E-002
  -3.2082365415346374        3.3514015174636098E-002
  -3.1275619865175854        3.1863411195228390E-002
  -3.0460754406838770        2.9936463637946376E-002
  -2.9639196259216591        2.7782450949722124E-002
  -2.8812168440005133        2.5443497850903860E-002
  -2.7980742025208185        2.2956338756810912E-002
  -2.7145874949412971        2.0353677663354351E-002
  -2.6308441573135442        1.7665248404349548E-002
  -2.5469255916909272        1.4918659068503625E-002
  -2.4629090602735317        1.2140086320828214E-002
  -2.3788692992812286        9.3548716005812781E-003
  -2.2948799674048557        6.5880618644667604E-003
  -2.2110150245381250        3.8649323886539191E-003
  -2.1273501291463872        1.2115278779265262E-003
  -2.0439641459706488       -1.3447392034474221E-003
  -1.9609408705603242       -3.7743871164521953E-003
  -1.8783711062281154       -6.0450018370884536E-003
  -1.7963552780636460       -8.1201352078534884E-003
  -1.7150068474329860       -9.9578595526661311E-003
  -1.6344569153231017       -1.1508837325321973E-002
  -1.5548606010038366       -1.2713720366409553E-002
  -1.4764060979308551       -1.3499654534518592E-002
  -1.3993278122867010       -1.3775673588993028E-002
  -1.3239257888334142       -1.3426940529419451E-002
  -1.2505948687360775       -1.2308450052589582E-002
  -1.1798688288946115       -1.0240723168676052E-002
  -1.1124869518558476       -7.0149720236744595E-003
  -1.0494916404776489       -2.4265042178299324E-003
 -0.99236041459218449        3.6241626704191661E-003
 -0.94314874695979789        1.0904159057310403E-002
 -0.90454528314130711        1.8490061277377949E-002
 -0.87961779366097304        2.4548209348083005E-002
 -0.87098410495857748        2.6899813871022957E-002
  -3.9607462381199454        4.2423061253699145E-003
  -3.9525361280220728        6.0298034930148263E-003
  -3.9287083045695210        1.0715078982358326E-002
  -3.8914736791052911        1.6753482551372587E-002
  -3.8435435493369670        2.2724619272388318E-002
  -3.7874226866837195        2.7804937622230994E-002
  -3.7251227039255457        3.1703888859588858E-002
  -3.6581496391569619        3.4433191404147807E-002
  -3.5875993608657271        3.6127566981050366E-002
  -3.5142662387618637        3.6949881026084458E-002
  -3.4387320053347947        3.7051934772583464E-002
  -3.3614303669026402        3.6562739151344725E-002
  -3.2826918090293042        3.5588098020722082E-002
  -3.2027741791848525        3.4213948520414157E-002
  -3.1218835647226535        3.2510372091331112E-002
  -3.0401886728392782        3.0535194529891899E-002
  -2.9578308742846109        2.8336909381980652E-002
  -2.8749313409261568        2.5956955676550587E-002
  -2.7915962205679938        2.3431466682559011E-002
  -2.7079204752646060        2.0792613469212209E-002
  -2.6239908040520996        1.8069649467951372E-002
  -2.5398879382272654        1.5289740555936720E-002
  -2.4556885115339311        1.2478646402631096E-002
  -2.3714666527313559        9.6613047156914635E-003
  -2.2872954140225774        6.8623605734501377E-003
  -2.2032481297420232        4.1066778093272228E-003
  -2.1193997923299657        1.4198681108115335E-003
  -2.0358285358314503       -1.1711238632177623E-003
  -1.9526173316987274       -3.6373339966419829E-003
  -1.8698560303846583       -5.9469330948587144E-003
  -1.7876439307181577       -8.0641450794012338E-003
  -1.7060931371740864       -9.9478239278963446E-003
  -1.6253330893906537       -1.1549545982091175E-002
  -1.5455168460303523       -1.2811026758729400E-002
  -1.4668300214102059       -1.3660625153400165E-002
  -1.3895037812761659       -1.4008690692128517E-002
  -1.3138341171467642       -1.3741653262726066E-002
  -1.2402108951453070       -1.2715352875558554E-002
  -1.1691620696986464       -1.0749929531634136E-002
  -1.1014208576610831       -7.6334322166050810E-003
  -1.0380252603114735       -3.1526709477746732E-003
 -0.98045475240008251        2.8084843907701580E-003
 -0.93078254508909208        1.0040913837236185E-002
 -0.89174452537096771        1.7637888001462380E-002
 -0.86649212302546075        2.3746386817067502E-002
 -0.85773688483724742        2.6126989374167842E-002
  -3.9582669324823798        5.6507076332815379E-003
  -3.9499748285347005        7.4426721899620149E-003
  -3.9259230397287905        1.2128039083208024E-002
  -3.8883770145250116        1.8139971021232940E-002
  -3.8401017165844893        2.4051793122354562E-002
  -3.7836369921524482        2.9049375861322311E-002
  -3.7210113461198571        3.2855490490722408E-002
  -3.6537361987979522        3.5491861632636137E-002
  -3.5829071120085021        3.7098723727751338E-002
  -3.5093159124528461        3.7841193339766092E-002
  -3.4335412375821628        3.7871468737828012E-002
  -3.3560138514980471        3.7318066996288528E-002
  -3.2770616859800366        3.6285950178965083E-002
  -3.1969404565840049        3.4860137431410379E-002
  -3.1158544977207745        3.3109836996029443E-002
  -3.0339710783983351        3.1092090402867339E-002
  -2.9514303824337951        2.8854703553669578E-002
  -2.8683525906971821        2.6438516406007018E-002
  -2.7848430101572599        2.3879138007627896E-002
  -2.7009958750284753        2.1208275249750497E-002
  -2.6168972393003465        1.8454763399810274E-002
  -2.5326272470765434        1.5645383481811884E-002
  -2.4482619815294262        1.2805532184824027E-002
  -2.3638750385708294        9.9597956047924752E-003
  -2.2795389374787760        7.1324685607479180E-003
  -2.1953264617028898        4.3480559527684683E-003
  -2.1113120156728247        1.6317912951772312E-003
  -2.0275730865171444       -9.8978982431563445E-004
  -1.9441919138997397       -3.4881765701265692E-003
  -1.8612574995149802       -5.8320527137955356E-003
  -1.7788681357642748       -7.9862327809614546E-003
  -1.6971347105944912       -9.9102591729257911E-003
  -1.6161851689930744       -1.1556515291691940E-002
  -1.5361707088658119       -1.2867659181789563E-002
  -1.4572746058399921       -1.3773129433648624E-002
  -1.3797250730041313       -1.4184454242885823E-002
  -1.3038143862378890       -1.3989210846249997E-002
  -1.2299278140435446       -1.3044028305931696E-002
  -1.1585878650672510       -1.1168760234144587E-002
  -1.0905219590510560       -8.1486847333720018E-003
  -1.0267636181062161       -3.7629954349271575E-003
 -0.96879339846191315        2.1196146589009166E-003
 -0.91869991830248210        9.3120668820952258E-003
 -0.87926199090570256        1.6923515848822578E-002
 -0.85370890783490350        2.3082779410861558E-002
 -0.84484082219307355        2.5492145244275084E-002
  -3.9551176348903718        6.9261474164136550E-003
  -3.9467510749004742        8.7222751605536292E-003
  -3.9224961619691001        1.3407957433686970E-002
  -3.8846683061428449        1.9396227184538633E-002
  -3.8360812631228036        2.5254955159720517E-002
  -3.7793064326738892        3.0178714091098020E-002
  -3.7163872959860647        3.3902276039367282E-002
  -3.6488399018897848        3.6456242219925834E-002
  -3.5777594012109062        3.7985660353593541E-002
  -3.5039352695054293        3.8657564074531400E-002
  -3.4279433431977262        3.8624446603839790E-002
  -3.3502117484117000        3.8014353328964051E-002
  -3.2710661403473682        3.6931483436143490E-002
  -3.1907603417766794        3.5460036672897641E-002
  -3.1094971355776573        3.3668447978622729E-002
  -3.0274425208787390        3.1613067779451776E-002
  -2.9447356354562100        2.9341098070004155E-002
  -2.8614957880923311        2.6892853930843334E-002
  -2.7778275465892275        2.4303485851868929E-002
  -2.6938245057291281        2.1604295098193293E-002
  -2.6095721529033455        1.8823751706592558E-002
  -2.5251501162645789        1.5988300592627906E-002
  -2.4406339947914457        1.3123021351441127E-002
  -2.3560969151206153        1.0252192738623878E-002
  -2.2716109262660087        7.3998031617960799E-003
  -2.1872483243820282        4.5900431989370225E-003
  -2.1030829923007395        1.8478147998217136E-003
  -2.0191918415336358       -8.0070557834928217E-004
  -1.9356564584974547       -3.3274056221953077E-003
  -1.8525650846996164       -5.7014208200170417E-003
  -1.7700151080962159       -7.8880866985244942E-003
  -1.6881163196401558       -9.8475541555587374E-003
  -1.6069953118047611       -1.1532921584604798E-002
  -1.5268015924833944       -1.2887684315105194E-002
  -1.4477163046619346       -1.3842243346926594E-002
  -1.3699649564749694       -1.4309182331399811E-002
  -1.2938364006863241       -1.4177113270885031E-002
  -1.2197116386550069       -1.3303389171252610E-002
  -1.1481080695408605       -1.1507632251483463E-002
  -1.0797475692789322       -8.5726502346658885E-003
  -1.0156591487710174       -4.2707376188473407E-003
 -0.95732373592791509        1.5433452157685263E-003
 -0.90684337103578083        8.7030508201555098E-003
 -0.86703602256152068        1.6332593722742806E-002
 -0.84120367272326080        2.2543488934340886E-002
 -0.83223044823093051        2.4981603879438045E-002
  -3.9513604868976380        8.0855497672146209E-003
  -3.9429261633212764        9.8856084432416697E-003
  -3.9184865841942118        1.4571921459356520E-002
  -3.8804029726860154        2.0539185785976764E-002
  -3.8315335210935304        2.6350472880102688E-002
  -3.7744780950519119        3.1208360352326006E-002
  -3.7112935123185244        3.4858443767901086E-002
  -3.6434998318600438        3.7339225173507372E-002
  -3.5721917323158876        3.8799978034955704E-002
  -3.4981565237995937        3.9409382734408187E-002
  -3.4219675077938367        3.9320153365634478E-002
  -3.3440504419278798        3.8659892061833574E-002
  -3.2647289475737944        3.7532108786483019E-002
  -3.1842551626136113        3.6020271973503361E-002
  -3.1028304926162229        3.4192130869542821E-002
  -3.0206198118974181        3.2103425658153231E-002
  -2.9377613333113044        2.9800826633816578E-002
  -2.8543735955817837        2.7324187704699712E-002
  -2.7705605144653864        2.4708257023988527E-002
  -2.6864151210025264        2.1983980273986462E-002
  -2.6020224031111967        1.9179507454959884E-002
  -2.5174615339289845        1.6320988969860072E-002
  -2.4328076849999181        1.3433226468565519E-002
  -2.3481335680305024        1.0540229136058567E-002
  -2.2635108153178360        7.6657163791118144E-003
  -2.1790112900372804        4.8336025191734093E-003
  -2.0947084101194666        2.0684977177902551E-003
  -2.0106785722884779       -6.0373806511589611E-004
  -1.9270027766808269       -3.1553442641252889E-003
  -1.8437685800978594       -5.5558557081244369E-003
  -1.7610725529349460       -7.7710692960936403E-003
  -1.6790234909949187       -9.7616757500546998E-003
  -1.5977467554035587       -1.1481408998004585E-002
  -1.5173903097666348       -1.2874510209876955E-002
  -1.4381333406403078       -1.3872239794986387E-002
  -1.3601988637157629       -1.4388126665102715E-002
  -1.2838725608369368       -1.4311713016837863E-002
  -1.2095314533762023       -1.3501006477970347E-002
  -1.1376881273887307       -1.1775423799763853E-002
  -1.0690591467957036       -8.9155299041007077E-003
  -1.0046690063658357       -4.6873004150400606E-003
 -0.94599842303584025        1.0673924989797552E-003
 -0.89516116602037021        8.2012151289709064E-003
 -0.85501107550770039        1.5852638215483800E-002
 -0.82891825410023456        2.2116446297755384E-002
 -0.81984666732673728        2.4583506086846067E-002
  -3.9470496625877192        9.1439135621671878E-003
  -3.9385534969563993        1.0947730293037384E-002
  -3.9139455471427187        1.5635052552642463E-002
  -3.8756291117055826        2.1583799769633434E-002
  -3.8265029446538672        2.7352761083548331E-002
  -3.7691926761973744        3.2151856634996909E-002
  -3.7057670571619257        3.5736459768061016E-002
  -3.6377496482807019        3.8152131192547740E-002
  -3.5662346256372426        3.9551875784058471E-002
  -3.4920073097334354        4.0105801270477255E-002
  -3.4156387063033833        3.9966789423620044E-002
  -3.3375524424481018        3.9262030760681257E-002
  -3.2580703180151418        3.8094413836739290E-002
  -3.1774429666961947        3.6546754114289905E-002
  -3.0958705675416089        3.4686191882858666E-002
  -3.0135169952304328        3.2567927292983960E-002
  -2.9305196419803736        3.0238161291373914E-002
  -2.8469963641736551        2.7736341428497711E-002
  -2.7630505003444576        2.5096861786338517E-002
  -2.6787745827549725        2.2350355366857103E-002
  -2.5942531574385419        1.9524690850126793E-002
  -2.5095649947824668        1.6645759748631778E-002
  -2.4247848875667497        1.3738119290854351E-002
  -2.3399851791533361        1.0825541435335238E-002
  -2.2552371310027870        7.9315086261795391E-003
  -2.1706122198198758        5.0796915283385074E-003
  -2.0861834471389922        2.2944425811940120E-003
  -2.0020267468867026       -3.9865823569340590E-004
  -1.9182225900939769       -2.9721620275318201E-003
  -1.8348579132337974       -5.3959580530387879E-003
  -1.7520285431800966       -7.6362533821076484E-003
  -1.6698423673204692       -9.6542194546489352E-003
  -1.5884236186030638       -1.1404157087206128E-002
  -1.5079188404673185       -1.2830973824666244E-002
  -1.4285054132811876       -1.3866699145543494E-002
  -1.3504040418334957       -1.4425709037969732E-002
  -1.2738974531854179       -1.4398379726397747E-002
  -1.1993589361211181       -1.3643303036518591E-002
  -1.1272965213538364       -1.1979694890422504E-002
  -1.0584216671813620       -9.1860466986293191E-003
 -0.99375436067289358       -5.0224804492869715E-003
 -0.93477462305581582        6.8115188740849398E-004
 -0.88360650462923629        7.7955972835545614E-003
 -0.84313686970151924        1.5472824124671452E-002
 -0.81679994253423627        2.1791214526501835E-002
 -0.80763589762829158        2.4287617850175171E-002
  -3.9422322701911510        1.0114550515013587E-002
  -3.9336794828359434        1.1922001950119131E-002
  -3.9089174998166021        1.6610754369221829E-002
  -3.8703883476211343        2.2543298330722272E-002
  -3.8210279097153079        2.8274545637998954E-002
  -3.7634852232973026        3.3021139356263621E-002
  -3.6998397713116686        3.6547305578698300E-002
  -3.6316181976592565        3.8904937434112920E-002
  -3.5599141671645316        4.0250354738828507E-002
  -3.4855111745134919        4.0754914038567569E-002
  -3.4089781435092172        4.0571627163052015E-002
  -3.3307367802917609        3.9827305786361109E-002
  -3.2511072486262216        3.8624278867949308E-002
  -3.1703388350252282        3.7044778335276821E-002
  -3.0886306225738949        3.5155402665664776E-002
  -3.0061455944182138        3.3010872960124206E-002
  -2.9230204120442940        3.0656974727137271E-002
  -2.8393723250238505        2.8132796412506270E-002
  -2.7553041590490959        2.5472419558371515E-002
  -2.6709080034759540        2.2706201364418206E-002
  -2.5862680119696440        1.9861762453586097E-002
  -2.5014625970978024        1.6964766047786319E-002
  -2.4165662147073772        1.4039553752292062E-002
  -2.3316508798391906        1.1109688085887528E-002
  -2.2467875225100227        8.1984420545516013E-003
  -2.1620472728498408        5.3292706723925909E-003
  -2.0775027575558704        2.5262979183335449E-003
  -1.9932294922384184       -1.8514484432454947E-004
  -1.9093074676630024       -2.7778859667932265E-003
  -1.8258230548782675       -5.2221305448647360E-003
  -1.7428714002830947       -7.4844517765467987E-003
  -1.6605595566074824       -9.5264508810956345E-003
  -1.5790107162652203       -1.1302936215870115E-002
  -1.4983701079071212       -1.2759412648458970E-002
  -1.4188134332578262       -1.3828599580303269E-002
  -1.3405592404122009       -1.4425632854745827E-002
  -1.2638874855103650       -1.4441634933722790E-002
  -1.1891679357571077       -1.3735712353465223E-002
  -1.1169042873978419       -1.2126869280970348E-002
  -1.0478030718156330       -9.3916459708598288E-003
 -0.98287977989108710       -5.2846788190881377E-003
 -0.92361332688035480        3.7548853606798492E-004
 -0.87213680234233371        7.4767258529305821E-003
 -0.83136763612625175        1.5183803454969407E-002
 -0.80480071611948423        2.1558819096288553E-002
 -0.79554930128712342        2.4085164373313418E-002
  -3.9369491415301310        1.1009296352478796E-002
  -3.9283443161349116        1.2820300883517955E-002
  -3.9034408666694480        1.7510931998900761E-002
  -3.8647165675612820        2.3429413079135184E-002
  -3.8151414052945372        2.9127092539681362E-002
  -3.7573857720695267        3.3826763652728117E-002
  -3.6935388561174349        3.7300690099853442E-002
  -3.6251300394697861        3.9606471803680689E-002
  -3.5532524818816515        4.0903392349813029E-002
  -3.4786880028934761        4.1363911553381885E-002
  -3.4020036345845259        4.1141145293466304E-002
  -3.3236193462233352        4.0361558934711959E-002
  -3.2438538272584134        3.9126977752884387E-002
  -3.1629551533806981        3.7519111513236156E-002
  -3.0811214247493299        3.5604075586636266E-002
  -2.9985148263857475        3.3436165010792794E-002
  -2.9152713666205572        3.1060796514378337E-002
  -2.8315077533313380        2.8516740237165800E-002
  -2.7473263548435241        2.5837800988308297E-002
  -2.6628188657383580        2.3054091936401584E-002
  -2.5780690899643961        2.0193014295651911E-002
  -2.4931551209663216        1.7280029351841187E-002
  -2.4081511136762113        1.4339287892129897E-002
  -2.3231287892585404        1.1394166931522899E-002
  -2.2381587801600786        8.4677537475685103E-003
  -2.1533119042004234        5.5833118238215887E-003
  -2.0686604488751366        2.7647618739576885E-003
  -1.9842795495450603        3.7213642207283261E-005
  -1.9002487584153493       -2.5724088428028397E-003
  -1.8166539278839529       -5.0345932975663400E-003
  -1.7335895774590364       -7.3162411169464189E-003
  -1.6511619877612147       -9.3793393656017975E-003
  -1.5694933848442891       -1.1179152618356792E-002
  -1.4887277716025662       -1.2661723082572029E-002
  -1.4090392787354893       -1.3760390824835976E-002
  -1.3306444276392841       -1.4390974255945883E-002
  -1.2538205584391779       -1.4445262372786484E-002
  -1.1789340944781661       -1.3782809156251295E-002
  -1.1064845834342614       -1.2222384716062195E-002
  -1.0371737796015137       -9.5386623614512021E-003
 -0.97201268455388967       -5.4810781434129815E-003
 -0.91247875288914670        1.4255969037584845E-004
 -0.86071304432632278        7.2364516309993852E-003
 -0.81966144273934616        1.4977549741887740E-002
 -0.79287655159830195        2.1411602693141761E-002
 -0.78354209142781617        2.3968688544133875E-002
  -3.9312355219826318        1.1838698225054076E-002
  -3.9225826647460345        1.3653209900454800E-002
  -3.8975487150630097        1.8346185698761383E-002
  -3.8586445589788614        2.4252576654735476E-002
  -3.8088716304437011        2.9920407441534354E-002
  -3.7509198964546209        3.4578097331169427E-002
  -3.6868873738357366        3.8005231918897646E-002
  -3.6183058982784493        4.0264579733088370E-002
  -3.5462681405663377        4.1518091940510225E-002
  -3.4715543822792601        4.1939212838036269E-002
  -3.3947299322288766        4.1681144999073751E-002
  -3.3162131841114206        4.0870038888006825E-002
  -3.2363214939598817        3.9607266368576366E-002
  -3.1553018449692525        3.7974069163792881E-002
  -3.0733514522207610        3.6036130827710615E-002
  -2.9906317833341958        3.3847366380983096E-002
  -2.9072782604560028        3.1452864188344504E-002
  -2.8234071059516483        2.8891111354125150E-002
  -2.7391202786308915        2.6195666876120665E-002
  -2.6545091198143740        2.3396427314858043E-002
  -2.5696571205214953        2.0520599201047218E-002
  -2.4846420884480800        1.7593464632113986E-002
  -2.3995379086663307        1.4639004991114701E-002
  -2.3144160381437415        1.1680432454598634E-002
  -2.2293468409124397        8.7406690399564578E-003
  -2.1444008519257607        5.8428075170214094E-003
  -2.0596500500346564        3.0105870687610115E-003
  -1.9751692229075091        2.6891909666746733E-004
  -1.8910375197516933       -2.3554944604610192E-003
  -1.8073403140704198       -4.8333953219938256E-003
  -1.7241715438736691       -7.1319803912406549E-003
  -1.6416367704820318       -9.2135846772248425E-003
  -1.5598573160127471       -1.1033884598622413E-002
  -1.4789760323023331       -1.2539407636032337E-002
  -1.3991655690575857       -1.3664053998485351E-002
  -1.3206405294238746       -1.4324256333983829E-002
  -1.2436757663493705       -1.4412398119776975E-002
  -1.1686345065311345       -1.3788416495177678E-002
  -1.0960123019370520       -1.2270816875941070E-002
  -1.0265062502042859       -9.6324584766040947E-003
 -0.96112286002553848       -5.6177910147637584E-003
 -0.90133781088503750       -2.4335797535520531E-005
 -0.84929920803213099        7.0678034788480585E-003
 -0.80797958762986322        1.4847225052960730E-002
 -0.78098680136832399        2.1343102051324548E-002
 -0.77157290423869473        2.3931931546837176E-002
  -3.9251216720890305        1.2612181315147254E-002
  -3.9164242654513104        1.4430185153537348E-002
  -3.8912693346817955        1.9125982496057778E-002
  -3.8521985609903830        2.5022097619641318E-002
  -3.8022425085584177        3.0663410097767539E-002
  -3.7441091809193101        3.5283489389157534E-002
  -3.6799046767202430        3.8668617103605037E-002
  -3.6111630509729116        4.0886268310213761E-002
  -3.5389765078515443        4.2100812081847919E-002
  -3.4641239148002141        4.2486580256266705E-002
  -3.3871690059209301        4.2196851191823669E-002
  -3.3085287402870733        4.1357490196001587E-002
  -3.2285192630226582        4.0069460700565551E-002
  -3.1473865673849524        3.8413584013323572E-002
  -3.0653270680176066        3.6455156647623728E-002
  -2.9825015848790559        3.4247753623041020E-002
  -2.8990450117511961        3.1836169968279870E-002
  -2.8150731339778603        2.9258640273577965E-002
  -2.7306875421524421        2.6548504462545482E-002
  -2.6459792601693848        2.3735466193943823E-002
  -2.5610314978773228        2.0846558690652620E-002
  -2.4759218060337993        1.7906904532253957E-002
  -2.3907238266501025        1.4940334218595334E-002
  -2.3055087780872161        1.1969912962289131E-002
  -2.2203467810652717        9.0184152215837532E-003
  -2.1353081129692684        6.1087810471060324E-003
  -2.0504644701865229        3.2645868661481140E-003
  -1.9658903204919651        5.1056582780508483E-004
  -1.8816644403402101       -2.1267802011720638E-003
  -1.7978717580033075       -4.6184222774513471E-003
  -1.7146056682511754       -6.9318246427005192E-003
  -1.6319710574010520       -9.0296375677089823E-003
  -1.5500883957421516       -1.0867910981849072E-002
  -1.4690994461068547       -1.2393612500687568E-002
  -1.3891754516314716       -1.3541149675322491E-002
  -1.3105291863781787       -1.4227509113328910E-002
  -1.2334331213763403       -1.4345603846915382E-002
  -1.1582474058564456       -1.3755693257677594E-002
  -1.0854637177234909       -1.2275981281449555E-002
  -1.0157745888938046       -9.6775397384926218E-003
 -0.95018201666548330       -5.6999840032691314E-003
 -0.89015961859654880       -1.3088428959919697E-004
 -0.83786174123295254        6.9648661040867975E-003
 -0.79628604815730120        1.4787067494188086E-002
 -0.76909362558062233        2.1347945017315847E-002
 -0.75960322557247717        2.3969733867828732E-002
  -3.9186333905112432        1.3338197355100253E-002
  -3.9098944415244103        1.5159705797063782E-002
  -3.8846267389871372        1.9858808628675843E-002
  -3.8454007396272885        2.5746315011523833E-002
  -3.7952741290116974        3.1364087570863668E-002
  -3.7369716247116362        3.5950417261953117E-002
  -3.6726067733175998        3.9297736667608447E-002
  -3.6037156565614072        4.1477831772984412E-002
  -3.5313900379925447        4.2657279426879954E-002
  -3.4564074818194701        4.3011220021718255E-002
  -3.3793302778768686        4.2693001590612546E-002
  -3.3005740734091034        4.1828232057903217E-002
  -3.2204539089062107        4.0517506504455340E-002
  -3.1392148764319967        3.8841267655486164E-002
  -3.0570526633206376        3.6864464039062232E-002
  -2.9741275020732729        3.4640365441659909E-002
  -2.8905738080034902        3.2213503922458933E-002
  -2.8065069712795876        2.9621887986208878E-002
  -2.7220282499274258        2.6898661623546174E-002
  -2.6372283813569033        2.4073356108969230E-002
  -2.5521903216748374        2.1172849862665294E-002
  -2.4669913895831859        1.8222122980840284E-002
  -2.3817050071670023        1.5244871122991300E-002
  -2.2964021762481615        1.2264028021090846E-002
  -2.2111527958412061        9.3022359028360185E-003
  -2.1260269074777991        6.3822976724992866E-003
  -2.0410959474730244        3.5276432346308681E-003
  -1.9564340873768242        7.6284483584080839E-004
  -1.8721197565067056       -1.8857767377722320E-003
  -1.7882374662465528       -4.3894006269266199E-003
  -1.7048801001320197       -6.7157341532253596E-003
  -1.6221519062845464       -8.8277146992880601E-003
  -1.5401725461594153       -1.0681732642627482E-002
  -1.4590827444080532       -1.2225156676621628E-002
  -1.3790523980690854       -1.3392855730439896E-002
  -1.3002925239266254       -1.4102317321210495E-002
  -1.2230732948938303       -1.4246925689466748E-002
  -1.1477518760163521       -1.3687205050969150E-002
  -1.0748161632339575       -1.2241016466652299E-002
  -1.0049541842805267       -9.6776488782966893E-003
 -0.93916338805897615       -5.7319805456185662E-003
 -0.87891506054393875       -1.8186341163687667E-004
 -0.82636908510187390        6.9226774963883058E-003
 -0.78454697582767874        1.4792297491520725E-002
 -0.75716146935213824        2.1421766455752535E-002
 -0.74759686219924337        2.4077955431054638E-002
  -3.9117924667736714        1.4024357468572364E-002
  -3.9030145502711218        1.5849407789024515E-002
  -3.8776410973593651        2.0552305510486396E-002
  -3.8382695956428199        2.6432735561430200E-002
  -3.7879831244651170        3.2029629546543252E-002
  -3.7295219858408193        3.6585616346854671E-002
  -3.6650066389704845        3.9898807255128621E-002
  -3.5959750346872963        4.2044961722002866E-002
  -3.5235185236283626        4.3192688047779780E-002
  -3.4484134653639309        4.3517871056421402E-002
  -3.3712208194622089        4.3173925919623934E-002
  -3.2923550279342577        4.2286228842277382E-002
  -3.2121301185678952        4.0955042142275827E-002
  -3.1307903588485133        3.9260466634720145E-002
  -3.0485307718673087        3.7267136891172371E-002
  -2.9655110545666963        3.5028047658006420E-002
  -2.8818651868060869        3.2587494348799526E-002
  -2.7977081996651756        2.9983282274538572E-002
  -2.7131410493611274        2.7248379533686799E-002
  -2.6282542135312976        2.4412162789493291E-002
  -2.5431304182292260        2.1501371696020923E-002
  -2.4578467715908943        1.8540858634728187E-002
  -2.3724764957431512        1.5554198337504785E-002
  -2.2870903949886427        1.2564206482739289E-002
  -2.2017581652138949        9.5934063546629852E-003
  -2.1165496307020151        6.6644771981758423E-003
  -2.0315359867894118        3.8007164356297944E-003
  -1.9467911288644260        1.0265503940671450E-003
  -1.8623931606694262       -1.6318648484133548E-003
  -1.7784262003674463       -4.1458982227711560E-003
  -1.6949826467498186       -6.4834792732464085E-003
  -1.6121661399148079       -8.6078082989059987E-003
  -1.5300955673652425       -1.0475587679627299E-002
  -1.4489106563457452       -1.2034553484825867E-002
  -1.3687800057101944       -1.3219996122665350E-002
  -1.2899129310159556       -1.3949857453589442E-002
  -1.2125773711971761       -1.4117940606590029E-002
  -1.1371275763162825       -1.3584980697385955E-002
  -1.0640477243332414       -1.2168450962554327E-002
 -0.99402137108531397       -9.6358427712846719E-003
 -0.92804135865604220       -5.7173453525355550E-003
 -0.86757638001970327       -1.8122964040245612E-004
 -0.81479123279379373        6.9371442119231744E-003
 -0.77273022737435193        1.4859041541734719E-002
 -0.74515657568426352        2.1561142066799151E-002
 -0.73551944836541949        2.4253414080994410E-002
  -3.9046170710465362        1.4677551596936995E-002
  -3.8958023678124141        1.6506204114249811E-002
  -3.8703291052908502        2.1213391648969196E-002
  -3.8308203121528961        2.7088156265995707E-002
  -3.7803829908126598        3.2666548693556813E-002
  -3.7217720711932225        3.7195194866360949E-002
  -3.6571144762558037        4.0477478068364818E-002
  -3.5879498978502458        4.2592844897478811E-002
  -3.5153693018014271        4.3711787855265381E-002
  -3.4401479300569942        4.4010884476778769E-002
  -3.3628455110225066        4.3643617200414181E-002
  -3.2838753736082738        4.2735154036004169E-002
  -3.2035506121325943        4.1385456032979794E-002
  -3.1221147354402028        3.9674314178864405E-002
  -3.0397621566260962        3.7666078697328700E-002
  -2.9566520817159683        3.5413495491892572E-002
  -2.8729180921317088        3.2960646139901587E-002
  -2.7886748909426591        3.0345152585449071E-002
  -2.7040231590699317        2.7599824395128009E-002
  -2.6190531374215480        2.4753899024305394E-002
  -2.5338473424438241        2.1833991268345190E-002
  -2.4484826902551915        1.8864838608958320E-002
  -2.3630322202459682        1.5869906926491349E-002
  -2.2775665555733657        1.2871905499058428E-002
  -2.1921552049388380        9.8932501920791886E-003
  -2.1068677912696936        6.9565082752351248E-003
  -2.0217752851329585        4.0848568315991320E-003
  -1.9369513226547996        1.3025891991766427E-003
  -1.8524736999930085       -1.3642891547554238E-003
  -1.7684261616205201       -3.8873212350757792E-003
  -1.6849006431727811       -6.2346409223222416E-003
  -1.6020002009737788       -8.3696907017562858E-003
  -1.5198429761755590       -1.0249460571482925E-002
  -1.4385677303219648       -1.1822025009300800E-002
  -1.3583418005879266       -1.3023061398339300E-002
  -1.2793728429355113       -1.3770925195368050E-002
  -1.2019266082754139       -1.3959791591992062E-002
  -1.1263544783124098       -1.3450555994183207E-002
  -1.0531369500790897       -1.2060255994972952E-002
 -0.98295311062380775       -9.5545536624712744E-003
 -0.91679111278315850       -5.6589523542778693E-003
 -0.85611679557196940       -1.3218920683885071E-004
 -0.80309931456799222        7.0049731446553409E-003
 -0.76080492295528535        1.4984272556452918E-002
 -0.73304652499659240        2.1763539663127933E-002
 -0.72333797857687288        2.4493842142594049E-002
  -3.8971220871547385        1.5304056584487784E-002
  -3.8882724173097598        1.7136393552073598E-002
  -3.8627042988246454        2.1848372762976052E-002
  -3.8230650481633117        2.7718774750087917E-002
  -3.7724843554701004        3.3280788681820078E-002
  -3.7137309779874883        3.7784736760259237E-002
  -3.6489379299511620        4.1038926669748767E-002
  -3.5796465412854666        4.3126250989792371E-002
  -3.5069474205611408        4.4218964344581134E-002
  -3.4316147682963498        4.4494295701275652E-002
  -3.3542071673455442        4.4105796887013250E-002
  -3.2751369127164276        4.3178449144520861E-002
  -3.1947162332191232        4.1811940037932926E-002
  -3.1131879355682557        4.0085778729247921E-002
  -3.0307458693531011        3.8064056810906730E-002
  -2.9475487879629894        3.5799294044297825E-002
  -2.8637299061544153        3.3335377917271952E-002
  -2.7794036256936945        3.0709764170910498E-002
  -2.6946703750189593        2.7955118876149401E-002
  -2.6096201781592723        2.5100553632775358E-002
  -2.5243353595797648        2.2172570443339343E-002
  -2.4388926593718669        1.9195803015986456E-002
  -2.3533649490210924        1.6193618867811028E-002
  -2.2678226846070890        1.3188630995832108E-002
  -2.1823352012882049        1.0203157845545647E-002
  -2.0969719341531334        7.2596648327325070E-003
  -2.0118036426731525        4.3812191962111502E-003
  -1.9269037178185127        1.5919924294406926E-003
  -1.8423496629856073       -1.0821484989304365E-003
  -1.7582248648014731       -3.6129072061991774E-003
  -1.6746208129435169       -5.9686066294569453E-003
  -1.5916399988758303       -8.1129137611229852E-003
  -1.5093998384088909       -1.0003085423044025E-002
  -1.4280381508301576       -1.1587509736811481E-002
  -1.3477210376781708       -1.2802221372169600E-002
  -1.2686545236181763       -1.3565953866442198E-002
  -1.1911022005113931       -1.3773212638960581E-002
  -1.1154126069528816       -1.3285005877020157E-002
  -1.0420625700623594       -1.1917885241676118E-002
 -0.97172668193963596       -9.4356362583378692E-003
 -0.90538829731167869       -5.5590376550003189E-003
 -0.84451013371329431       -3.7253599806008542E-005
 -0.79126520076782170        7.1236188670566278E-003
 -0.74874102254663333        1.5165766367223313E-002
 -0.72079979223453094        2.2027287963550770E-002
 -0.71102035752250936        2.4797861346805072E-002
  -3.8893193939896542        1.5909634864427587E-002
  -3.8804362458053308        1.7745759970100469E-002
  -3.8547773183560579        2.2463042190108279E-002
  -3.8150131829154086        2.8330289661578516E-002
  -3.7642951985933433        3.3877822229181682E-002
  -3.7054052906721275        3.8359395010054032E-002
  -3.6404822600817295        4.1587945997429931E-002
  -3.5710689934854201        4.3649612675833081E-002
  -3.4982557685873585        4.4718311670360292E-002
  -3.4228158106025401        4.4971890980015319E-002
  -3.3453066302158754        4.4563975444772856E-002
  -3.2661395561355406        4.3619378961754891E-002
  -3.1856260095894111        4.2237540039506485E-002
  -3.1040081433200122        4.0497710387763751E-002
  -3.0214792830553523        3.8463745252935472E-002
  -2.9381977622310123        3.6187957888548047E-002
  -2.8542964561073267        3.3714058764089651E-002
  -2.7698894880270064        3.1079352261940821E-002
  -2.6850770535239401        2.8316373973774300E-002
  -2.5999489768108699        2.5454121215997137E-002
  -2.5145874055373563        2.2518993668117899E-002
  -2.4290689175267999        1.9535530927756093E-002
  -2.3434662291049682        1.6527011261544624E-002
  -2.2578496413251044        1.3515960174875750E-002
  -2.1722883274266649        1.0524607368318476E-002
  -2.0868515460862156        7.5753251668579952E-003
  -2.0016098571114815        4.6910800248891864E-003
  -1.9166364179414592        1.8959311762699394E-003
  -1.8320084512047750       -7.8438253513576613E-004
  -1.7478089982144189       -3.3217138585271899E-003
  -1.6641291159192519       -5.6845618061639493E-003
  -1.5810707449871468       -7.8368028983308649E-003
  -1.4987505908642713       -9.7359431757843371E-003
  -1.4173055464171533       -1.1330663389361133E-002
  -1.3369004938843954       -1.2557330124124398E-002
  -1.2577398424616348       -1.3335024196461849E-002
  -1.1800850378871199       -1.3558543943925215E-002
  -1.1042817804148943       -1.3088965656850844E-002
  -1.0308032128170967       -1.1742302485440306E-002
 -0.96031937648700672       -9.2804016316022434E-003
 -0.89380869028345711       -5.4192384454223343E-003
 -0.83273046960154240        1.0171953683811807E-004
 -0.77926111394649378        7.2912460882884377E-003
 -0.73650891147800657        1.5402074459666725E-002
 -0.70838531225666379        2.2351563562219214E-002
 -0.69853495774960928        2.5164977069013883E-002
  -3.8812180995467451        1.6499625636314800E-002
  -3.8723026538770888        1.8339664053066456E-002
  -3.8465561259013246        2.3062773573565939E-002
  -3.8066715149342736        2.8927993210171574E-002
  -3.7558210307537210        3.4462741375551907E-002
  -3.6967992363362354        3.8923977611878546E-002
  -3.6317504756114189        4.2129024738487092E-002
  -3.5622191294147276        4.4167099897516132E-002
  -3.4892951693920322        4.5213700906786475E-002
  -3.4137509022383599        4.5447270031958309E-002
  -3.3361428287422981        4.5021509897618960E-002
  -3.2568813684866926        4.4061084587956510E-002
  -3.1762771840735038        4.2665204961471574E-002
  -3.0945718150004353        4.0912886420120996E-002
  -3.0119580967108783        3.8867767117877469E-002
  -2.9285939704234685        3.6581970739075785E-002
  -2.8446119950158453        3.4099045462997774E-002
  -2.7601260349215395        3.1456157132002428E-002
  -2.6752360695113393        2.8685722115272691E-002
  -2.5900317378022009        2.5816633470246920E-002
  -2.5045950236402894        2.2875197636902704E-002
  -2.4190023543869974        1.9885868495799014E-002
  -2.3333263021256294        1.6871842982460940E-002
  -2.2476370231640872        1.3855566745846428E-002
  -2.1620035386703647        1.0859188265977777E-002
  -2.0764949404862407        7.9049943573301570E-003
  -1.9911815981948853        5.0158584966159322E-003
  -1.9061364451084091        2.2157358770442414E-003
  -1.8214364325329961       -4.6975393665183877E-004
  -1.7371642659959465       -3.0126030933261610E-003
  -1.6534105793239413       -5.3814757356822184E-003
  -1.5702767719930093       -7.5404453354065114E-003
  -1.4878788484784318       -9.4472523975563660E-003
  -1.4063527839671026       -1.1050852653272091E-002
  -1.3258622486152116       -1.2287923122084135E-002
  -1.2466100401575455       -1.3077865362296975E-002
  -1.1688554557691195       -1.3315737421369043E-002
  -1.0929413422526963       -1.2862641547111546E-002
  -1.0193371184090387       -1.1533997511564278E-002
 -0.94870818892506026       -9.0896383758428175E-003
 -0.88202786748898698       -5.2406183121580267E-003
 -0.82075176713104658        2.8349981509431885E-004
 -0.76705924106271595        7.5067072716490510E-003
 -0.72407898557815975        1.5692513560850909E-002
 -0.69577204360479239        2.2736397430539561E-002
 -0.68585017504029766        2.5595593617770550E-002
  -3.8728247308811405        1.7079030378649614E-002
  -3.8638778813625301        1.8923129339157452E-002
  -3.8380461789555960        2.3652607782658701E-002
  -3.7980444186504654        2.9516857895964022E-002
  -3.7470650295747081        3.5040342094194397E-002
  -3.6879148006933136        3.9483028302680703E-002
  -3.6227434303601083        4.2666423099138429E-002
  -3.5530967475226420        4.4682690306872337E-002
  -3.4800644407473649        4.5708845282182609E-002
  -3.4044179463220265        4.5923906442113402E-002
  -3.3267128072890064        4.5481659864772844E-002
  -3.2473585818591837        4.4506635597900523E-002
  -3.1666652149099321        4.3097835531624260E-002
  -3.0848736667785288        4.1334057027360399E-002
  -3.0021763107964636        3.9278737716257561E-002
  -2.9187307193120997        3.6983826276719887E-002
  -2.8346691543444509        3.4492721268436034E-002
  -2.7501052379622011        3.1842461039763167E-002
  -2.6651387476153805        2.9065352457882311E-002
  -2.5798591495991121        2.6190192997444097E-002
  -2.4943482750776576        2.3243203737022732E-002
  -2.4086824110420761        2.0248760130755911E-002
  -2.3229339946443881        1.7229984666219788E-002
  -2.2371730461689330        1.4209249768400765E-002
  -2.1514684429882460        1.1208629220167181E-002
  -2.0658891180423655        8.2503308743627941E-003
  -1.9805052583448026        5.3571419404416232E-003
  -1.8953895804830094        2.5529205900230263E-003
  -1.8106187715699820       -1.3682539397468632E-004
  -1.7262752081239736       -2.6842193781058455E-003
  -1.6424491071099572       -5.0580815055210676E-003
  -1.5592413322661278       -7.2226717743595582E-003
  -1.4767671912531604       -9.1359529637880053E-003
  -1.3951617436140658       -1.0747141177581849E-002
  -1.3145874459504745       -1.1993205917552091E-002
  -1.2352454771815355       -1.2793846823537399E-002
  -1.1573929685461815       -1.3044352164050669E-002
  -1.0813698787055106       -1.2605810220343835E-002
  -1.0076418375820040       -1.1292990086687566E-002
 -0.93686949588839485       -8.8636209118546014E-003
 -0.87002085830942744       -5.0236788351338260E-003
 -0.80854750916876372        5.0747207835628188E-004
 -0.75463133589481612        7.7695360389450742E-003
 -0.71142122549595221        1.6037173405953030E-002
 -0.68292851970851676        2.3182703214656930E-002
 -0.67293397032050406        2.6091053334164737E-002
  -3.8641433823430895        1.7652594582585054E-002
  -3.8551657514598445        1.9500924480216290E-002
  -3.8292505630827183        2.4237336048688336E-002
  -3.7891339604532752        3.0101619487154181E-002
  -3.7380281368046906        3.5615205345234227E-002
  -3.6787518056685435        4.0040904133535317E-002
  -3.6134598817112167        4.3204246001069618E-002
  -3.5436996106571477        4.5200237811119592E-002
  -3.4705604190055177        4.6207364208457953E-002
  -3.3948129126879545        4.6405207524335017E-002
  -3.3170117198818532        4.5947643685579263E-002
  -3.2375655766221416        4.4959082862780747E-002
  -3.1567837436872530        4.3538334206726932E-002
  -3.0749066303654740        4.1763992736959389E-002
  -2.9921261712092968        3.9699309748582677E-002
  -2.9085995891258185        3.7396071377929739E-002
  -2.8244588656071339        3.4897537424672428E-002
  -2.7398173942681066        3.2240628233677376E-002
  -2.6547747626711224        2.9457549547225861E-002
  -2.5694202749699526        2.6577010757570612E-002
  -2.4838356191031901        2.3625154411178139E-002
  -2.3980969502738230        2.0626283868431450E-002
  -2.3122765785979511        1.7603453152596819E-002
  -2.2264443956794722        1.4578967226410184E-002
  -2.1406691419752502        1.1574830828278804E-002
  -2.0550195979859036        8.6131784984663402E-003
  -1.9695657742015320        5.7167169291897548E-003
  -1.8843801760656913        2.9092132330871380E-003
  -1.7995392315006014        2.1606971436244978E-004
  -1.7151249922414635       -2.3349614103275297E-003
  -1.6312272615221945       -4.7128487815054380E-003
  -1.5479463688806427       -6.8820304389086056E-003
  -1.4653969243350016       -8.8006815705725557E-003
  -1.3837130673850297       -1.0418266815650733E-002
  -1.3030560311948287       -1.1672033431910752E-002
  -1.2236253574121692       -1.2481960028151199E-002
  -1.1456759792229692       -1.2743538986518041E-002
  -1.0695449128636583       -1.2317806602657841E-002
 -0.99569390870815555       -1.1018821291725482E-002
 -0.92477871347518903       -8.6021042563373378E-003
 -0.85776178100394940       -4.7683567550839074E-003
 -0.79609030749939891        7.7363982366369607E-004
 -0.74194830055702388        8.0799576710227777E-003
 -0.69850474833924880        1.6436944857407883E-002
 -0.66982237497420516        2.3692330730731639E-002
 -0.65975338524445981        2.6653703572883613E-002
  -3.8551758234864795        1.8224887714653658E-002
  -3.8461677745307674        2.0077643754044697E-002
  -3.8201700843569499        2.4821581403712017E-002
  -3.7799399749712985        3.0686858406150295E-002
  -3.7287091162090316        3.6191776764312754E-002
  -3.6693079485126985        4.0601852069704444E-002
  -3.6038965115595336        4.3746515824998319E-002
  -3.5340234498668925        4.5723541252885254E-002
  -3.4607779468535456        4.6712848047050289E-002
  -3.3849298106216086        4.6894575498253238E-002
  -3.3070327888246629        4.6422696395838882E-002
  -3.2274948266908172        4.5421513715310564E-002
  -3.1466245279071616        4.3989657886839610E-002
  -3.0646617734166166        4.2205534987719617E-002
  -2.9817980779623134        4.0132222042127623E-002
  -2.8981903309213592        3.7821353247117807E-002
  -2.8139702467353778        3.5316058902997841E-002
  -2.7292510021300336        3.2653149474252810E-002
  -2.6441320048514929        2.9864736778921295E-002
  -2.5587024058162755        2.6979448601259805E-002
  -2.4730437577221687        2.4023354872776362E-002
  -2.3872320912334253        2.1020692361509424E-002
  -2.3013395960736323        1.7994451830623748E-002
  -2.2154360412857987        1.4966875787567190E-002
  -2.1295900360442301        1.1959904822858761E-002
  -2.0438702135484532        8.9956050289060098E-003
  -1.9583464123489884        6.0966074891468719E-003
  -1.8730909306525154        3.2865932879477936E-003
  -1.7881799402168757        5.9086449290078299E-004
  -1.7036951698246703       -1.9629455320479884E-003
  -1.6197260091394337       -4.3439478896193824E-003
  -1.5363722512833047       -6.5167519395030668E-003
  -1.4537478029841679       -8.4397375400235963E-003
  -1.3719858730205956       -1.0062608576221717E-002
  -1.2912464529568073       -1.1322878312807748E-002
  -1.2117274176828894       -1.2140788489483944E-002
  -1.1336814554074848       -1.2412012581690090E-002
  -1.0574425657247091       -1.1997498469497606E-002
 -0.98346850211794723       -1.0710530803557685E-002
 -0.91240992251133635       -8.3043038548545837E-003
 -0.84522344590820175       -4.4740052564285065E-003
 -0.78335148025815959        1.0826457334453515E-003
 -0.72897973308617203        8.4389188968225903E-003
 -0.68529732265448151        1.6893571684333891E-002
 -0.65641983085464706        2.4268149609892011E-002
 -0.64627401613394342        2.7286997429577860E-002
  -3.8459215669944413        1.8800383617257818E-002
  -3.8368832118621610        2.0657788064356197E-002
  -3.8108033216642831        2.5409880737015455E-002
  -3.7704601012107202        3.1277081898458715E-002
  -3.7191045714528941        3.6774447393432795E-002
  -3.6595788011168726        4.1170087008442317E-002
  -3.5940479076700531        4.4297247043891180E-002
  -3.5240619287706423        4.6256415498523808E-002
  -3.4507098217133843        4.7228925806265185E-002
  -3.3747606222323099        4.7395472101152969E-002
  -3.2967672238666292        4.6910131609358779E-002
  -3.2171368051871010        4.5897111452602980E-002
  -3.1361773337259109        4.4454875365158145E-002
  -3.0541281798476700        4.2661651817271086E-002
  -2.9711804534913115        4.0580353731153790E-002
  -2.8874907232337872        3.8262472311794145E-002
  -2.8031904473723142        3.5751016205563049E-002
  -2.7183925952053931        3.3082692915215650E-002
  -2.6331964029842316        3.0289526504106143E-002
  -2.5476908758022714        2.7400068728374735E-002
  -2.4619574377971536        2.4440322029737969E-002
  -2.3760720011633407        2.1434461366385028E-002
  -2.2901066407649044        1.8405418772765133E-002
  -2.2041310081134267        1.5375378656637200E-002
  -2.1182135856147566        1.2366221703136447E-002
  -2.0324228631052108        9.3999497399031729E-003
  -1.9468285104377481        6.4991224136136672E-003
  -1.8615026209337178        3.6873389885682568E-003
  -1.7765211113528476        9.8980559230027075E-004
  -1.6919653870725466       -1.5659588129679667E-003
  -1.6079244214833686       -3.9492030909456868E-003
  -1.5244974654198209       -6.1247028161833996E-003
  -1.4417977119290912       -8.0510367439999442E-003
  -1.3599574221554855       -9.6781410849441189E-003
  -1.2791353196039623       -1.0943786141179716E-002
  -1.1995275717621616       -1.1768463999931804E-002
  -1.1213845598009653       -1.2048009047003106E-002
  -1.0450371718198577       -1.1643245594507426E-002
 -0.97093901900621105       -1.0366617867553465E-002
 -0.89973544822972162       -7.9688581902191708E-003
 -0.83237691252617807       -4.1393569787291839E-003
 -0.77030058203777840        1.4358119710624669E-003
 -0.71569342529391977        8.8481403019062491E-003
 -0.67176482972190488        1.7409730813280868E-002
 -0.64268512363492702        2.4914170149947203E-002
 -0.63245942744038508        2.7995636532305031E-002
  -3.8458281299892692        1.8806135299737379E-002
  -3.8367894733299912        2.0663587168063637E-002
  -3.8107087652858271        2.5415764203265290E-002
  -3.7703644193395629        3.1282989096338976E-002
  -3.7190076487055892        3.6780284762014462E-002
  -3.6594806375288305        4.1175786303140852E-002
  -3.5939485536578371        4.4302777621230020E-002
  -3.5239614486103101        4.6261773522817781E-002
  -3.4506082775115856        4.7234121429179356E-002
  -3.3746580685231233        4.7400520994635757E-002
  -3.2966637068011226        4.6915050523156747E-002
  -3.2170323633937330        4.5901916236508328E-002
  -3.1360719995953823        4.4459580266068652E-002
  -3.0540219807689497        4.2666269367077847E-002
  -2.9710734128923209        4.0584894875725815E-002
  -2.8873828614075143        3.8266946615391768E-002
  -2.8030817821123044        3.5755432058190893E-002
  -2.7182831422842555        3.3087057714451917E-002
  -2.6330861765062097        3.0293846803060055E-002
  -2.5475798884546967        2.7404350349699329E-002
  -2.4618457010189485        2.4444570148554941E-002
  -2.3759595252426320        2.1438680565256361E-002
  -2.2899934348724345        1.8409613071192120E-002
  -2.2040170802735117        1.5379551516511585E-002
  -2.1180989426107697        1.2370376010197505E-002
  -2.0323075103114432        9.4040877600228435E-003
  -1.9467124515635954        6.5032457212658356E-003
  -1.8613858576587603        3.6914483635061513E-003
  -1.7764036428217167        9.9390087925122915E-004
  -1.6918472092053640       -1.5618788875816363E-003
  -1.6078055260393231       -3.9451411506949583E-003
  -1.5243778387259042       -6.1206631163694247E-003
  -1.4416773331499679       -8.0470254943296252E-003
  -1.3598362609300074       -9.6741667773944419E-003
  -1.2790133328049413       -1.0939859786667269E-002
  -1.1994046990479281       -1.1764599043585970E-002
  -1.1212607175332374       -1.2044220441185702E-002
  -1.0449122448829047       -1.1639546890290309E-002
 -0.97081285027952302       -1.0363013913796527E-002
 -0.89960782654906402       -7.9653286279344482E-003
 -0.83224756359996055       -4.1358222384450380E-003
 -0.77016917706122412        1.4395505230692198E-003
 -0.71555964569665509        8.8524682904386927E-003
 -0.67162855946475553        1.7415172031816431E-002
 -0.64254680181913049        2.4920960903964930E-002
 -0.63232029382043398        2.8003078209026963E-002
