   1.4338013244517158      -0.12537643350854102     
   1.4366775001856187      -0.12415681740501358     
   1.4452818745975125      -0.12055754751761447     
   1.4595303058879514      -0.11476415607574368     
   1.4792856065468063      -0.10706811828528258     
   1.5043633046249452       -9.7840772019515507E-002
   1.5345378012152091       -8.7503185304277545E-002
   1.5695496940785416       -7.6495033239059179E-002
   1.6091133780608453       -6.5245883762630311E-002
   1.6529244367957978       -5.4151392861770148E-002
   1.7006664281441561       -4.3555701866602882E-002
   1.7520167882920303       -3.3740268980658863E-002
   1.8066517026710944       -2.4918569353706177E-002
   1.8642498994389258       -1.7235619401538400E-002
   1.9244954042325224       -1.0771097069116877E-002
   1.9870793506208790       -5.5448657292213321E-003
   2.0517009713982564       -1.5238794312161532E-003
   2.1180679065632360        1.3703234008559625E-003
   2.1858959603952615        3.2540952760015179E-003
   2.2549084279796965        4.2744712942601095E-003
   2.3248350953398162        4.6024536244652515E-003
   2.3954110003055518        4.4268359062693448E-003
   2.4663750255817045        3.9485226967146767E-003
   2.5374683825036652        3.3752378292231659E-003
   2.6084330344081796        2.9164783520606655E-003
   2.6790101027371951        2.7785522265483037E-003
   2.7489382970510872        3.1595348722727422E-003
   2.8179524120494897        4.2439908720289209E-003
   2.8857819403932847        6.1973338343819162E-003
   2.9521498593863806        9.1597426879097398E-003
   3.0167716620070952        1.3239621180735638E-002
   3.0793547176284930        1.8506684288868380E-002
   3.1395980637493972        2.4984884836503744E-002
   3.1971927451276554        3.2645556702139693E-002
   3.2518228278541170        4.1401341502193392E-002
   3.3031672190475669        5.1101666621974517E-002
   3.3509024129486269        6.1530722016798788E-002
   3.3947062557379821        7.2408992623764726E-002
   3.4342627694405503        8.3399379773939492E-002
   3.4692679969588505        9.4118722475387023E-002
   3.4994367269565632       0.10415505778021368     
   3.5245098360717271       0.11309023465883261     
   3.5442618611320658       0.12052658154431296     
   3.5585083169266007       0.12611532262229894     
   3.5671118884484221       0.12958370977630090     
   3.5699880716796177       0.13075842371266269     
   1.3744441182920952      -0.11237226148386893     
   1.3777643353159521      -0.11105124129875074     
   1.3876796886968270      -0.10717780669632053     
   1.4040389937040092      -0.10102300901173535     
   1.4266007284405571       -9.2997237616973927E-002
   1.4550497624203986       -8.3597269359037524E-002
   1.4890153887554916       -7.3350268706917132E-002
   1.5280903406639696       -6.2763971936894911E-002
   1.5718484104652541       -5.2289476650992241E-002
   1.6198593747463290       -4.2298778286122489E-002
   1.6717006054628996       -3.3075789965571187E-002
   1.7269653136708816       -2.4817698651988008E-002
   1.7852677530852168       -1.7642998271804499E-002
   1.8462459072473154       -1.1602942337429830E-002
   1.9095622372972398       -6.6939747454943539E-003
   1.9749030283938671       -2.8695649055484208E-003
   2.0419767870051007       -5.0598578006225137E-005
   2.1105120409574396        1.8660037853392914E-003
   2.1802547986611494        3.0004408849635456E-003
   2.2509658426285668        3.4847758108854507E-003
   2.3224179680624859        3.4590113919752445E-003
   2.3943932290956034        3.0682136943198271E-003
   2.4666802208300069        2.4604117472907766E-003
   2.5390714019344882        1.7850232876981838E-003
   2.6113604477897594        1.1915782424459377E-003
   2.6833396162103398        8.2852757465940949E-004
   2.7547971055050016        8.4193216993370642E-004
   2.8255143876802786        1.3738241661437347E-003
   2.8952635082804727        2.5600230556507867E-003
   2.9638043597369919        4.5271748403505020E-003
   3.0308819588808893        7.3887715504112102E-003
   3.0962237937132318        1.1239912313061805E-002
   3.1595373521345338        1.6150604160681523E-002
   3.2205080082282316        2.2157497209448634E-002
   3.2787975204395297        2.9254138902643279E-002
   3.3340434876779810        3.7380153463725238E-002
   3.3858602048488993        4.6410234788744530E-002
   3.4338414398834902        5.6144480627576841E-002
   3.4775656889760289        6.6302321033357245E-002
   3.5166044121303170        7.6522922322125569E-002
   3.5505335582102808        8.6375164990002584E-002
   3.5789483183062583        9.5379694677318244E-002
   3.6014804951838890       0.10304379106910265     
   3.6178172164221509       0.10890682678191446     
   3.6277186819203240       0.11259047469100918     
   3.6310344710743121       0.11384578070733631     
   1.3212251309614691      -0.10081390044397279     
   1.3249849239638669       -9.9397040288114108E-002
   1.3361913614514971       -9.5271865862432817E-002
   1.3546075993439146       -8.8808684705265123E-002
   1.3798632804549269       -8.0547698127007586E-002
   1.4114895927215443       -7.1108542516048728E-002
   1.4489554204442758       -6.1104583035779168E-002
   1.4917017429065940       -5.1078694494738050E-002
   1.5391699120951456       -4.1467036046235591E-002
   1.5908222392045310       -3.2588090195837208E-002
   1.6461550824140334       -2.4649488961359375E-002
   1.7047056514603274       -1.7764549932343752E-002
   1.7660541107881207       -1.1972135419704417E-002
   1.8298224979483937       -7.2557795280379228E-003
   1.8956717001346424       -3.5600452693148161E-003
   1.9632974041783371       -8.0345566388179785E-004
   2.0324256377802925        1.1118718965480695E-003
   2.1028082844121867        2.2934021074391066E-003
   2.1742187840687772        2.8535850901731984E-003
   2.2464481168004244        2.9069367576660312E-003
   2.3193010921573514        2.5683333005126407E-003
   2.3925929228187965        1.9521533423552207E-003
   2.4661460348556772        1.1719867801269193E-003
   2.5397870531237565        3.4069607166521069E-004
   2.6133438933808586       -4.2933776331816699E-004
   2.6866428898640260       -1.0259250169224090E-003
   2.7595058866477729       -1.3368645402158392E-003
   2.8317472226621607       -1.2499679944099696E-003
   2.9031705443483857       -6.5347591585372059E-004
   2.9735653882575117        5.6292724668064657E-004
   3.0427034915054820        2.5062330583104880E-003
   3.1103348156817576        5.2770258369502021E-003
   3.1761833165574838        8.9647825195315264E-003
   3.2399425672316435        1.3641084899730579E-002
   3.3012714578745830        1.9350277296033423E-002
   3.3597903631392567        2.6097240067379530E-002
   3.4150783966827372        3.3832329423524467E-002
   3.4666726557950027        4.2434292882850597E-002
   3.5140706638625625        5.1693223697601751E-002
   3.5567374612761706        6.1297350090209361E-002
   3.5941188280832175        7.0829329917505859E-002
   3.6256617367347905        7.9778886091100162E-002
   3.6508421280621652        8.7577716922998192E-002
   3.6691984143728442        9.3658241655789051E-002
   3.6803664897143498        9.7529827899672239E-002
   3.6841133929630616        9.8858035478324946E-002
   1.2734343628311351       -9.0632624217935220E-002
   1.2776237735754781       -8.9125204071245537E-002
   1.2900851011101684       -8.4769687372784369E-002
   1.3104783685583059       -7.8047095996557334E-002
   1.3382833540100267       -6.9632603079321037E-002
   1.3728612056263829       -6.0258748402298661E-002
   1.4135142398537419       -5.0600479939506719E-002
   1.4595373084209955       -4.1204952028334650E-002
   1.5102548998845036       -3.2466842170129497E-002
   1.5650436825457290       -2.4636369274957815E-002
   1.6233430527651134       -1.7844305863034111E-002
   1.6846571840604818       -1.2131770897597677E-002
   1.7485518111119593       -7.4776802912646274E-003
   1.8146482264714703       -3.8208663476885165E-003
   1.8826161603915639       -1.0764023366446249E-003
   1.9521665529129990        8.5313251197840232E-004
   2.0230447574401054        2.0703359149568195E-003
   2.0950244121913193        2.6785373796698736E-003
   2.1679020360423880        2.7793423095676265E-003
   2.2414923070488033        2.4715028882556244E-003
   2.3156239338631726        1.8506455791942762E-003
   2.3901360108469856        1.0095339741021732E-003
   2.4648747432178233        3.8652794044337174E-005
   2.5396904307971671       -9.7302867648324390E-004
   2.6144346030663579       -1.9372099367755075E-003
   2.6889572017209327       -2.7654011100858096E-003
   2.7631037085214980       -3.3681177714779335E-003
   2.8367121156832926       -3.6542019173610501E-003
   2.9096096338334334       -3.5303675681825205E-003
   2.9816090301439750       -2.9011143799640483E-003
   3.0525044894575655       -1.6692216761206610E-003
   3.1220668990958020        2.6286609843918936E-004
   3.1900384820733207        2.9903195386480250E-003
   3.2561267573391905        6.6012649496523072E-003
   3.3199979104016810        1.1169409169445180E-002
   3.3812698430567889        1.6743050278797311E-002
   3.4395054744980667        2.3329628985945188E-002
   3.4942073249888832        3.0875430398412358E-002
   3.5448150412830914        3.9241241889295078E-002
   3.5907082630240161        4.8177080173165097E-002
   3.6312178797588128        5.7302631629662683E-002
   3.6656488654961938        6.6104073141272271E-002
   3.6933168705122750        7.3960201011403923E-002
   3.7135979771549024        8.0207463646988303E-002
   3.7259858791058527        8.4241561999382375E-002
   3.7301501103002357        8.5635438803171995E-002
   1.2304151209510226       -8.1697324906085417E-002
   1.2350200718425597       -8.0104850743631148E-002
   1.2486881624203217       -7.5540313404394432E-002
   1.2709607417686228       -6.8603913927266238E-002
   1.3011511071841346       -6.0105602341547749E-002
   1.3384408757456434       -5.0875800144022265E-002
   1.3819674004704094       -4.1625747296455955E-002
   1.4308914005168392       -3.2881806011453039E-002
   1.4844392499487244       -2.4981258179678809E-002
   1.5419231498198367       -1.8102804550017910E-002
   1.6027456238280779       -1.2308277275761800E-002
   1.6663946492332828       -7.5816440546764025E-003
   1.7324341985869491       -3.8596955059791199E-003
   1.8004932612247624       -1.0537415172051335E-003
   1.8702550633012784        9.3622400433530201E-004
   1.9414473039829163        2.2129201353825816E-003
   2.0138336908944363        2.8769752579209940E-003
   2.0872067727527090        3.0245789440877676E-003
   2.1613819335637654        2.7466512131041972E-003
   2.2361923635347529        2.1289107977529131E-003
   2.3114848153581575        1.2524522559983339E-003
   2.3871159668563013        1.9459508827127122E-004
   2.4629492292077741       -9.7013328680878850E-004
   2.5388518575426962       -2.1689578466227454E-003
   2.6146922344834236       -3.3298012086428594E-003
   2.6903372058982207       -4.3802375603060380E-003
   2.7656493512734732       -5.2464744350040416E-003
   2.8404840686734607       -5.8523887663649039E-003
   2.9146863465433230       -6.1186640053182062E-003
   2.9880870824006722       -5.9621124356916879E-003
   3.0604987935037244       -5.2953281431399749E-003
   3.1317105505561065       -4.0269117421462336E-003
   3.2014819597101254       -2.0626514397998974E-003
   3.2695360342895872        6.9174949587835668E-004
   3.3355508602476478        4.3255341610583210E-003
   3.3991501095314223        8.9141529750227447E-003
   3.4598927572352669        1.4505445652115893E-002
   3.5172629002006608        2.1099234752419718E-002
   3.5706614541961885        2.8619504185707044E-002
   3.6194027732454885        3.6880475761570289E-002
   3.6627207557766108        4.5552337144565289E-002
   3.6997902385670538        5.4139259760500595E-002
   3.7297692807030929        6.1989464775462431E-002
   3.7518646373494660        6.8358142401210048E-002
   3.7654145439685101        7.2530577983061770E-002
   3.7699784293637579        7.3983003219328713E-002
   1.1915801199888230       -7.3866424381743928E-002
   1.1965834819673793       -7.2194622878132914E-002
   1.2114017132490653       -6.7442108818209057E-002
   1.2354444625661540       -6.0333580940670567E-002
   1.2678467236344875       -5.1809091155366631E-002
   1.3076073797326131       -4.2779283408058567E-002
   1.3537062522109951       -3.3968661441308876E-002
   1.4051853558409306       -2.5864830678069078E-002
   1.4611918701729063       -1.8740692028605989E-002
   1.5209919483488337       -1.2707358249382886E-002
   1.5839666910974337       -7.7689687940774767E-003
   1.6495993706513705       -3.8666294941861550E-003
   1.7174597479928786       -9.0901041697508795E-004
   1.7871886553858083        1.2083369730934517E-003
   1.8584842659954943        2.5917819535819036E-003
   1.9310904827260462        3.3437331242996090E-003
   2.0047873878534772        3.5600141118132377E-003
   2.0793834908744735        3.3291261350825202E-003
   2.1547094556695203        2.7325420879024983E-003
   2.2306129996210990        1.8455239454982222E-003
   2.3069546943874135        7.3817563380210215E-004
   2.3836044399020282       -5.2342222845935544E-004
   2.4604384206663048       -1.8760700847211072E-003
   2.5373363830616000       -3.2583288855069508E-003
   2.6141790933621292       -4.6094260427876404E-003
   2.6908458484997975       -5.8681813619105329E-003
   2.7672119157604458       -6.9719440964507587E-003
   2.8431457737076773       -7.8555377937179240E-003
   2.9185060147882957       -8.4502242408925794E-003
   2.9931377502897281       -8.6827255334477448E-003
   3.0668683309926164       -8.4743914468515067E-003
   3.1395021636498450       -7.7406799651598768E-003
   3.2108143689678763       -6.3912502813934461E-003
   3.2805430019071262       -4.3311751558030940E-003
   3.3483795626106421       -1.4640930840183746E-003
   3.4139576102677034        2.3014376334101576E-003
   3.4768395322853345        7.0405729960896267E-003
   3.5365020484301009        1.2793491650905547E-002
   3.5923220330673580        1.9537041672934800E-002
   3.6435659257192299        2.7145799669872767E-002
   3.6893884393966481        3.5346011141214918E-002
   3.7288490175090723        4.3674778542051505E-002
   3.7609559933602923        5.1469356548296624E-002
   3.7847456358525320        5.7919879107473468E-002
   3.7993922452165640        6.2207991423163161E-002
   3.8043353452845121        6.3712018915319163E-002
   1.1564111907702892       -6.7006624193736167E-002
   1.1617936689219328       -6.5261297424370868E-002
   1.1776997471781050       -6.0341064298803392E-002
   1.2033971914156818       -5.3097463514517350E-002
   1.2378355844753484       -4.4592650982999013E-002
   1.2798331297166756       -3.5799284918796054E-002
   1.3282233945961626       -2.7436002318222952E-002
   1.3819462626896064       -1.9940451829812935E-002
   1.4400870465595439       -1.3520573637952789E-002
   1.5018808042401410       -8.2274637705377282E-003
   1.5666984280845122       -4.0190841916708580E-003
   1.6340258686636477       -8.0559421477732404E-004
   1.7034427831312851        1.5222494548390066E-003
   1.7746034365381618        3.0770084385979986E-003
   1.8472207412981616        3.9663902759927020E-003
   1.9210533865731803        4.2897560729173636E-003
   1.9958956414465254        4.1372138922591744E-003
   2.0715693267417326        3.5900397989636641E-003
   2.1479174812630761        2.7217125095404930E-003
   2.2247993196204363        1.5991779559880388E-003
   2.3020861546691909        2.8415176133888702E-004
   2.3796580237377003       -1.1656249956100040E-003
   2.4574008100764986       -2.6952031478104086E-003
   2.5352036893427106       -4.2513120344152390E-003
   2.6129567567785346       -5.7812966144938213E-003
   2.6905487054995847       -7.2320803281186574E-003
   2.7678644310059108       -8.5491283166534305E-003
   2.8447824320992678       -9.6753895628414396E-003
   2.9211718636586448       -1.0550206201541569E-002
   2.9968890715114771       -1.1108197201782950E-002
   3.0717734030454875       -1.1278158637516657E-002
   3.1456420388005979       -1.0982085692546504E-002
   3.2182835315645448       -1.0134531934387788E-002
   3.2894496770010777       -8.6427098894157443E-003
   3.3588452912852040       -6.4080478442424815E-003
   3.4261154771123916       -3.3304055348255240E-003
   3.4908301032889448        6.8314319455915990E-004
   3.5524656622215609        5.7021786251308807E-003
   3.6103856701346926        1.1745955319438844E-002
   3.6638227152018357        1.8742476997055946E-002
   3.7118684996848619        2.6474089488347466E-002
   3.7534826292731545        3.4519763510491713E-002
   3.7875348487619442        4.2221532942801433E-002
   3.8128944903112463        4.8720403060408569E-002
   3.8285679428263779        5.3103475956406292E-002
   3.8338679889214742        5.4652486912770172E-002
   1.1244534043622454       -6.0998554910413207E-002
   1.1301942864764698       -5.9185411034771936E-002
   1.1471225878915956       -5.4116433830866117E-002
   1.1743569472694018       -4.6769742071598987E-002
   1.2106587368550508       -3.8319465400311642E-002
   1.2546715804497535       -2.9783048274121999E-002
   1.3050961917939456       -2.1858579774809112E-002
   1.3607864883464793       -1.4928127303951962E-002
   1.4207808355182703       -9.1381013516803923E-003
   1.4842947654688612       -4.4883929701335472E-003
   1.5506967352613978       -9.0108872339193346E-004
   1.6194798241842543        1.7353396258300120E-003
   1.6902355012518617        3.5409428575602572E-003
   1.7626316151877148        4.6316128777063635E-003
   1.8363948257789195        5.1136448903071237E-003
   1.9112969271114131        5.0821944332539544E-003
   1.9871443124940864        4.6216594580774364E-003
   2.0637698681815682        3.8069041889356630E-003
   2.1410266984004065        2.7047643935632967E-003
   2.2187832085016082        1.3755656890648701E-003
   2.2969191808024934       -1.2545714785402505E-004
   2.3753225624886953       -1.7468714738436398E-003
   2.4538867478862807       -3.4398808389660704E-003
   2.5325081817345616       -5.1572559095224438E-003
   2.6110841390783799       -6.8523290154861201E-003
   2.6895105535938790       -8.4780169754021736E-003
   2.7676797711361067       -9.9858374361250779E-003
   2.8454780996336013       -1.1324886645790776E-002
   2.9227830097841485       -1.2440752373117342E-002
   2.9994598120649347       -1.3274347540847796E-002
   3.0753575923541869       -1.3760673909356383E-002
   3.1503041286400215       -1.3827571538101366E-002
   3.2240994333069009       -1.3394597584660056E-002
   3.2965074711828128       -1.2372339238019895E-002
   3.3672455040117213       -1.0662751762948024E-002
   3.4359704399607751       -8.1615996322879324E-003
   3.5022616004864648       -4.7648580244527856E-003
   3.5655996231092622       -3.8205506436629990E-004
   3.6253421167997608        5.0391658169365947E-003
   3.6806987093044863        1.1472331474345100E-002
   3.7307119634186714        1.8752575714753444E-002
   3.7742566558662007        2.6504900222223720E-002
   3.8100767707149084        3.4087784797745331E-002
   3.8368817420624874        4.0607589134629203E-002
   3.8535100167353900        4.5067183530037962E-002
   3.8591436979619522        4.6655029394091670E-002
   1.0953078264432683       -5.5737432399558161E-002
   1.1013856150528325       -5.3861937779354510E-002
   1.1192691114629443       -4.8661538952770186E-002
   1.1479234234315692       -4.1238554030576947E-002
   1.1859226121222437       -3.2867884126111462E-002
   1.2317446777604191       -2.4596457309753787E-002
   1.2839716626615876       -1.7091404657192874E-002
   1.3413863600071827       -1.0677730447666667E-002
   1.4029925014795506       -5.4458836466260204E-003
   1.4679947248862053       -1.3531990923022600E-003
   1.5357642107480680        1.7055404695547952E-003
   1.6058036215486731        3.8566576651487714E-003
   1.6777168191425602        5.2262173619857105E-003
   1.7511846284033159        5.9305538636084077E-003
   1.8259461559282693        6.0731567893587031E-003
   1.9017846372728435        5.7446572144865954E-003
   1.9785167700178272        5.0241498536251795E-003
   2.0559846503595023        3.9809595117111145E-003
   2.1340496218145182        2.6764352740236237E-003
   2.2125875130810861        1.1656020309798415E-003
   2.2914848748149352       -5.0137955240822771E-004
   2.3706359236671171       -2.2779369703071510E-003
   2.4499399722837740       -4.1199620615374353E-003
   2.5292991721491100       -5.9847992786713627E-003
   2.6086164270360044       -7.8303041141368334E-003
   2.6877933518103840       -9.6139304960852438E-003
   2.7667281563970620       -1.1291807367865198E-002
   2.8453133285441452       -1.2817766367937531E-002
   2.9234329710924372       -1.4142285388106936E-002
   3.0009596180407123       -1.5211319176084384E-002
   3.0777503058886673       -1.5965002908925812E-002
   3.1536416086026482       -1.6336247034521280E-002
   3.2284432517932853       -1.6249308794658565E-002
   3.3019298016695728       -1.5618558625902198E-002
   3.3738297811496061       -1.4347911878161368E-002
   3.4438114219402833       -1.2331855951251179E-002
   3.5114641846121928       -9.4597976579590248E-003
   3.5762753313508369       -5.6267227247635224E-003
   3.6376015660266230       -7.5489684016993603E-004
   3.6946377176700582        5.1670484681116922E-003
   3.7463886495506062        1.2021999478766043E-002
   3.7916580010843548        1.9481710873126463E-002
   3.8290773261406934        2.6929050542505217E-002
   3.8572055501734086        3.3448145619282298E-002
   3.8747163960015674        3.7968262581223149E-002
   3.8806600124906843        3.9589364623472872E-002
   1.0686244633344115       -5.1131961326149826E-002
   1.0750174028276034       -4.9199229274180502E-002
   1.0937892172557682       -4.3882859558271967E-002
   1.1237496822915831       -3.6405379335817535E-002
   1.1632894491457630       -2.8131035657599234E-002
   1.2107316525888980       -2.0123314146326957E-002
   1.2645536798173058       -1.3011673410705030E-002
   1.3234802799443135       -7.0653845695612871E-003
   1.3864904057828984       -2.3253455214059453E-003
   1.4527840483323009        1.2858774383130728E-003
   1.5217383700993463        3.8939787460354476E-003
   1.5928667622203476        5.6350857742622834E-003
   1.6657852849739432        6.6381248117155156E-003
   1.7401867732069656        7.0182024042592011E-003
   1.8158214187883743        6.8753991158312464E-003
   1.8924823734971399        6.2959287511533341E-003
   1.9699950833410647        5.3541346256822759E-003
   2.0482093380275375        4.1146150928574069E-003
   2.1269932746462277        2.6341872226796326E-003
   2.2062287785938728        9.6359792035610476E-004
   2.2858078764909791       -8.5101795154243656E-004
   2.3656298243090785       -2.7668962913042494E-003
   2.4455986692449310       -4.7435713893026000E-003
   2.5256211144340552       -6.7419232619544177E-003
   2.6056045475187148       -8.7232977896673225E-003
   2.6854551114217196       -1.0648655510945111E-002
   2.7650757007073699       -1.2477706866596095E-002
   2.8443637603920973       -1.4167992652055327E-002
   2.9232087453462996       -1.5673869127311113E-002
   3.0014890654219615       -1.6945359512501212E-002
   3.0790682905247717       -1.7926841362553764E-002
   3.1557903157802056       -1.8555560326764069E-002
   3.2314730831013572       -1.8760010156498103E-002
   3.3059003151743780       -1.8458325223147481E-002
   3.3788105385231328       -1.7557048196382870E-002
   3.4498824661674261       -1.5951055127234767E-002
   3.5187156302489542       -1.3526193902650587E-002
   3.5848051500374796       -1.0167524031358495E-002
   3.6475100460391707       -5.7780862263349490E-003
   3.7060163056066471       -3.1555020494601990E-004
   3.7593002693214168        6.1450611194642539E-003
   3.8061064679577483        1.3320712183062538E-002
   3.8449670458706682        2.0623501472998681E-002
   3.8743011933882534        2.7125459488733218E-002
   3.8926236443164108        3.1692541377303894E-002
   3.8988536377456606        3.3341941833396123E-002
   1.0440959077909844       -4.7102757356233260E-002
   1.0507824154225855       -4.5117474913617818E-002
   1.0703770469129401       -3.9698629838013928E-002
   1.1015347187825164       -3.2183845335338239E-002
   1.1424688718541784       -2.4015682597497073E-002
   1.1913594733590418       -1.6263724612675893E-002
   1.2465924973235156       -9.5160133234433782E-003
   1.3068458476094040       -3.9891477797032613E-003
   1.3710814036524139        3.1908031587116420E-004
   1.4384989052266555        3.5142071907601790E-003
   1.5084834179716984        5.7371175540478110E-003
   1.5805593775424449        7.1302033819606392E-003
   1.6543544259505727        7.8232297168591598E-003
   1.7295723105665293        7.9291715787221662E-003
   1.8059730075948315        7.5445441048836940E-003
   1.8833582385310770        6.7514506081341914E-003
   1.9615608882343638        5.6200565563394892E-003
   2.0404372045598049        4.2109473963438965E-003
   2.1198609682982212        2.5771844714587845E-003
   2.1997190541043943        7.6603167636368015E-004
   2.2799079689769739       -1.1796109418576145E-003
   2.3603310702276481       -3.2200100141499253E-003
   2.4408962433836825       -5.3175792047124660E-003
   2.5215138723676449       -7.4359823062551947E-003
   2.6020949666891879       -9.5393095383501172E-003
   2.6825493277961021       -1.1591281667291524E-002
   2.7627836416589289       -1.3554438857180056E-002
   2.8426993779061678       -1.5389271570789342E-002
   2.9221903566332346       -1.7053249938939110E-002
   3.0011398100189153       -1.8499707237360864E-002
   3.0794167129188410       -1.9676535524446693E-002
   3.1568710783724554       -2.0524663507054949E-002
   3.2333278019079557       -2.0976321360037013E-002
   3.3085784824978943       -2.0953180524793273E-002
   3.3823704392805709       -2.0364638836995706E-002
   3.4543918837528529       -1.9106896641222643E-002
   3.5242519342280265       -1.7064202067291191E-002
   3.5914540028746074       -1.4114986138905649E-002
   3.6553613918444277       -1.0147840279133543E-002
   3.7151554937344762       -5.0953468162761896E-003
   3.7697913398049807        1.0039411164646946E-003
   3.8179646468028157        7.9093091662461642E-003
   3.8581203582296930        1.5064520743261782E-002
   3.8885493234902784        2.1537440234510093E-002
   3.9076148445556016        2.6140246977773049E-002
   3.9141082163062149        2.7813618189793884E-002
   1.0214517854261609       -4.3580766262165872E-002
   1.0284107947332315       -4.1547154352473130E-002
   1.0487650514020797       -3.6037397128173387E-002
   1.0810169854940794       -2.8498407594585648E-002
   1.1232106723467292       -2.0440826851439976E-002
   1.1733948875397231       -1.2932197916082095E-002
   1.2298763161522499       -6.5176513341841128E-003
   1.2912954059464417       -1.3651033704078358E-003
   1.3566028771105274        2.5647328877640070E-003
   1.4250012184655427        5.3999696685772362E-003
   1.4958844034801744        7.2926631011826183E-003
   1.5687877227970399        8.3889978688306832E-003
   1.6433495784102237        8.8183184320928306E-003
   1.7192835259794370        8.6910381435017729E-003
   1.7963581390656860        8.1001938203332947E-003
   1.8743825439034474        7.1241628955262841E-003
   1.9531959696890195        5.8294728203909718E-003
   2.0326601151211277        4.2733047229445587E-003
   2.1126534843223288        2.5055923082984068E-003
   2.1930670989011487        5.7073843779068976E-004
   2.2738011691789004       -1.4909868830263950E-003
   2.3547624276765711       -3.6422958814510981E-003
   2.4358619083918005       -5.8479135459248198E-003
   2.5170130079380173       -8.0737312243958463E-003
   2.5981296971039471       -1.0286032566443894E-002
   2.6791247687056252       -1.2450746210394090E-002
   2.7599080123866409       -1.4532682127599708E-002
   2.8403842001016013       -1.6494708526793526E-002
   2.9204507465622926       -1.8296824157287107E-002
   2.9999948743672951       -1.9895077800486292E-002
   3.0788900592646202       -2.1240285086697404E-002
   3.1569914498869744       -2.2276497729933373E-002
   3.2341298382214045       -2.2939202985667533E-002
   3.3101035889193655       -2.3153294817645911E-002
   3.3846677032037165       -2.2831009924018850E-002
   3.4575188891202058       -2.1870353337845913E-002
   3.5282751557527434       -2.0155220174173510E-002
   3.5964481525382128       -1.7559738412459548E-002
   3.6614065622677199       -1.3961696017671395E-002
   3.7223301399518478       -9.2734571491308905E-003
   3.7781581910328979       -3.5023239490195833E-003
   3.8275462674812433        3.1497396606796463E-003
   3.8688632399938743        1.0158830358755588E-002
   3.9002830657951835        1.6594601898402048E-002
   3.9200263796300927        2.1224005171030191E-002
   3.9267610079937154        2.2917627082320376E-002
   1.0004539551717051       -4.0505840538075988E-002
   1.0076651807653185       -3.8427640681069193E-002
   1.0287188603014890       -3.2836699820071397E-002
   1.0619688248394339       -2.5283078000424921E-002
   1.1052987029302712       -1.7336287765166072E-002
   1.1566378543217413       -1.0055747732536584E-002
   1.2142245290702354       -3.9437958909628807E-003
   1.2766694706648365        8.7597308104332109E-004
   1.3429167087984910        4.4745289866036661E-003
   1.4121734544700990        6.9980729058662563E-003
   1.4838429816998968        8.6068166304296301E-003
   1.5574709554154265        9.4490369270645736E-003
   1.6327056409763296        9.6529067425055026E-003
   1.7092693556122478        9.3261344088916859E-003
   1.7869382146773578        8.5584895813524998E-003
   1.8655277520515186        7.4250226874903553E-003
   1.9448826286649961        5.9891077790157985E-003
   2.0248691701303336        4.3050336246187515E-003
   2.1053698620138532        2.4201147188785007E-003
   2.1862792015747079        3.7638359455445243E-004
   2.2675004885581789       -1.7880512083062879E-003
   2.3489432607851897       -4.0378999138563181E-003
   2.4305211617616904       -6.3397680256096324E-003
   2.5121500802471655       -8.6613546923560141E-003
   2.5937464340648866       -1.0970721894330855E-002
   2.6752254875463954       -1.3235589214420695E-002
   2.7564995966219414       -1.5422611602136713E-002
   2.8374762685349499       -1.7496597212848103E-002
   2.9180559035799356       -1.9419619486653283E-002
   2.9981290514115764       -2.1149972897996368E-002
   3.0775729594074952       -2.2640917063744874E-002
   3.1562471075053100       -2.3839153340770781E-002
   3.2339873014647176       -2.4682991124868766E-002
   3.3105977190502416       -2.5100208356375431E-002
   3.3858400524091090       -2.5005735606719929E-002
   3.4594185489035589       -2.4299583906112528E-002
   3.5309593285021466       -2.2866064884477282E-002
   3.5999819331571730       -2.0576625577809600E-002
   3.6658609418124728       -1.7301004191155992E-002
   3.7277764763707490       -1.2935307302376501E-002
   3.7846563865477076       -7.4602391963393003E-003
   3.8351232322237014       -1.0428197807825566E-003
   3.8774797530304608        5.8248240217909442E-003
   3.9097941229068036        1.2218416261276755E-002
   3.9301537662108861        1.6867149633275000E-002
   3.9371086350921454        1.8577866156266581E-002
  0.98089237294405140       -3.7825509762145174E-002
  0.98833650614272051       -3.5705990314499100E-002
   1.0100328625149528       -3.0041903699577467E-002
   1.0441917064223505       -2.2480259049887822E-002
   1.0885457352018071       -1.4641353104638061E-002
   1.1409161452114345       -7.5721273852005101E-003
   1.1994823103214327       -1.7333391325020453E-003
   1.2628315977694173        2.7913666095478154E-003
   1.3299046760409656        6.0999472028696227E-003
   1.3999147098106575        8.3530994749475718E-003
   1.4722742696378228        9.7169490779871210E-003
   1.5465387616689852        1.0340713611669489E-002
   1.6223654186844205        1.0350978050454178E-002
   1.6994843600359655        9.8527711866961947E-003
   1.7776783180720599        8.9328616898815306E-003
   1.8567683855813135        7.6633545645261991E-003
   1.9366038940607186        6.1048948650800740E-003
   2.0170551191921584        4.3093071434883610E-003
   2.0980079256275195        2.3216996851888722E-003
   2.1793597461767260        1.8212538086099687E-004
   2.2610164795700958       -2.0731009467700244E-003
   2.3428900160408581       -4.4103398113384904E-003
   2.4248961818947121       -6.7977448715347234E-003
   2.5069529468153404       -9.2045005340751114E-003
   2.5889787697085977       -1.1600128543294964E-002
   2.6708909757335810       -1.3953819000043815E-002
   2.7526040616150143       -1.6233743968656171E-002
   2.8340278192186630       -1.8406311265432983E-002
   2.9150651477586211       -2.0435312475121571E-002
   2.9956093900425840       -2.2280913255090535E-002
   3.0755409726530893       -2.3898426890253857E-002
   3.1547230456076876       -2.5236807195121252E-002
   3.2329956913902893       -2.6236802200268309E-002
   3.3101680886696574       -2.6828743772115530E-002
   3.3860077497446079       -2.6930050159141922E-002
   3.4602255791710066       -2.6442772445455075E-002
   3.5324550170289251       -2.5252091956836611E-002
   3.6022229956510903       -2.3227894346357879E-002
   3.6689101221435512       -2.0233933722036083E-002
   3.7316981977003483       -1.6153242493658005E-002
   3.7895068497345084       -1.0943970332201132E-002
   3.8409315404600259       -4.7419536792492976E-003
   3.8842176338376961        1.9911014192840045E-003
   3.9173380341590156        8.3399083697036427E-003
   3.9382566921820565        1.3002303050370827E-002
   3.9454120442520133        1.4727466369590650E-002
  0.96258152302214428       -3.5493935169667673E-002
  0.97024036800367641       -3.3335910789318163E-002
  0.99252640143192417       -2.7605193402091652E-002
   1.0275121601359642       -2.0039699250506530E-002
   1.0727891408166854       -1.2303545917824803E-002
   1.1260809046580462       -5.4282532090660987E-003
   1.1855162674200403        1.6510161902797294E-004
   1.2496643432451864        4.4286584344900700E-003
   1.3174648859581206        7.4833528540756908E-003
   1.3881377195133384        9.5015267130165327E-003
   1.4611044598031941        1.0653565462561524E-002
   1.5359295569197831        1.1088863875179470E-002
   1.6122783575207422        1.0932219665090909E-002
   1.6898879212955695        1.0286102586336311E-002
   1.7685467944376805        9.2345624288222763E-003
   1.8480809078876257        7.8471089155686628E-003
   1.9283436276805279        6.1820248656123565E-003
   2.0092086208599680        4.2890281399398508E-003
   2.0905646386180958        2.2113580083667267E-003
   2.1723116109258740       -1.2598329253930669E-005
   2.2543576396861114       -2.3480276198182860E-003
   2.3366166036022138       -4.7626666963742573E-003
   2.4190061699026049       -7.2259569426838272E-003
   2.5014460603132407       -9.7083160927012527E-003
   2.5838564503488999       -1.2180477081480718E-002
   2.6661563975440443       -1.4612850219924275E-002
   2.7482621985160263       -1.6974867716875192E-002
   2.8300855675840069       -1.9234268822041160E-002
   2.9115315100753336       -2.1356279851725005E-002
   2.9924957284946125       -2.3302636435002990E-002
   3.0728613440168879       -2.5030386421645161E-002
   3.1524946305844508       -2.6490403647246672E-002
   3.2312393309477243       -2.7625541866108702E-002
   3.3089089339613018       -2.8368380653367539E-002
   3.3852760141522258       -2.8638597316363128E-002
   3.4600573377736605       -2.8340220269790745E-002
   3.5328929046638100       -2.7359546214048767E-002
   3.6033164622419562       -2.5565662885126374E-002
   3.6707145335615130       -2.2817883100669342E-002
   3.7342714161010688       -1.8988705507943994E-002
   3.7929009423392697       -1.4017180152709044E-002
   3.8451762912319514       -8.0115108402968576E-003
   3.8892930831224901       -1.4048165201098377E-003
   3.9231387219691785        4.8984541808892107E-003
   3.9445633856349778        9.5701811570444717E-003
   3.9519008127572484        1.1307591009636393E-002
  0.94535733072995021       -3.3471024802762095E-002
  0.95321389072193330       -3.1276883940609859E-002
  0.97604049516664870       -2.5484702273950596E-002
   1.0117783027641361       -1.7917567660306114E-002
   1.0578872610962069       -1.0277522281050852E-002
   1.1120029914564729       -3.5788293726039043E-003
   1.1722109271881376        1.7948246200634580E-003
   1.2370660524990567        5.8275256670283831E-003
   1.3055089786881759        8.6598078620664012E-003
   1.3767665287673638        1.0473410154097525E-002
   1.4502689679404090        1.1441765501117671E-002
   1.5255890833927075        1.1713953574858287E-002
   1.6023995456437374        1.1412924196133553E-002
   1.6804435905102462        1.0638757848141759E-002
   1.7595148840855690        9.4730620738326630E-003
   1.8394435836890490        7.9830651469762429E-003
   1.9200865570202108        6.2250024250509297E-003
   2.0013203990011541        4.2467839556345728E-003
   2.0830363418920292        2.0900569035143882E-003
   2.1651364540894646       -2.0820264694535265E-004
   2.2475307182693185       -2.6144482850325983E-003
   2.3301347061899054       -5.0975744831361558E-003
   2.4128676491683474       -7.6281033963512554E-003
   2.4956507550454479       -1.0177486397661965E-002
   2.5784056537112066       -1.2717470747094782E-002
   2.6610528695055669       -1.5219488552009070E-002
   2.7435102229099155       -1.7654027936036144E-002
   2.8256910567331874       -1.9989945441622161E-002
   2.9075021624590605       -2.2193674333700422E-002
   2.9888412475436539       -2.4228275843447594E-002
   3.0695937286913839       -2.6052270110631281E-002
   3.1496285504552812       -2.7618172674692576E-002
   3.2287925989361019       -2.8870656457362285E-002
   3.3069030861448838       -2.9744272400041419E-002
   3.3837369926849297       -3.0160727533964021E-002
   3.4590162387812242       -3.0025912168169931E-002
   3.5323866755850966       -2.9227349712013944E-002
   3.6033882698093613       -2.7633842664916794E-002
   3.6714131997109414       -2.5101411676771754E-002
   3.7356487265526961       -2.1494040990759716E-002
   3.7950046954652774       -1.6734601603727500E-002
   3.8480359192336069       -1.0906921440737674E-002
   3.8928948795729603       -4.4176133562818321E-003
   3.9273924336039885        1.8407441616027738E-003
   3.9492744192062306        6.5185758197887321E-003
   3.9567769022619048        8.2664187804373165E-003
  0.92907448256756686       -3.1721683837797707E-002
  0.93711300510465567       -2.9493420221077874E-002
  0.96043500396080339       -2.3643761636154195E-002
  0.99685686782373839       -1.6075639400676352E-002
   1.0437163501266844       -8.5241004567577789E-003
   1.0985699521458638       -1.9851666107794713E-003
   1.1594658767191059        3.1924043634167501E-003
   1.2249482830145220        7.0211847704039158E-003
   1.2939599027790003        9.6584830744874638E-003
   1.3657346491776667        1.1293670062815973E-002
   1.4397109649743847        1.2102343752225736E-002
   1.5154692907123204        1.2232965128426698E-002
   1.5926889030803166        1.1806661887169580E-002
   1.6711185419584829        1.0921316267797189E-002
   1.7505563954709653        9.6563536921074646E-003
   1.8308363277454907        8.0769984208792483E-003
   1.9118182603498541        6.2377076568012344E-003
   1.9933813297311436        4.1848341098017286E-003
   2.0754189133278427        1.9586616288335386E-003
   2.1578349222292537       -4.0503661529853755E-004
   2.2405409550961219       -2.8737904978187565E-003
   2.3234540347894788       -5.4174755325550900E-003
   2.4064947304202104       -8.0075281069537929E-003
   2.4895855188156397       -1.0616272867756729E-002
   2.5726492702148240       -1.3216313407143397E-002
   2.6556077589384603       -1.5779944288321603E-002
   2.7383801037147477       -1.8278545203582124E-002
   2.8208810350976377       -2.0681917053397388E-002
   2.9030188679488811       -2.2957515119835008E-002
   2.9846930222009331       -2.5069526345471622E-002
   3.0657908794106485       -2.6977726378277007E-002
   3.1461836766608395       -2.8636039024156679E-002
   3.2257210086419636       -2.9990710771245595E-002
   3.3042233113260906       -3.0978018595088280E-002
   3.3814714050174959       -3.1521480790432814E-002
   3.4571917397005039       -3.1528708690976348E-002
   3.5310353708217708       -3.0888478338895697E-002
   3.6025479000105451       -2.9469643976399611E-002
   3.6711268163395574       -2.7125788451527379E-002
   3.7359625697484153       -2.3713984243296758E-002
   3.7959623531384996       -1.9143375492837140E-002
   3.8496657933063232       -1.3476343728697240E-002
   3.8951879211732998       -7.0951635489572770E-003
   3.9302711672692783       -8.8011609401232225E-004
   3.9525660332982637        3.8014821968068995E-003
   3.9602179424338373        5.5582742631107851E-003
  0.91360409208286109       -3.0215177249906765E-002
  0.92181008161420486       -2.7954422395140850E-002
  0.94558617833663106       -2.2050251961656671E-002
  0.98263066100266638       -1.4480581983419245E-002
   1.0301679938152810       -7.0094144745301507E-003
   1.0856835054295408       -6.1417753968822557E-004
   1.1471934198463469        4.3888135513867714E-003
   1.2132337135932283        8.0375486690082293E-003
   1.2827501216641122        1.0503765160594754E-002
   1.3549835745813374        1.1983083284388142E-002
   1.4293801910530408        1.2652628873584516E-002
   1.5055274228683684        1.2660070818670505E-002
   1.5831105091196014        1.2124792273774358E-002
   1.6618831059996244        1.1142672704241683E-002
   1.7416474093507739        9.7911940095268529E-003
   1.8222405483378754        8.1338196995259654E-003
   1.9035251209346045        6.2234590211222296E-003
   1.9853824815830272        4.1051179416695029E-003
   2.0677078730544665        1.8179071596096134E-003
   2.1504068037061845       -6.0343143365976617E-004
   2.2333922690952877       -3.1273478421164312E-003
   2.3165825434330238       -5.7245545089880277E-003
   2.3998993470830983       -8.3672665308921236E-003
   2.4832662470374243       -1.1028551540126292E-002
   2.5666071776735726       -1.3681741171085447E-002
   2.6498449847304957       -1.6299862996213655E-002
   2.7328998992158144       -1.8855054555042744E-002
   2.8156878406851007       -2.1317920007166275E-002
   2.8981184299490654       -2.3656785130190552E-002
   2.9800925566562406       -2.5836797816695910E-002
   3.0614992916105055       -2.7818809038400342E-002
   3.1422118476154313       -2.9557954543591874E-002
   3.2220821611104884       -3.1001844260680700E-002
   3.3009334669726735       -3.2088265546853734E-002
   3.3785499370049208       -3.2742346025990320E-002
   3.4546620034534659       -3.2873268383907729E-002
   3.5289253429210525       -3.2371034398885071E-002
   3.6008906374090901       -3.1104764593838159E-002
   3.6699603021194704       -2.8926238409869829E-002
   3.7353280354582683       -2.5686888597421079E-002
   3.7958993555384342       -2.1284183310726790E-002
   3.8502012829755623       -1.5761657942938666E-002
   3.8963162799077682       -9.4793965817690402E-003
   3.9319256556937754       -3.3053905738340979E-003
   3.9545930458288994        1.3783432593958604E-003
   3.9623801108113788        3.1428776491305263E-003
  0.89883166028100092       -2.8924585657874646E-002
  0.90719186550871678       -2.6632640350895957E-002
  0.93138453186412196       -2.0676040980133561E-002
  0.96899637525567817       -1.3103332001298252E-002
   1.0171469236230235       -5.7041814892902602E-003
   1.0732574403240571        5.6247243877563372E-004
   1.1353166412622167        5.4103457414963838E-003
   1.2018544306818224        8.9001557016513150E-003
   1.2718201489607779        1.1216128882371832E-002
   1.3444615680617440        1.2559054815945991E-002
   1.4192319809784155        1.3107131664464321E-002
   1.4957252597030781        1.3007151750852293E-002
   1.5736320334700173        1.2376860345812443E-002
   1.6527103627446538        1.1310324264238151E-002
   1.7327660089828956        9.8832973589399881E-003
   1.8136389902477488        8.1576946680780669E-003
   1.8951942618046793        6.1850743367731107E-003
   1.9773151240380846        4.0092732870641310E-003
   2.0598984506978715        1.6683880338835249E-003
   2.1428511425229066       -8.0372828990944527E-004
   2.2260874094962051       -3.3763167657108071E-003
   2.3095266110979278       -6.0208080667578847E-003
   2.3930914640295131       -8.7100846204608649E-003
   2.4767064770453717       -1.1417850105663497E-002
   2.5602965024618447       -1.4118058948386249E-002
   2.6437853092538650       -1.6784365495659512E-002
   2.7270940862748643       -1.9389555263321510E-002
   2.8101397768374112       -2.1904919490920736E-002
   2.8928331265897831       -2.4299529279709780E-002
   2.9750762921713503       -2.6539356712302096E-002
   3.0567598026982847       -2.8586177511327943E-002
   3.1377585800555856       -3.0396173740325726E-002
   3.2179265918979305       -3.1918139036935217E-002
   3.2970895094627299       -3.3091182713089883E-002
   3.3750344354020800       -3.3841858525382157E-002
   3.4514953057205249       -3.4080771928447010E-002
   3.5261318973404476       -3.3699092312175015E-002
   3.5984994576571006       -3.2566336235739235E-002
   3.6680049314303447       -3.0532950247297685E-002
   3.7338452159168587       -2.7445738315317769E-002
   3.7949248627014485       -2.3192204561221397E-002
   3.8497603794312205       -1.7799325175010091E-002
   3.8964058413535727       -1.1607053546369754E-002
   3.9324879679912064       -5.4714001951986849E-003
   3.9554914040009908       -7.8660853830156549E-004
   3.9634006629319614        9.8469251872995755E-004
  0.88465528803445048       -2.7826338766616731E-002
  0.89315767039139982       -2.5504202154777535E-002
  0.91773299116955709       -1.9496496178180965E-002
  0.95586270991236699       -1.1918552127580728E-002
   1.0045691577745650       -4.5830708471595472E-003
   1.0612158501947999        1.5690799627988538E-003
   1.1237677948907572        6.2793735352738083E-003
   1.1907505096395825        9.6289174889199001E-003
   1.2611173377830269        1.1812828625399828E-002
   1.3341226568229076        1.3036223348692120E-002
   1.4092264511664001        1.3478051109326625E-002
   1.4860284767900016        1.3284203149172787E-002
   1.5642242477967556        1.2570907773742004E-002
   1.6435757841015490        1.1430598528580619E-002
   1.7238920328786800        9.9374938648334448E-003
   1.8050155803953696        8.1521450966991916E-003
   1.8868134687031650        6.1249278069527568E-003
   1.9691707145157287        3.8986603541927138E-003
   2.0519856254124176        1.5105586651015038E-003
   2.1351663225758499       -1.0062937603360004E-003
   2.2186280775636109       -3.6218216267653040E-003
   2.3022911961802861       -6.3080752641928809E-003
   2.3860792619729958       -9.0385120977205576E-003
   2.4699176014716517       -1.1787383289110265E-002
   2.5537318628037160       -1.4529178924205528E-002
   2.6374466143747424       -1.7238092159761204E-002
   2.7209838737863636       -1.9887465435010441E-002
   2.8042614698412205       -2.2449180634132548E-002
   2.8871911212618970       -2.4892950016340842E-002
   2.9696760814558938       -2.7185455613343904E-002
   3.0516081434041706       -2.9289271434788277E-002
   3.1328637127376675       -3.1161485672128095E-002
   3.2132985246316634       -3.2751921836098596E-002
   3.2927403768718198       -3.4000847141755990E-002
   3.3709789404378214       -3.4836077286394984E-002
   3.4477512378230579       -3.5169498643667217E-002
   3.5227206840025387       -3.4893373067402901E-002
   3.5954466205822078       -3.3877684696100238E-002
   3.6653401315673912       -3.1971895689649921E-002
   3.7316011937185354       -2.9018986422273584E-002
   3.7931338988645287       -2.4897925338365420E-002
   3.8484459417544716       -1.9621128071397806E-002
   3.8955665889759090       -1.3510349118272110E-002
   3.9320737808310176       -7.4101264110051739E-003
   3.9553804243039541       -2.7249278380936507E-003
   3.9634001575321030       -9.4764443498328819E-004
  0.87098410495857703       -2.6899813871018793E-002
  0.87961779366097248       -2.4548209348063479E-002
  0.90454528314130778       -1.8490061277309115E-002
  0.94314874695979789       -1.0904159057294027E-002
  0.99236041459218438       -3.6241626703988460E-003
   1.0494916404776484        2.4265042178507430E-003
   1.1124869518558473        7.0149720236999218E-003
   1.1798688288946120        1.0240723168662921E-002
   1.2505948687360795        1.2308450052573425E-002
   1.3239257888334159        1.3426940529409128E-002
   1.3993278122867023        1.3775673589013139E-002
   1.4764060979308575        1.3499654534539067E-002
   1.5548606010038395        1.2713720366426092E-002
   1.6344569153231048        1.1508837325353117E-002
   1.7150068474329891        9.9578595526808675E-003
   1.7963552780636491        8.1201352078623373E-003
   1.8783711062281190        6.0450018370986460E-003
   1.9609408705603275        3.7743871164629497E-003
   2.0439641459706519        1.3447392034615711E-003
   2.1273501291463903       -1.2115278779124136E-003
   2.2110150245381290       -3.8649323886429184E-003
   2.2948799674048601       -6.5880618644551994E-003
   2.3788692992812326       -9.3548716005702418E-003
   2.4629090602735362       -1.2140086320818163E-002
   2.5469255916909321       -1.4918659068494383E-002
   2.6308441573135486       -1.7665248404339706E-002
   2.7145874949413025       -2.0353677663345997E-002
   2.7980742025208238       -2.2956338756798589E-002
   2.8812168440005190       -2.5443497850892918E-002
   2.9639196259216654       -2.7782450949712375E-002
   3.0460754406838828       -2.9936463637945221E-002
   3.1275619865175917       -3.1863411195222478E-002
   3.2082365415346445       -3.3514015174629284E-002
   3.2879287648049971       -3.4829558150897930E-002
   3.3664305830286003       -3.5738971787460196E-002
   3.4434817418122012       -3.6155291243487590E-002
   3.5187488857306257       -3.5971787910260990E-002
   3.5917950240270722       -3.5058945547366847E-002
   3.6620350070304708       -3.3265499600572651E-002
   3.7286717299181711       -3.0431249928134185E-002
   3.7906091815172829       -2.6427821642450760E-002
   3.8463476265947905       -2.1254808938630219E-002
   3.8938945833998049       -1.5217550364118003E-002
   3.9307843621777394       -9.1497421127879220E-003
   3.9543647597901317       -4.4644631737723811E-003
   3.9624844145455191       -2.6818241400478299E-003
  0.85773688483724797       -2.6126989374196035E-002
  0.86649212302546086       -2.3746386817095719E-002
  0.89174452537096771       -1.7637888001506424E-002
  0.93078254508909208       -1.0040913837271325E-002
  0.98045475240008284       -2.8084843908216211E-003
   1.0380252603114748        3.1526709477343287E-003
   1.1014208576610840        7.6334322165818183E-003
   1.1691620696986471        1.0749929531637607E-002
   1.2402108951453081        1.2715352875548229E-002
   1.3138341171467667        1.3741653262737619E-002
   1.3895037812761677        1.4008690692150534E-002
   1.4668300214102070        1.3660625153415361E-002
   1.5455168460303534        1.2811026758736294E-002
   1.6253330893906557        1.1549545982107754E-002
   1.7060931371740886        9.9478239279067251E-003
   1.7876439307181602        8.0641450794048768E-003
   1.8698560303846612        5.9469330948636583E-003
   1.9526173316987308        3.6373339966482955E-003
   2.0358285358314538        1.1711238632230003E-003
   2.1193997923299688       -1.4198681108056328E-003
   2.2032481297420268       -4.1066778093195762E-003
   2.2872954140225810       -6.8623605734451816E-003
   2.3714666527313604       -9.6613047156861535E-003
   2.4556885115339355       -1.2478646402624301E-002
   2.5398879382272699       -1.5289740555933616E-002
   2.6239908040521045       -1.8069649467943795E-002
   2.7079204752646109       -2.0792613469203046E-002
   2.7915962205679987       -2.3431466682554161E-002
   2.8749313409261616       -2.5956955676538537E-002
   2.9578308742846162       -2.8336909381982259E-002
   3.0401886728392835       -3.0535194529880953E-002
   3.1218835647226593       -3.2510372091318566E-002
   3.2027741791848583       -3.4213948520402333E-002
   3.2826918090293100       -3.5588098020712562E-002
   3.3614303669026460       -3.6562739151328988E-002
   3.4387320053348005       -3.7051934772547097E-002
   3.5142662387618695       -3.6949881026007617E-002
   3.5875993608657346       -3.6127566980997429E-002
   3.6581496391569694       -3.4433191404144886E-002
   3.7251227039255519       -3.1703888859510150E-002
   3.7874226866837275       -2.7804937622227275E-002
   3.8435435493369727       -2.2724619272383548E-002
   3.8914736791052968       -1.6753482551355808E-002
   3.9287083045695357       -1.0715078982354581E-002
   3.9525361280220874       -6.0298034929947529E-003
   3.9607462381199583       -4.2423061253705286E-003
  0.84484082219307455       -2.5492145244240188E-002
  0.85370890783490494       -2.3082779410828862E-002
  0.87926199090570245       -1.6923515848740335E-002
  0.91869991830248454       -9.3120668820347550E-003
  0.96879339846191459       -2.1196146588469797E-003
   1.0267636181062174        3.7629954350115128E-003
   1.0905219590510569        8.1486847334332913E-003
   1.1585878650672508        1.1168760234208243E-002
   1.2299278140435448        1.3044028305982724E-002
   1.3038143862378904        1.3989210846291254E-002
   1.3797250730041326        1.4184454242932101E-002
   1.4572746058399928        1.3773129433694091E-002
   1.5361707088658123        1.2867659181818248E-002
   1.6161851689930746        1.1556515291744333E-002
   1.6971347105944918        9.9102591729604162E-003
   1.7788681357642759        7.9862327809905147E-003
   1.8612574995149818        5.8320527138263105E-003
   1.9441919138997412        3.4881765701451684E-003
   2.0275730865171466        9.8978982433898057E-004
   2.1113120156728264       -1.6317912951584218E-003
   2.1953264617028916       -4.3480559527493863E-003
   2.2795389374787773       -7.1324685607314555E-003
   2.3638750385708307       -9.9597956047776017E-003
   2.4482619815294275       -1.2805532184812373E-002
   2.5326272470765452       -1.5645383481800910E-002
   2.6168972393003482       -1.8454763399798527E-002
   2.7009958750284770       -2.1208275249743353E-002
   2.7848430101572621       -2.3879138007619618E-002
   2.8683525906971843       -2.6438516405999899E-002
   2.9514303824337969       -2.8854703553666868E-002
   3.0339710783983369       -3.1092090402864783E-002
   3.1158544977207767       -3.3109836996028257E-002
   3.1969404565840076       -3.4860137431403183E-002
   3.2770616859800397       -3.6285950178947556E-002
   3.3560138514980493       -3.7318066996294794E-002
   3.4335412375821650       -3.7871468737826548E-002
   3.5093159124528484       -3.7841193339769999E-002
   3.5829071120085052       -3.7098723727797489E-002
   3.6537361987979557       -3.5491861632656531E-002
   3.7210113461198620       -3.2855490490751406E-002
   3.7836369921524518       -2.9049375861274991E-002
   3.8401017165844924       -2.4051793122367337E-002
   3.8883770145250161       -1.8139971021293659E-002
   3.9259230397287954       -1.2128039083194162E-002
   3.9499748285347116       -7.4426721899800465E-003
   3.9582669324823914       -5.6507076333056480E-003
  0.83223044823093140       -2.4981603879430658E-002
  0.84120367272326202       -2.2543488934292446E-002
  0.86703602256152301       -1.6332593722676113E-002
  0.90684337103578350       -8.7030508201477140E-003
  0.95732373592791686       -1.5433452157794286E-003
   1.0156591487710198        4.2707376188474474E-003
   1.0797475692789342        8.5726502346513099E-003
   1.1481080695408621        1.1507632251455796E-002
   1.2197116386550091        1.3303389171256848E-002
   1.2938364006863259        1.4177113270904419E-002
   1.3699649564749721        1.4309182331398688E-002
   1.4477163046619368        1.3842243346922129E-002
   1.5268015924833969        1.2887684315113727E-002
   1.6069953118047640        1.1532921584602326E-002
   1.6881163196401592        9.8475541555441658E-003
   1.7700151080962199        7.8880866985042847E-003
   1.8525650846996204        5.7014208200017553E-003
   1.9356564584974587        3.3274056221845481E-003
   2.0191918415336398        8.0070557834262181E-004
   2.1030829923007435       -1.8478147998342016E-003
   2.1872483243820322       -4.5900431989470162E-003
   2.2716109262660127       -7.3998031618078388E-003
   2.3560969151206197       -1.0252192738636489E-002
   2.4406339947914497       -1.3123021351454208E-002
   2.5251501162645829       -1.5988300592637887E-002
   2.6095721529033495       -1.8823751706604497E-002
   2.6938245057291321       -2.1604295098207802E-002
   2.7778275465892315       -2.4303485851880580E-002
   2.8614957880923351       -2.6892853930859145E-002
   2.9447356354562140       -2.9341098070016430E-002
   3.0274425208787430       -3.1613067779464231E-002
   3.1094971355776617       -3.3668447978641623E-002
   3.1907603417766834       -3.5460036672911456E-002
   3.2710661403473722       -3.6931483436146877E-002
   3.3502117484117049       -3.8014353328980108E-002
   3.4279433431977306       -3.8624446603884234E-002
   3.5039352695054324       -3.8657564074565186E-002
   3.5777594012109102       -3.7985660353646332E-002
   3.6488399018897892       -3.6456242220018857E-002
   3.7163872959860691       -3.3902276039420781E-002
   3.7793064326738914       -3.0178714091130876E-002
   3.8360812631228085       -2.5254955159746760E-002
   3.8846683061428489       -1.9396227184561049E-002
   3.9224961619691086       -1.3407957433703557E-002
   3.9467510749004853       -8.7222751606757885E-003
   3.9551176348903789       -6.9261474164364267E-003
  0.81984666732673772       -2.4583506086885160E-002
  0.82891825410023345       -2.2116446297788452E-002
  0.85501107550770006       -1.5852638215528195E-002
  0.89516116602037077       -8.2012151290555401E-003
  0.94599842303584103       -1.0673924990128772E-003
   1.0046690063658348        4.6873004150185206E-003
   1.0690591467957036        8.9155299040658866E-003
   1.1376881273887300        1.1775423799720493E-002
   1.2095314533762016        1.3501006477915843E-002
   1.2838725608369377        1.4311713016789974E-002
   1.3601988637157643        1.4388126665072613E-002
   1.4381333406403090        1.3872239794947307E-002
   1.5173903097666359        1.2874510209856149E-002
   1.5977467554035598        1.1481408997978570E-002
   1.6790234909949200        9.7616757500388132E-003
   1.7610725529349482        7.7710692960733562E-003
   1.8437685800978618        5.5558557080899150E-003
   1.9270027766808293        3.1553442641128228E-003
   2.0106785722884801        6.0373806509982433E-004
   2.0947084101194693       -2.0684977178088444E-003
   2.1790112900372827       -4.8336025191873470E-003
   2.2635108153178387       -7.6657163791244518E-003
   2.3481335680305051       -1.0540229136070863E-002
   2.4328076849999207       -1.3433226468576967E-002
   2.5174615339289872       -1.6320988969870338E-002
   2.6020224031111994       -1.9179507454968707E-002
   2.6864151210025295       -2.1983980273996322E-002
   2.7705605144653900       -2.4708257023998006E-002
   2.8543735955817868       -2.7324187704701276E-002
   2.9377613333113075       -2.9800826633827965E-002
   3.0206198118974212       -3.2103425658154050E-002
   3.1028304926162260       -3.4192130869557413E-002
   3.1842551626136149       -3.6020271973510563E-002
   3.2647289475737971       -3.7532108786486683E-002
   3.3440504419278834       -3.8659892061846814E-002
   3.4219675077938403       -3.9320153365647537E-002
   3.4981565237995969       -3.9409382734402955E-002
   3.5721917323158885       -3.8799978034971580E-002
   3.6434998318600460       -3.7339225173559400E-002
   3.7112935123185280       -3.4858443767941984E-002
   3.7744780950519159       -3.1208360352397008E-002
   3.8315335210935366       -2.6350472880017673E-002
   3.8804029726860234       -2.0539185786016944E-002
   3.9184865841942202       -1.4571921459496611E-002
   3.9429261633212862       -9.8856084432530269E-003
   3.9513604868976460       -8.0855497672277284E-003
  0.80763589762829191       -2.4287617850193413E-002
  0.81679994253423660       -2.1791214526515352E-002
  0.84313686970151980       -1.5472824124721033E-002
  0.88360650462923629       -7.7955972835686395E-003
  0.93477462305581471       -6.8115188743478664E-004
  0.99375436067289280        5.0224804492544463E-003
   1.0584216671813624        9.1860466986116492E-003
   1.1272965213538360        1.1979694890385655E-002
   1.1993589361211177        1.3643303036513033E-002
   1.2738974531854184        1.4398379726392470E-002
   1.3504040418334962        1.4425709037965957E-002
   1.4285054132811881        1.3866699145517683E-002
   1.5079188404673192        1.2830973824647577E-002
   1.5884236186030647        1.1404157087186846E-002
   1.6698423673204699        9.6542194546426832E-003
   1.7520285431800975        7.6362533820979531E-003
   1.8348579132337983        5.3959580530272347E-003
   1.9182225900939778        2.9721620275227497E-003
   2.0020267468867039        3.9865823568393822E-004
   2.0861834471389935       -2.2944425812068910E-003
   2.1706122198198772       -5.0796915283461272E-003
   2.2552371310027888       -7.9315086261894686E-003
   2.3399851791533375       -1.0825541435345403E-002
   2.4247848875667515       -1.3738119290864614E-002
   2.5095649947824690       -1.6645759748642106E-002
   2.5942531574385437       -1.9524690850140001E-002
   2.6787745827549747       -2.2350355366869652E-002
   2.7630505003444603       -2.5096861786347523E-002
   2.8469963641736578       -2.7736341428508521E-002
   2.9305196419803763       -3.0238161291390293E-002
   3.0135169952304350       -3.2567927292994868E-002
   3.0958705675416112       -3.4686191882878636E-002
   3.1774429666961974       -3.6546754114321164E-002
   3.2580703180151454       -3.8094413836760516E-002
   3.3375524424481049       -3.9262030760691818E-002
   3.4156387063033868       -3.9966789423643546E-002
   3.4920073097334376       -4.0105801270468915E-002
   3.5662346256372448       -3.9551875784080634E-002
   3.6377496482807046       -3.8152131192594453E-002
   3.7057670571619270       -3.5736459768072965E-002
   3.7691926761973775       -3.2151856635027148E-002
   3.8265029446538725       -2.7352761083588910E-002
   3.8756291117055870       -2.1583799769666474E-002
   3.9139455471427231       -1.5635052552552871E-002
   3.9385534969564082       -1.0947730293418405E-002
   3.9470496625877289       -9.1439135622221751E-003
  0.79554930128712398       -2.4085164373338679E-002
  0.80480071611948401       -2.1558819096306841E-002
  0.83136763612625275       -1.5183803454980167E-002
  0.87213680234233348       -7.4767258529749112E-003
  0.92361332688035347       -3.7548853609940174E-004
  0.98287977989108521        5.2846788190791787E-003
   1.0478030718156324        9.3916459708109704E-003
   1.1169042873978419        1.2126869280942181E-002
   1.1891679357571063        1.3735712353445499E-002
   1.2638874855103643        1.4441634933705795E-002
   1.3405592404122009        1.4425632854722746E-002
   1.4188134332578273        1.3828599580274693E-002
   1.4983701079071219        1.2759412648439061E-002
   1.5790107162652205        1.1302936215842397E-002
   1.6605595566074829        9.5264508810865341E-003
   1.7428714002830950        7.4844517765385067E-003
   1.8258230548782675        5.2221305448574892E-003
   1.9093074676630026        2.7778859667774818E-003
   1.9932294922384184        1.8514484431629550E-004
   2.0775027575558709       -2.5262979183398879E-003
   2.1620472728498408       -5.3292706723981507E-003
   2.2467875225100231       -8.1984420545589028E-003
   2.3316508798391911       -1.1109688085892496E-002
   2.4165662147073776       -1.4039553752296588E-002
   2.5014625970978028       -1.6964766047789754E-002
   2.5862680119696444       -1.9861762453588266E-002
   2.6709080034759549       -2.2706201364426460E-002
   2.7553041590490963       -2.5472419558372660E-002
   2.8393723250238514       -2.8132796412502496E-002
   2.9230204120442949       -3.0656974727144511E-002
   3.0061455944182147       -3.3010872960127481E-002
   3.0886306225738958       -3.5155402665656546E-002
   3.1703388350252291       -3.7044778335285272E-002
   3.2511072486262229       -3.8624278867960646E-002
   3.3307367802917618       -3.9827305786381474E-002
   3.4089781435092186       -4.0571627163044466E-002
   3.4855111745134937       -4.0754914038575348E-002
   3.5599141671645329       -4.0250354738844002E-002
   3.6316181976592583       -3.8904937434135971E-002
   3.6998397713116695       -3.6547305578810245E-002
   3.7634852232973044       -3.3021139356262927E-002
   3.8210279097153137       -2.8274545637973793E-002
   3.8703883476211329       -2.2543298330625659E-002
   3.9089174998165994       -1.6610754369064760E-002
   3.9336794828359438       -1.1922001950074510E-002
   3.9422322701911572       -1.0114550514987435E-002
  0.78354209142781595       -2.3968688544161874E-002
  0.79287655159830239       -2.1411602693226832E-002
  0.81966144273934693       -1.4977549741916391E-002
  0.86071304432632345       -7.2364516309807517E-003
  0.91247875288914759       -1.4255969036997324E-004
  0.97201268455388945        5.4810781433897587E-003
   1.0371737796015135        9.5386623614022985E-003
   1.1064845834342620        1.2222384716002718E-002
   1.1789340944781672        1.3782809156215400E-002
   1.2538205584391793        1.4445262372730699E-002
   1.3306444276392859        1.4390974255886051E-002
   1.4090392787354906        1.3760390824791101E-002
   1.4887277716025680        1.2661723082549949E-002
   1.5694933848442907        1.1179152618336949E-002
   1.6511619877612156        9.3793393655847695E-003
   1.7335895774590380        7.3162411169227495E-003
   1.8166539278839542        5.0345932975458764E-003
   1.9002487584153509        2.5724088427914139E-003
   1.9842795495450618       -3.7213642226638262E-005
   2.0686604488751379       -2.7647618739759139E-003
   2.1533119042004252       -5.5833118238343520E-003
   2.2381587801600804       -8.4677537475801260E-003
   2.3231287892585417       -1.1394166931534409E-002
   2.4081511136762135       -1.4339287892140555E-002
   2.4931551209663234       -1.7280029351849375E-002
   2.5780690899643979       -2.0193014295660724E-002
   2.6628188657383598       -2.3054091936407572E-002
   2.7473263548435254       -2.5837800988317595E-002
   2.8315077533313397       -2.8516740237168443E-002
   2.9152713666205594       -3.1060796514382542E-002
   2.9985148263857488       -3.3436165010794619E-002
   3.0811214247493313       -3.5604075586641387E-002
   3.1629551533806994       -3.7519111513230639E-002
   3.2438538272584156       -3.9126977752888176E-002
   3.3236193462233374       -4.0361558934714908E-002
   3.4020036345845281       -4.1141145293484817E-002
   3.4786880028934779       -4.1363911553380817E-002
   3.5532524818816520       -4.0903392349805522E-002
   3.6251300394697861       -3.9606471803682597E-002
   3.6935388561174363       -3.7300690099789015E-002
   3.7573857720695294       -3.3826763652721289E-002
   3.8151414052945429       -2.9127092539697450E-002
   3.8647165675612882       -2.3429413079149884E-002
   3.9034408666694498       -1.7510931999105708E-002
   3.9283443161349108       -1.2820300883505029E-002
   3.9369491415301305       -1.1009296352478682E-002
  0.77157290423869607       -2.3931931546861854E-002
  0.78098680136832510       -2.1343102051295065E-002
  0.80797958762986477       -1.4847225053015233E-002
  0.84929920803213166       -7.0678034788906599E-003
  0.90133781088503784        2.4335797521539341E-005
  0.96112286002553815        5.6177910147427049E-003
   1.0265062502042850        9.6324584765578036E-003
   1.0960123019370518        1.2270816875882882E-002
   1.1686345065311343        1.3788416495126875E-002
   1.2436757663493703        1.4412398119764296E-002
   1.3206405294238746        1.4324256333996784E-002
   1.3991655690575857        1.3664053998493832E-002
   1.4789760323023333        1.2539407636023682E-002
   1.5598573160127476        1.1033884598626156E-002
   1.6416367704820323        9.2135846772334658E-003
   1.7241715438736691        7.1319803912374734E-003
   1.8073403140704198        4.8333953219951292E-003
   1.8910375197516935        2.3554944604709540E-003
   1.9751692229075088       -2.6891909666161643E-004
   2.0596500500346564       -3.0105870687566158E-003
   2.1444008519257607       -5.8428075170130506E-003
   2.2293468409124397       -8.7406690399464172E-003
   2.3144160381437415       -1.1680432454588375E-002
   2.3995379086663311       -1.4639004991104069E-002
   2.4846420884480800       -1.7593464632102301E-002
   2.5696571205214958       -2.0520599201034297E-002
   2.6545091198143740       -2.3396427314841740E-002
   2.7391202786308915       -2.6195666876104307E-002
   2.8234071059516483       -2.8891111354113014E-002
   2.9072782604560028       -3.1452864188326587E-002
   2.9906317833341958       -3.3847366380975866E-002
   3.0733514522207614       -3.6036130827684851E-002
   3.1553018449692529       -3.7974069163744961E-002
   3.2363214939598817       -3.9607266368534400E-002
   3.3162131841114215       -4.0870038887988146E-002
   3.3947299322288771       -4.1681144999068845E-002
   3.4715543822792609       -4.1939212838025909E-002
   3.5462681405663381       -4.1518091940510080E-002
   3.6183058982784502       -4.0264579733097383E-002
   3.6868873738357375       -3.8005231918895883E-002
   3.7509198964546235       -3.4578097331150894E-002
   3.8088716304437051       -2.9920407441534042E-002
   3.8586445589788632       -2.4252576654737627E-002
   3.8975487150630079       -1.8346185698853459E-002
   3.9225826647460296       -1.3653209900400790E-002
   3.9312355219826256       -1.1838698225033155E-002
  0.75960322557247795       -2.3969733867820718E-002
  0.76909362558062266       -2.1347945017279518E-002
  0.79628604815730031       -1.4787067494214634E-002
  0.83786174123295154       -6.9648661040814875E-003
  0.89015961859654824        1.3088428960137476E-004
  0.95018201666548308        5.6999840032667948E-003
   1.0157745888938039        9.6775397384998400E-003
   1.0854637177234898        1.2275981281472888E-002
   1.1582474058564454        1.3755693257679565E-002
   1.2334331213763403        1.4345603846901820E-002
   1.3105291863781796        1.4227509113327553E-002
   1.3891754516314720        1.3541149675331666E-002
   1.4690994461068552        1.2393612500685099E-002
   1.5500883957421532        1.0867910981859226E-002
   1.6319710574010537        9.0296375677247839E-003
   1.7146056682511770        6.9318246427050234E-003
   1.7978717580033090        4.6184222774594916E-003
   1.8816644403402116        2.1267802011821885E-003
   1.9658903204919669       -5.1056582780451053E-004
   2.0504644701865247       -3.2645868661440244E-003
   2.1353081129692706       -6.1087810471001499E-003
   2.2203467810652739       -9.0184152215821729E-003
   2.3055087780872183       -1.1969912962286727E-002
   2.3907238266501052       -1.4940334218594057E-002
   2.4759218060338024       -1.7906904532253933E-002
   2.5610314978773254       -2.0846558690652071E-002
   2.6459792601693874       -2.3735466193943951E-002
   2.7306875421524448       -2.6548504462549576E-002
   2.8150731339778630       -2.9258640273566495E-002
   2.8990450117511988       -3.1836169968293748E-002
   2.9825015848790590       -3.4247753623044795E-002
   3.0653270680176097       -3.6455156647632776E-002
   3.1473865673849555       -3.8413584013337734E-002
   3.2285192630226613       -4.0069460700547677E-002
   3.3085287402870764       -4.1357490195983129E-002
   3.3871690059209349       -4.2196851191810977E-002
   3.4641239148002181       -4.2486580256252605E-002
   3.5389765078515483       -4.2100812081821745E-002
   3.6111630509729165       -4.0886268310177463E-002
   3.6799046767202479       -3.8668617103561377E-002
   3.7441091809193150       -3.5283489389139409E-002
   3.8022425085584235       -3.0663410097733806E-002
   3.8521985609903875       -2.5022097619619627E-002
   3.8912693346817915       -1.9125982495933100E-002
   3.9164242654513175       -1.4430185153467513E-002
   3.9251216720890336       -1.2612181315069490E-002
  0.74759686219924382       -2.4077955431049073E-002
  0.75716146935213824       -2.1421766455645880E-002
  0.78454697582767752       -1.4792297491508073E-002
  0.82636908510187235       -6.9226774963822004E-003
  0.87891506054393664        1.8186341162992363E-004
  0.93916338805897437        5.7319805456263672E-003
   1.0049541842805254        9.6776488782787870E-003
   1.0748161632339566        1.2241016466653402E-002
   1.1477518760163523        1.3687205050956537E-002
   1.2230732948938312        1.4246925689453077E-002
   1.3002925239266256        1.4102317321219247E-002
   1.3790523980690863        1.3392855730439432E-002
   1.4590827444080534        1.2225156676627325E-002
   1.5401725461594160        1.0681732642626883E-002
   1.6221519062845473        8.8277146992864087E-003
   1.7048801001320202        6.7157341532153416E-003
   1.7882374662465537        4.3894006269226318E-003
   1.8721197565067067        1.8857767377662277E-003
   1.9564340873768256       -7.6284483584932849E-004
   2.0410959474730257       -3.5276432346356052E-003
   2.1260269074778004       -6.3822976725056175E-003
   2.2111527958412078       -9.3022359028451223E-003
   2.2964021762481628       -1.2264028021100992E-002
   2.3817050071670041       -1.5244871123001250E-002
   2.4669913895831876       -1.8222122980849288E-002
   2.5521903216748396       -2.1172849862678495E-002
   2.6372283813569051       -2.4073356108977605E-002
   2.7220282499274280       -2.6898661623559951E-002
   2.8065069712795898       -2.9621887986220702E-002
   2.8905738080034928       -3.2213503922471340E-002
   2.9741275020732751       -3.4640365441673732E-002
   3.0570526633206407       -3.6864464039079670E-002
   3.1392148764319998       -3.8841267655519075E-002
   3.2204539089062134       -4.0517506504456999E-002
   3.3005740734091065       -4.1828232057900823E-002
   3.3793302778768717       -4.2693001590617910E-002
   3.4564074818194732       -4.3011220021715903E-002
   3.5313900379925478       -4.2657279426881814E-002
   3.6037156565614112       -4.1477831773000483E-002
   3.6726067733176051       -3.9297736667662730E-002
   3.7369716247116394       -3.5950417261900659E-002
   3.7952741290117009       -3.1364087570890695E-002
   3.8454007396272947       -2.5746315011376062E-002
   3.8846267389871429       -1.9858808628912206E-002
   3.9098944415244143       -1.5159705797068346E-002
   3.9186333905112494       -1.3338197355115457E-002
  0.73551944836541816       -2.4253414081021579E-002
  0.74515657568426286       -2.1561142066879858E-002
  0.77273022737434993       -1.4859041541762496E-002
  0.81479123279379173       -6.9371442119455793E-003
  0.86757638001970139        1.8122964039212817E-004
  0.92804135865604109        5.7173453525503097E-003
  0.99402137108531230        9.6358427712985965E-003
   1.0640477243332405        1.2168450962577258E-002
   1.1371275763162827        1.3584980697401912E-002
   1.2125773711971766        1.4117940606602481E-002
   1.2899129310159554        1.3949857453621492E-002
   1.3687800057101942        1.3219996122717665E-002
   1.4489106563457452        1.2034553484852446E-002
   1.5300955673652430        1.0475587679631065E-002
   1.6121661399148084        8.6078082989207889E-003
   1.6949826467498188        6.4834792732596375E-003
   1.7784262003674465        4.1458982227696711E-003
   1.8623931606694262        1.6318648484146944E-003
   1.9467911288644264       -1.0265503940649660E-003
   2.0315359867894123       -3.8007164356274052E-003
   2.1165496307020151       -6.6644771981774105E-003
   2.2017581652138958       -9.5934063546658996E-003
   2.2870903949886432       -1.2564206482742290E-002
   2.3724764957431521       -1.5554198337510525E-002
   2.4578467715908952       -1.8540858634733922E-002
   2.5431304182292274       -2.1501371696028709E-002
   2.6282542135312994       -2.4412162789500508E-002
   2.7131410493611288       -2.7248379533697943E-002
   2.7977081996651774       -2.9983282274543090E-002
   2.8818651868060887       -3.2587494348809816E-002
   2.9655110545666985       -3.5028047658023247E-002
   3.0485307718673109       -3.7267136891183043E-002
   3.1307903588485155       -3.9260466634741878E-002
   3.2121301185678979       -4.0955042142281857E-002
   3.2923550279342604       -4.2286228842289060E-002
   3.3712208194622106       -4.3173925919633288E-002
   3.4484134653639331       -4.3517871056423338E-002
   3.5235185236283639       -4.3192688047750921E-002
   3.5959750346872976       -4.2044961721983624E-002
   3.6650066389704867       -3.9898807255153608E-002
   3.7295219858408228       -3.6585616346881081E-002
   3.7879831244651241       -3.2029629546560377E-002
   3.8382695956428274       -2.6432735561462625E-002
   3.8776410973593678       -2.0552305510818467E-002
   3.9030145502711231       -1.5849407789202907E-002
   3.9117924667736754       -1.4024357468581225E-002
  0.72333797857687065       -2.4493842142610987E-002
  0.73304652499659007       -2.1763539663142067E-002
  0.76080492295528357       -1.4984272556469095E-002
  0.80309931456799000       -7.0049731446799983E-003
  0.85611679557196829        1.3218920683187116E-004
  0.91679111278315784        5.6589523542398042E-003
  0.98295311062380653        9.5545536624097073E-003
   1.0531369500790884        1.2060255994912504E-002
   1.1263544783124093        1.3450555994105487E-002
   1.2019266082754141        1.3959791591947688E-002
   1.2793728429355122        1.3770925195326279E-002
   1.3583418005879271        1.3023061398322077E-002
   1.4385677303219648        1.1822025009281752E-002
   1.5198429761755594        1.0249460571458025E-002
   1.6020002009737793        8.3696907017341560E-003
   1.6849006431727813        6.2346409222908666E-003
   1.7684261616205204        3.8873212350564925E-003
   1.8524736999930085        1.3642891547413234E-003
   1.9369513226547996       -1.3025891991875250E-003
   2.0217752851329589       -4.0848568316116758E-003
   2.1068677912696940       -6.9565082752457413E-003
   2.1921552049388384       -9.8932501920881780E-003
   2.2775665555733662       -1.2871905499065934E-002
   2.3630322202459686       -1.5869906926498513E-002
   2.4484826902551919       -1.8864838608966854E-002
   2.5338473424438250       -2.1833991268354135E-002
   2.6190531374215489       -2.4753899024309717E-002
   2.7040231590699326       -2.7599824395133230E-002
   2.7886748909426600       -3.0345152585458005E-002
   2.8729180921317092       -3.2960646139907276E-002
   2.9566520817159692       -3.5413495491903216E-002
   3.0397621566260971       -3.7666078697344042E-002
   3.1221147354402041       -3.9674314178891813E-002
   3.2035506121325947       -4.1385456032990986E-002
   3.2838753736082742       -4.2735154036018332E-002
   3.3628455110225071       -4.3643617200426969E-002
   3.4401479300569955       -4.4010884476787616E-002
   3.5153693018014271       -4.3711787855279780E-002
   3.5879498978502475       -4.2592844897457890E-002
   3.6571144762558068       -4.0477478068413342E-002
   3.7217720711932252       -3.7195194866441739E-002
   3.7803829908126625       -3.2666548693606468E-002
   3.8308203121528988       -2.7088156266039227E-002
   3.8703291052908533       -2.1213391649002246E-002
   3.8958023678124190       -1.6506204114276786E-002
   3.9046170710465398       -1.4677551596954995E-002
  0.71102035750834314       -2.4797861360237261E-002
  0.72079979222701285       -2.2027287964045617E-002
  0.74874102255156250       -1.5165766366629680E-002
  0.79126520075782403       -7.1236188672719339E-003
  0.84451013371105021        3.7253598928118022E-005
  0.90538829730576142        5.5590376549538075E-003
  0.97172668193476663        9.4356362580735233E-003
   1.0420625700570973        1.1917885241606875E-002
   1.1154126069477659        1.3285005876964422E-002
   1.1911022005063345        1.3773212638980407E-002
   1.2686545236132494        1.3565953866526561E-002
   1.3477210376733901        1.2802221372272053E-002
   1.4280381508255466        1.1587509736920857E-002
   1.5093998384044638        1.0003085423154146E-002
   1.5916399988715999        8.1129137612427678E-003
   1.6746208129394937        5.9686066295925226E-003
   1.7582248647976659        3.6129072063217161E-003
   1.8423496629820231        1.0821484990530292E-003
   1.9269037178151580       -1.5919924293200315E-003
   2.0118036426700319       -4.3812191961014949E-003
   2.0969719341502513       -7.2596648326240824E-003
   2.1823352012855652       -1.0203157845446332E-002
   2.2678226846046941       -1.3188630995743071E-002
   2.3533649490189443       -1.6193618867729635E-002
   2.4388926593699680       -1.9195803015913410E-002
   2.5243353595781164       -2.2172570443278538E-002
   2.6096201781578738       -2.5100553632721196E-002
   2.6946703750178114       -2.7955118876107056E-002
   2.7794036256927961       -3.0709764170875078E-002
   2.8637299061537651       -3.3335377917247055E-002
   2.9475487879625857       -3.5799294044279707E-002
   3.0307458693529394       -3.8064056810884685E-002
   3.1131879355683325       -4.0085778729235931E-002
   3.1947162332194337       -4.1811940037928028E-002
   3.2751369127169641       -4.3178449144499358E-002
   3.3542071673462961       -4.4105796886986945E-002
   3.4316147682973130       -4.4494295701283472E-002
   3.5069474205622639       -4.4218964344539077E-002
   3.5796465412868383       -4.3126250989736423E-002
   3.6489379299523819       -4.1038926669626018E-002
   3.7137309779896230       -3.7784736760246788E-002
   3.7724843554700511       -3.3280788681530109E-002
   3.8230650481678770       -2.7718774750028791E-002
   3.8627042988218814       -2.1848372763222861E-002
   3.8882724173126677       -1.7136393551991942E-002
   3.8971220871605472       -1.5304056579346470E-002
  0.69853495773242491       -2.5164977071908019E-002
  0.70838531224832713       -2.2351563560633645E-002
  0.73650891148375786       -1.5402074460545565E-002
  0.77926111393601893       -7.2912460872415581E-003
  0.83273046959906916       -1.0171953734766945E-004
  0.89380869027719134        5.4192384456625857E-003
  0.96031937648178411        9.2804016316262034E-003
   1.0308032128114646        1.1742302485594460E-002
   1.1042817804094074        1.3088965657034208E-002
   1.1800850378816894        1.3558543944172531E-002
   1.2577398424563400        1.3335024196721869E-002
   1.3369004938792530        1.2557330124408739E-002
   1.4173055464121884        1.1330663389650652E-002
   1.4987505908595002        9.7359431760782929E-003
   1.5810707449825838        7.8368028986018183E-003
   1.6641291159149079        5.6845618064574523E-003
   1.7478089982103038        3.3217138587960581E-003
   1.8320084512008965        7.8438253539932484E-004
   1.9166364179378241       -1.8959311760175890E-003
   2.0016098571080949       -4.6910800246488544E-003
   2.0868515460830825       -7.5753251666339470E-003
   2.1722883274237894       -1.0524607368107994E-002
   2.2578496413224896       -1.3515960174681020E-002
   2.3434662291026163       -1.6527011261366999E-002
   2.4290689175247127       -1.9535530927594962E-002
   2.5145874055355346       -2.2518993667969778E-002
   2.5999489768093147       -2.5454121215868881E-002
   2.6850770535226518       -2.8316373973669786E-002
   2.7698894880259832       -3.1079352261841973E-002
   2.8542964561065678       -3.3714058764021088E-002
   2.9381977622305153       -3.6187957888472434E-002
   3.0214792830551143       -3.8463745252889404E-002
   3.1040081433200282       -4.0497710387723596E-002
   3.1856260095896762       -4.2237540039490519E-002
   3.2661395561360478       -4.3619378961746176E-002
   3.3453066302166108       -4.4563975444783806E-002
   3.4228158106035007       -4.4971890980032368E-002
   3.4982557685884910       -4.4718311670369465E-002
   3.5710689934868141       -4.3649612675856299E-002
   3.6404822600829818       -4.1587945997363832E-002
   3.7054052906743085       -3.8359395010078873E-002
   3.7642951985933086       -3.3877822228915049E-002
   3.8150131829201070       -2.8330289662023580E-002
   3.8547773183530216       -2.2463042189801646E-002
   3.8804362458084007       -1.7745759970713173E-002
   3.8893193939963608       -1.5909634863289265E-002
  0.68585017502199008       -2.5595593619735180E-002
  0.69577204359603251       -2.2736397428486928E-002
  0.72407898558447004       -1.5692513562043899E-002
  0.76705924105200274       -7.5067072707145155E-003
  0.82075176712855058       -2.8349981561360182E-004
  0.88202786748254169        5.2406183124600377E-003
  0.94870818891966480        9.0896383758872056E-003
   1.0193371184032127        1.1533997511793929E-002
   1.0929413422470107        1.2862641547348369E-002
   1.1688554557634874        1.3315737421650849E-002
   1.2466100401520488        1.3077865362585725E-002
   1.3258622486098690        1.2287923122389849E-002
   1.4063527839619412        1.1050852653588671E-002
   1.4878788484734686        9.4472523978756644E-003
   1.5702767719882598        7.5404453357046939E-003
   1.6534105793194176        5.3814757360019375E-003
   1.7371642659916584        3.0126030936314138E-003
   1.8214364325289523        4.6975393694165799E-004
   1.9061364451046163       -2.2157358767613796E-003
   1.9911815981913492       -5.0158584963512975E-003
   2.0764949404829665       -7.9049943570722262E-003
   2.1620035386673560       -1.0859188265737322E-002
   2.2476370231613481       -1.3855566745621798E-002
   2.3333263021231616       -1.6871842982252035E-002
   2.4190023543848027       -1.9885868495605613E-002
   2.5045950236383701       -2.2875197636724135E-002
   2.5900317378005560       -2.5816633470086420E-002
   2.6752360695099706       -2.8685722115127394E-002
   2.7601260349204448       -3.1456157131872033E-002
   2.8446119950150237       -3.4099045462876981E-002
   2.9285939704229182       -3.6581970738982471E-002
   3.0119580967105959       -3.8867767117793044E-002
   3.0945718150004158       -4.0912886420045119E-002
   3.1762771840737414       -4.2665204961413641E-002
   3.2568813684871798       -4.4061084587892985E-002
   3.3361428287430228       -4.5021509897534569E-002
   3.4137509022393178       -4.5447270031884701E-002
   3.4892951693931700       -4.5213700906715740E-002
   3.5622191294161341       -4.4167099897440706E-002
   3.6317504756126828       -4.2129024738313654E-002
   3.6967992363384417       -3.8923977611838800E-002
   3.7558210307536708       -3.4462741375126893E-002
   3.8066715149390284       -2.8927993210434429E-002
   3.8465561258981484       -2.3062773572922926E-002
   3.8723026538802197       -1.8339664053700088E-002
   3.8812180995536623       -1.6499625636182517E-002
  0.67293397030122115       -2.6091053336211999E-002
  0.68292851969937096       -2.3182703212517947E-002
  0.71142122550276754       -1.6037173407295817E-002
  0.75463133588380438       -7.7695360380863419E-003
  0.80854750916624007       -5.0747207902265671E-004
  0.87002085830279863        5.0236788353216688E-003
  0.93686949588282187        8.8636209118352748E-003
   1.0076418375759781        1.1292990086878512E-002
   1.0813698786996193        1.2605810220572996E-002
   1.1573929685403408        1.3044352164335811E-002
   1.2352454771758310        1.2793846823822241E-002
   1.3145874459449265        1.1993205917868023E-002
   1.3951617436087018        1.0747141177901565E-002
   1.4767671912479998        9.1359529641095432E-003
   1.5592413322611869        7.2226717746610141E-003
   1.6424491071052478        5.0580815058371949E-003
   1.7262752081195074        2.6842193784192073E-003
   1.8106187715657669        1.3682539427928297E-004
   1.8953895804790533       -2.5529205897302570E-003
   1.9805052583411120       -5.3571419401607220E-003
   2.0658891180389451       -8.2503308740947395E-003
   2.1514684429851005       -1.1208629219914121E-002
   2.2371730461660650       -1.4209249768161923E-002
   2.3229339946418013       -1.7229984665997945E-002
   2.4086824110397718       -2.0248760130549007E-002
   2.4943482750756374       -2.3243203736830555E-002
   2.5798591495973766       -2.6190192997267506E-002
   2.6651387476139301       -2.9065352457730328E-002
   2.7501052379610345       -3.1842461039617333E-002
   2.8346691543435671       -3.4492721268308921E-002
   2.9187307193114957       -3.6983826276605736E-002
   3.0021763107961363       -3.9278737716159869E-002
   3.0848736667784742       -4.1334057027264406E-002
   3.1666652149101435       -4.3097835531540715E-002
   3.2473585818596544       -4.4506635597841383E-002
   3.3267128072897232       -4.5481659864718263E-002
   3.4044179463229849       -4.5923906442055219E-002
   3.4800644407485088       -4.5708845282089662E-002
   3.5530967475240618       -4.4682690306779099E-002
   3.6227434303613890       -4.2666423098990033E-002
   3.6879148006955482       -3.9483028302632082E-002
   3.7470650295746490       -3.5040342093808671E-002
   3.7980444186552909       -2.9516857896137585E-002
   3.8380461789523213       -2.3652607782183897E-002
   3.8638778813657182       -1.8923129339714181E-002
   3.8728247308882020       -1.7079030378429109E-002
  0.65975338522414384       -2.6653703574976824E-002
  0.66982237496463404       -2.3692330728458815E-002
  0.69850474834655985       -1.6436944858860256E-002
  0.74194830054565364       -8.0799576702255804E-003
  0.79609030749681431       -7.7363982441819876E-004
  0.85776178099710654        4.7683567552665018E-003
  0.92477871346940921        8.6021042563296513E-003
  0.99569390870189911        1.1018821291918683E-002
   1.0695449128575321        1.2317806602868376E-002
   1.1456759792168889        1.2743538986798354E-002
   1.2236253574062255        1.2481960028445534E-002
   1.3030560311890445        1.1672033432216978E-002
   1.3837130673794349        1.0418266815970884E-002
   1.4653969243296154        8.8006815709114599E-003
   1.5479463688754829        6.8820304392503738E-003
   1.6312272615172738        4.7128487818556579E-003
   1.7151249922367930        2.3349614106606795E-003
   1.7995392314961907       -2.1606971403173393E-004
   1.8843801760615486       -2.9092132327746215E-003
   1.9695657741976640       -5.7167169288906269E-003
   2.0550195979823154       -8.6131784981776944E-003
   2.1406691419719461       -1.1574830828008122E-002
   2.2264443956764559       -1.4578967226155171E-002
   2.3122765785952253       -1.7603453152359439E-002
   2.3980969502713907       -2.0626283868208816E-002
   2.4838356191010527       -2.3625154410978365E-002
   2.5694202749681105       -2.6577010757385187E-002
   2.6547747626695757       -2.9457549547058252E-002
   2.7398173942668542       -3.2240628233531139E-002
   2.8244588656061751       -3.4897537424543310E-002
   2.9085995891251506       -3.7396071377815823E-002
   2.9921261712089167       -3.9699309748490993E-002
   3.0749066303653763       -4.1763992736862161E-002
   3.1567837436874329       -4.3538334206639238E-002
   3.2375655766225906       -4.4959082862733112E-002
   3.3170117198825579       -4.5947643685533029E-002
   3.3948129126889093       -4.6405207524294424E-002
   3.4705604190066661       -4.6207364208385365E-002
   3.5436996106585821       -4.5200237811096833E-002
   3.6134598817125125       -4.3204246000987649E-002
   3.6787518056708102       -4.0040904133625127E-002
   3.7380281368046262       -3.5615205344826636E-002
   3.7891339604581780       -3.0101619487566195E-002
   3.8292505630793516       -2.4237336048152452E-002
   3.8551657514630970       -1.9500924481048950E-002
   3.8641433823503188       -1.7652594582353808E-002
  0.64627401611248114       -2.7286997431996952E-002
  0.65641983084458488       -2.4268149607533408E-002
  0.68529732266229071       -1.6893571685911782E-002
  0.72897973307437969       -8.4389188960375672E-003
  0.78335148025547452       -1.0826457342208414E-003
  0.84522344590110132        4.4740052566228867E-003
  0.91240992250530850        8.3043038548462900E-003
  0.98346850211142245        1.0710530803745752E-002
   1.0574425657183104        1.1997498469743573E-002
   1.1336814554011290        1.2412012581993823E-002
   1.2117274176766708        1.2140788489811996E-002
   1.2912464529507517        1.1322878313142375E-002
   1.3719858730147334        1.0062608576585554E-002
   1.4537478029785218        8.4397375403965445E-003
   1.5363722512778923        6.5167519398774904E-003
   1.6197260091342689        4.3439478899901301E-003
   1.7036951698197655        1.9629455323875731E-003
   1.7881799402122400       -5.9086449256241834E-004
   1.8730909306481582       -3.2865932876137249E-003
   1.9583464123449166       -6.0966074888328340E-003
   2.0438702135446722       -8.9956050286035278E-003
   2.1295900360407454       -1.1959904822574580E-002
   2.2154360412826133       -1.4966875787301758E-002
   2.3013395960707497       -1.7994451830374472E-002
   2.3872320912308478       -2.1020692361280364E-002
   2.4730437577198976       -2.4023354872564132E-002
   2.5587024058143122       -2.6979448601073194E-002
   2.6441320048498373       -2.9864736778742393E-002
   2.7292510021286853       -3.2653149474095790E-002
   2.8139702467343350       -3.5316058902867001E-002
   2.8981903309206198       -3.7821353246994704E-002
   2.9817980779618734       -4.0132222042029542E-002
   3.0646617734164718       -4.2205534987629592E-002
   3.1466245279073060       -4.3989657886784925E-002
   3.2274948266912418       -4.5421513715237498E-002
   3.3070327888253539       -4.6422696395780304E-002
   3.3849298106225607       -4.6894575498180435E-002
   3.4607779468547020       -4.6712848046933653E-002
   3.5340234498683452       -4.5723541252790767E-002
   3.6038965115608530       -4.3746515824834839E-002
   3.6693079485150060       -4.0601852069721965E-002
   3.7287091162089747       -3.6191776763725210E-002
   3.7799399749762994       -3.0686858406368929E-002
   3.8201700843535176       -2.4821581403005440E-002
   3.8461677745340994       -2.0077643754768382E-002
   3.8551758234938767       -1.8224887714289355E-002
  0.63245942741763217       -2.7995636535010120E-002
  0.64268512362428865       -2.4914170147476329E-002
  0.67176482973021778       -1.7409730815024678E-002
  0.71569342528163993       -8.8481403011273392E-003
  0.77030058203494767       -1.4358119719552088E-003
  0.83237691251876877        4.1393569788198432E-003
  0.89973544822339924        7.9688581901138523E-003
  0.97093901899936963        1.0366617867691422E-002
   1.0450371718131386        1.1643245594707688E-002
   1.1213845597942886        1.2048009047274355E-002
   1.1995275717556246        1.1768464000240588E-002
   1.2791353195975927        1.0943786141504168E-002
   1.3599574221493160        9.6781410853030488E-003
   1.4417977119231447        8.0510367443690032E-003
   1.5244974654141168        6.1247028165514038E-003
   1.6079244214779227        3.9492030913198086E-003
   1.6919653870673712        1.5659588133308581E-003
   1.7765211113479531       -9.8980559193302805E-004
   1.8615026209291134       -3.6873389882112885E-003
   1.9468285104334411       -6.4991224132740152E-003
   2.0324228631012073       -9.3999497395748054E-003
   2.1182135856110622       -1.2366221702822415E-002
   2.2041310081100449       -1.5375378656338506E-002
   2.2901066407618393       -1.8405418772482331E-002
   2.3760720011605940       -2.1434461366120459E-002
   2.4619574377947284       -2.4440322029493321E-002
   2.5476908758001677       -2.7400068728144905E-002
   2.6331964029824499       -3.0289526503895509E-002
   2.7183925952039325       -3.3082692915019453E-002
   2.8031904473711737       -3.5751016205393699E-002
   2.8874907232329647       -3.8262472311635154E-002
   2.9711804534908022       -4.0580353731010536E-002
   3.0541281798474711       -4.2661651817132495E-002
   3.1361773337260144       -4.4454875365050245E-002
   3.2171368051874984       -4.5897111452489626E-002
   3.2967672238673060       -4.6910131609258998E-002
   3.3747606222332611       -4.7395472101053451E-002
   3.4507098217145526       -4.7228925806131972E-002
   3.5240619287721193       -4.6256415498418316E-002
   3.5940479076714027       -4.4297247043674180E-002
   3.6595788011192298       -4.1170087008425664E-002
   3.7191045714528572       -3.6774447392949688E-002
   3.7704601012158316       -3.1277081898583380E-002
   3.8108033216608010       -2.5409880736306290E-002
   3.8368832118655929       -2.0657788065149812E-002
   3.8459215670020299       -1.8800383616779315E-002
  0.63232029379766730       -2.8003078211753282E-002
  0.64254680180848622       -2.4920960901529465E-002
  0.67162855947307365       -1.7415172033596826E-002
  0.71555964568437047       -8.8524682897184303E-003
  0.77016917705839183       -1.4395505239824101E-003
  0.83224756359254781        4.1358222385609210E-003
  0.89960782654273863        7.9653286278490304E-003
  0.97081285027267805        1.0363013913959858E-002
   1.0449122448761829        1.1639546890475590E-002
   1.1212607175265576        1.2044220441417289E-002
   1.1994046990413880        1.1764599043889115E-002
   1.2790133327985693        1.0939859786993548E-002
   1.3598362609238348        9.6741667777541715E-003
   1.4416773331440189        8.0470254947117795E-003
   1.5243778387201974        6.1206631167551743E-003
   1.6078055260338746        3.9451411510682327E-003
   1.6918472092001866        1.5618788879376057E-003
   1.7764036428168202       -9.9390087888889768E-004
   1.8613858576541538       -3.6914483631581589E-003
   1.9467124515592866       -6.5032457209286895E-003
   2.0323075103074379       -9.4040877597010887E-003
   2.1180989426070735       -1.2370376009891094E-002
   2.2040170802701287       -1.5379551516220983E-002
   2.2899934348693676       -1.8409613070920761E-002
   2.3759595252398844       -2.1438680565000121E-002
   2.4618457010165216       -2.4444570148320216E-002
   2.5475798884525918       -2.7404350349479037E-002
   2.6330861765044267       -3.0293846802859584E-002
   2.7182831422827944       -3.3087057714271617E-002
   2.8030817821111631       -3.5755432058029196E-002
   2.8873828614066910       -3.8266946615242416E-002
   2.9710734128918115       -4.0584894875586724E-002
   3.0540219807687499       -4.2666269366972084E-002
   3.1360719995954853       -4.4459580265969051E-002
   3.2170323633941300       -4.5901916236389270E-002
   3.2966637068017990       -4.6915050523030168E-002
   3.3746580685240750       -4.7400520994519454E-002
   3.4506082775127540       -4.7234121429116559E-002
   3.5239614486117867       -4.6261773522753000E-002
   3.5939485536591866       -4.4302777621050893E-002
   3.6594806375311872       -4.1175786303146354E-002
   3.7190076487055523       -3.6780284761589323E-002
   3.7703644193446757       -3.1282989096634135E-002
   3.8107087652823446       -2.5415764202674818E-002
   3.8367894733334249       -2.0663587168619244E-002
   3.8458281299968591       -1.8806135299267990E-002
