   0.0000000000000000       -2.0475423192923330     
   2.2633138214953330E-002  -2.0487128649507360     
   4.5266276429906660E-002  -2.0521984568203644     
   6.7899414644859990E-002  -2.0579662940214791     
   9.0532552859813320E-002  -2.0659578879336418     
  0.11316569107476665       -2.0760948585979020     
  0.13579882928971998       -2.0882817601642274     
  0.15843196750467331       -2.1024093982797445     
  0.18106510571962664       -2.1183582103599417     
  0.20369824393457997       -2.1360014947599173     
  0.22633138214953330       -2.1552083180676913     
  0.24896452036448663       -2.1758459908939876     
  0.27159765857943996       -2.1977820611722043     
  0.29423079679439329       -2.2208858220801257     
  0.31686393500934662       -2.2450293662767726     
  0.33949707322429995       -2.2700882392042669     
  0.36213021143925328       -2.2959417538262392     
  0.38476334965420661       -2.3224730303182142     
  0.40739648786915994       -2.3495688198616973     
  0.43002962608411327       -2.3771191643789620     
  0.45266276429906660       -2.4050169356591420     
  0.47529590251401993       -2.4331572891849866     
  0.49792904072897326       -2.4614370608419054     
  0.52056217894392653       -2.4897541289932925     
  0.54319531715887992       -2.5180067603274590     
  0.56582845537383331       -2.5460929554582861     
  0.58846159358878658       -2.5739098094736250     
  0.61109473180373985       -2.6013529034242215     
  0.63372787001869324       -2.6283157450633516     
  0.65636100823364663       -2.6546892808813629     
  0.67899414644859990       -2.6803615064752426     
  0.70162728466355317       -2.7052172082382913     
  0.72426042287850656       -2.7291378757747853     
  0.74689356109345995       -2.7520018305268983     
  0.76952669930841322       -2.7736846206771286     
  0.79215983752336649       -2.7940597338585844     
  0.81479297573831988       -2.8129996755736046     
  0.83742611395327327       -2.8303774502722137     
  0.86005925216822654       -2.8460684617935570     
  0.88269239038317981       -2.8599528190998180     
  0.90532552859813320       -2.8719179924466895     
  0.92795866681308659       -2.8818617170859988     
  0.95059180502803986       -2.8896949927224043     
  0.97322494324299313       -2.8953449943460345     
  0.99585808145794652       -2.8987575250053332     
   1.0184912196728999       -2.8999023917439750     
   0.0000000000000000       -2.0029676445077333     
   2.3045562104224863E-002  -2.0043794072310943     
   4.6091124208449727E-002  -2.0085754100264168     
   6.9136686312674583E-002  -2.0154931980811708     
   9.2182248416899454E-002  -2.0250265339255247     
  0.11522781052112432       -2.0370372360647289     
  0.13827337262534917       -2.0513633595417895     
  0.16131893472957404       -2.0678277589195897     
  0.18436449683379891       -2.0862459201702288     
  0.20741005893802378       -2.1064325001421738     
  0.23045562104224865       -2.1282063256619073     
  0.25350118314647352       -2.1513938620085264     
  0.27654674525069833       -2.1758313265193543     
  0.29959230735492320       -2.2013657021836828     
  0.32263786945914807       -2.2278549204386051     
  0.34568343156337294       -2.2551674571884863     
  0.36872899366759782       -2.2831815424560991     
  0.39177455577182269       -2.3117841363423284     
  0.41482011787604756       -2.3408697802438363     
  0.43786567998027243       -2.3703393960374211     
  0.46091124208449730       -2.4000990779137621     
  0.48395680418872211       -2.4300589009841373     
  0.50700236629294704       -2.4601317563938947     
  0.53004792839717185       -2.4902322131162147     
  0.55309349050139667       -2.5202754007252497     
  0.57613905260562159       -2.5501759044238175     
  0.59918461470984641       -2.5798466629124204     
  0.62223017681407133       -2.6091978611451867     
  0.64527573891829615       -2.6381358137373021     
  0.66832130102252107       -2.6665618411846337     
  0.69136686312674589       -2.6943711508158139     
  0.71441242523097082       -2.7214517484431346     
  0.73745798733519563       -2.7476834260390595     
  0.76050354943942045       -2.7729368963466077     
  0.78354911154364537       -2.7970731774225683     
  0.80659467364787019       -2.8199433676462724     
  0.82964023575209511       -2.8413889911308861     
  0.85268579785631993       -2.8612431272910892     
  0.87573135996054485       -2.8793325539944687     
  0.89877692206476967       -2.8954811134124601     
  0.92182248416899459       -2.9095144328890692     
  0.94486804627321941       -2.9212659826903433     
  0.96791360837744422       -2.9305842265585142     
  0.99095917048166915       -2.9373403518997847     
   1.0140047325858941       -2.9414355916265729     
   1.0370502946901188       -2.9428121517144761     
   0.0000000000000000       -1.9609840358773591     
   2.3442945720834663E-002  -1.9626438062794467     
   4.6885891441669325E-002  -1.9675668331416132     
   7.0328837162503988E-002  -1.9756507059006188     
   9.3771782883338650E-002  -1.9867273305642694     
  0.11721472860417331       -2.0005846363200623     
  0.14065767432500798       -2.0169832666332783     
  0.16410062004584264       -2.0356723434601647     
  0.18754356576667730       -2.0564022601057252     
  0.21098651148751196       -2.0789338469285106     
  0.23442945720834663       -2.1030440680345714     
  0.25787240292918129       -2.1285288600240575     
  0.28131534865001595       -2.1552038683885262     
  0.30475829437085061       -2.1829037865659622     
  0.32820124009168528       -2.2114808637161181     
  0.35164418581251994       -2.2408029906525400     
  0.37508713153335460       -2.2707516353889776     
  0.39853007725418926       -2.3012197929708829     
  0.42197302297502393       -2.3321100383995281     
  0.44541596869585859       -2.3633327209695412     
  0.46885891441669325       -2.3948043065833167     
  0.49230186013752791       -2.4264458557103787     
  0.51574480585836258       -2.4581816141009267     
  0.53918775157919718       -2.4899376879251509     
  0.56263069730003190       -2.5216407725640253     
  0.58607364302086662       -2.5532169035164509     
  0.60951658874170123       -2.5845901981136858     
  0.63295953446253583       -2.6156815577458588     
  0.65640248018337055       -2.6464073023399024     
  0.67984542590420527       -2.6766777125825576     
  0.70328837162503988       -2.7063954621203652     
  0.72673131734587448       -2.7354539336793753     
  0.75017426306670920       -2.7637354326084895     
  0.77361720878754392       -2.7911093427182627     
  0.79706015450837853       -2.8174303173541548     
  0.82050310022921313       -2.8425366685956197     
  0.84394604595004785       -2.8662492129966122     
  0.86738899167088257       -2.8883709517569525     
  0.89083193739171718       -2.9086880932775920     
  0.91427488311255178       -2.9269730328388150     
  0.93771782883338650       -2.9429899256020722     
  0.96116077455422122       -2.9565033359128936     
  0.98460372027505583       -2.9672900285572870     
   1.0080466659958904       -2.9751532527945765     
   1.0314896117167252       -2.9799376773382442     
   1.0549325574375599       -2.9815491576320055     
   0.0000000000000000       -1.9217154348653229     
   2.3816546347194292E-002  -1.9236257690402934     
   4.7633092694388583E-002  -1.9292797075861996     
   7.1449639041582871E-002  -1.9385245695318312     
   9.5266185388777166E-002  -1.9511172827148802     
  0.11908273173597146       -1.9667604476244029     
  0.14289927808316574       -1.9851305524103076     
  0.16671582443036004       -2.0059019915853407     
  0.19053237077755433       -2.0287641602842039     
  0.21434891712474863       -2.0534316291311354     
  0.23816546347194292       -2.0796487175285288     
  0.26198200981913722       -2.1071901637153263     
  0.28579855616633149       -2.1358594215048412     
  0.30961510251352581       -2.1654857329621682     
  0.33343164886072008       -2.1959207387711004     
  0.35724819520791440       -2.2270350787138353     
  0.38106474155510867       -2.2587152189106829     
  0.40488128790230293       -2.2908606055510132     
  0.42869783424949726       -2.3233811647353724     
  0.45251438059669152       -2.3561951250582993     
  0.47633092694388585       -2.3892271190993659     
  0.50014747329108011       -2.4224065122182146     
  0.52396401963827444       -2.4556659058295507     
  0.54778056598546876       -2.4889397639683990     
  0.57159711233266297       -2.5221631143593388     
  0.59541365867985729       -2.5552702772582250     
  0.61923020502705162       -2.5881935765321655     
  0.64304675137424583       -2.6208619876742238     
  0.66686329772144015       -2.6531996769486015     
  0.69067984406863447       -2.6851243852634918     
  0.71449639041582880       -2.7165456108843271     
  0.73831293676302301       -2.7473625488668745     
  0.76212948311021733       -2.7774617556880852     
  0.78594602945741165       -2.8067145307525108     
  0.80976257580460587       -2.8349740511081083     
  0.83357912215180019       -2.8620723744806176     
  0.85739566849899451       -2.8878175547997986     
  0.88121221484618883       -2.9119913103270685     
  0.90502876119338305       -2.9343479548308831     
  0.92884530754057737       -2.9546156256193612     
  0.95266185388777169       -2.9725011358264068     
  0.97647840023496590       -2.9876998607890179     
   1.0002949465821602       -2.9999116614539991     
   1.0241114929293544       -3.0088626575419219     
   1.0479280392765489       -3.0143303132031276     
   1.0717445856237431       -3.0161757544240304     
   0.0000000000000000       -1.8851428760965077     
   2.4162314589378110E-002  -1.8873027899296841     
   4.8324629178756219E-002  -1.8936810251118521     
   7.2486943768134332E-002  -1.9040648291253581     
   9.6649258357512438E-002  -1.9181247785045863     
  0.12081157294689054       -1.9354698984096301     
  0.14497388753626866       -1.9556897843074141     
  0.16913620212564676       -1.9783868200922807     
  0.19329851671502488       -2.0031959640672263     
  0.21746083130440300       -2.0297938986200821     
  0.24162314589378109       -2.0579007769007953     
  0.26578546048315921       -2.0872776284375560     
  0.28994777507253733       -2.1177216899948905     
  0.31411008966191545       -2.1490610923016713     
  0.33827240425129351       -2.1811496904698040     
  0.36243471884067163       -2.2138624049318318     
  0.38659703343004975       -2.2470911937019196     
  0.41075934801942787       -2.2807416473470399     
  0.43492166260880599       -2.3147301384924734     
  0.45908397719818406       -2.3489814365553778     
  0.48324629178756218       -2.3834266965278208     
  0.50740860637694030       -2.4180017371101670     
  0.53157092096631842       -2.4526455325074186     
  0.55573323555569654       -2.4872988507902991     
  0.57989555014507466       -2.5219029785373084     
  0.60405786473445278       -2.5563984759437264     
  0.62822017932383090       -2.5907239085448577     
  0.65238249391320891       -2.6248145011786601     
  0.67654480850258703       -2.6586006569725145     
  0.70070712309196515       -2.6920062793647257     
  0.72486943768134326       -2.7249468292444385     
  0.74903175227072138       -2.7573270438502631     
  0.77319406686009950       -2.7890382422465700     
  0.79735638144947762       -2.8199551498987554     
  0.82151869603885574       -2.8499322025745140     
  0.84568101062823386       -2.8787993551123803     
  0.86984332521761198       -2.9063575511431612     
  0.89400563980699010       -2.9323742443569700     
  0.91816795439636811       -2.9565797446027324     
  0.94233026898574623       -2.9786657192055106     
  0.96649258357512435       -2.9982878628214720     
  0.99065489816450247       -3.0150753314117207     
   1.0148172127538806       -3.0286495134771925     
   1.0389795273432587       -3.0386533028169991     
   1.0631418419326368       -3.0447882832770046     
   1.0873041565220150       -3.0468633195505905     
   0.0000000000000000       -1.8511628176168213     
   2.4478985607152708E-002  -1.8535683927406423     
   4.8957971214305417E-002  -1.8606557782046971     
   7.3436956821458121E-002  -1.8721433193408430     
   9.7915942428610833E-002  -1.8876060979393432     
  0.12239492803576354       -1.9065545859739297     
  0.14687391364291624       -1.9284921302957607     
  0.17135289925006897       -1.9529542898843897     
  0.19583188485722167       -1.9795291596553719     
  0.22031087046437436       -2.0078635066870052     
  0.24478985607152709       -2.0376604011647177     
  0.26926884167867982       -2.0686727687502988     
  0.29374782728583249       -2.1006956534842853     
  0.31822681289298521       -2.1335586784458718     
  0.34270579850013794       -2.1671193574572132     
  0.36718478410729061       -2.2012574470330688     
  0.39166376971444333       -2.2358703008694407     
  0.41614275532159606       -2.2708690962882003     
  0.44062174092874873       -2.3061757776243947     
  0.46510072653590145       -2.3417205682270659     
  0.48957971214305418       -2.3774399209548815     
  0.51405869775020685       -2.4132747972921647     
  0.53853768335735963       -2.4491691832855134     
  0.56301666896451230       -2.4850687648664049     
  0.58749565457166497       -2.5209196954047122     
  0.61197464017881775       -2.5566673946290219     
  0.63645362578597042       -2.5922553205484165     
  0.66093261139312309       -2.6276236548679832     
  0.68541159700027587       -2.6627078376897964     
  0.70989058260742854       -2.6974368790984502     
  0.73436956821458121       -2.7317313637853609     
  0.75884855382173400       -2.7655010509775813     
  0.78332753942888667       -2.7986419576848447     
  0.80780652503603934       -2.8310328034422616     
  0.83228551064319212       -2.8625306992292825     
  0.85676449625034479       -2.8929660011977125     
  0.88124348185749746       -2.9221363558649975     
  0.90572246746465024       -2.9498001949146286     
  0.93020145307180291       -2.9756703790675614     
  0.95468043867895558       -2.9994094384558103     
  0.97915942428610836       -3.0206289560863886     
   1.0036384098932611       -3.0388969148504739     
   1.0281173955004137       -3.0537576127243224     
   1.0525963811075665       -3.0647676309290341     
   1.0770753667147193       -3.0715462754648257     
   1.1015543523218718       -3.0738438248533506     
   0.0000000000000000       -1.8196236728457436     
   2.4766919177215088E-002  -1.8222686134264650     
   4.9533838354430176E-002  -1.8300432672984472     
   7.4300757531645265E-002  -1.8425895502340839     
   9.9067676708860353E-002  -1.8593803480622679     
  0.12383459588607544       -1.8798256087698184     
  0.14860151506329053       -1.9033456338581201     
  0.17336843424050563       -1.9294156969361917     
  0.19813535341772071       -1.9575846156866246     
  0.22290227259493578       -1.9874762238576424     
  0.24766919177215088       -2.0187820876207780     
  0.27243611094936598       -2.0512510335778593     
  0.29720303012658106       -2.0846785073300942     
  0.32196994930379613       -2.1188970937228566     
  0.34673686848101126       -2.1537686007580201     
  0.37150378765822634       -2.1891776693443168     
  0.39627070683544141       -2.2250267003248374     
  0.42103762601265649       -2.2612318506273668     
  0.44580454518987156       -2.2977198666774399     
  0.47057146436708669       -2.3344255581466897     
  0.49533838354430176       -2.3712897519063616     
  0.52010530272151689       -2.4082575981212027     
  0.54487222189873197       -2.4452771258415971     
  0.56963914107594704       -2.4822979642547005     
  0.59440606025316212       -2.5192701585929984     
  0.61917297943037719       -2.5561430172826838     
  0.64393989860759226       -2.5928639297660458     
  0.66870681778480734       -2.6293770928131153     
  0.69347373696202252       -2.6656220770385621     
  0.71824065613923760       -2.7015321545355651     
  0.74300757531645267       -2.7370322927229256     
  0.76777449449366775       -2.7720366985841545     
  0.79254141367088282       -2.8064457722600786     
  0.81730833284809790       -2.8401423024210737     
  0.84207525202531297       -2.8729867159191924     
  0.86684217120252804       -2.9048111987151159     
  0.89160909037974312       -2.9354125706173186     
  0.91637600955695830       -2.9645439922020640     
  0.94114292873417338       -2.9919060269494668     
  0.96590984791138845       -3.0171384483752659     
  0.99067676708860353       -3.0398156494484785     
   1.0154436862658187       -3.0594505578672093     
   1.0402106054430338       -3.0755139087148633     
   1.0649775246202489       -3.0874755323874137     
   1.0897444437974639       -3.0948683948936218     
   1.1145113629746790       -3.0973792866834611     
   0.0000000000000000       -1.7903489316218717     
   2.5027393850789413E-002  -1.7932250782648067     
   5.0054787701578826E-002  -1.8016600133226588     
   7.5082181552368232E-002  -1.8152131964852760     
  0.10010957540315765       -1.8332510443248977     
  0.12513696925394707       -1.8550835551814480     
  0.15016436310473646       -1.8800529214722190     
  0.17519175695552588       -1.9075811649142378     
  0.20021915080631530       -1.9371848395878160     
  0.22524654465710472       -1.9684706461141512     
  0.25027393850789414       -2.0011228713648763     
  0.27530133235868354       -2.0348890067236862     
  0.30032872620947293       -2.0695665002516797     
  0.32535612006026238       -2.1049916532006110     
  0.35038351391105177       -2.1410307433097122     
  0.37541090776184122       -2.1775730939708429     
  0.40043830161263061       -2.2145257160712659     
  0.42546569546342000       -2.2518091695984030     
  0.45049308931420945       -2.2893543489807664     
  0.47552048316499884       -2.3270999569544464     
  0.50054787701578829       -2.3649904844842724     
  0.52557527086657763       -2.4029745559368223     
  0.55060266471736707       -2.4410035298110668     
  0.57563005856815652       -2.4790302674222540     
  0.60065745241894586       -2.5170079966009578     
  0.62568484626973531       -2.5548892059372701     
  0.65071224012052475       -2.5926245081757728     
  0.67573963397131420       -2.6301614093850372     
  0.70076702782210354       -2.6674429134092379     
  0.72579442167289299       -2.7044058783628180     
  0.75082181552368243       -2.7409790227792699     
  0.77584920937447177       -2.7770804525300434     
  0.80087660322526122       -2.8126145452931364     
  0.82590399707605067       -2.8474679881632952     
  0.85093139092684000       -2.8815047211321834     
  0.87595878477762945       -2.9145595092715153     
  0.90098617862841890       -2.9464298842699890     
  0.92601357247920824       -2.9768663353546176     
  0.95104096632999768       -3.0055610330992040     
  0.97606836018078713       -3.0321362795253854     
   1.0010957540315766       -3.0561356238104058     
   1.0261231478823660       -3.0770233813235297     
   1.0511505417331553       -3.0942016367916141     
   1.0761779355839447       -3.1070551787867577     
   1.1012053294347341       -3.1150287682709035     
   1.1262327232855236       -3.1177423081539013     
   0.0000000000000000       -1.7631518600159222     
   2.5262175672390006E-002  -1.7662496589828596     
   5.0524351344780012E-002  -1.7753142399740420     
   7.5786527017170022E-002  -1.7898181529574542     
  0.10104870268956002       -1.8090193181725085     
  0.12631087836195004       -1.8321303592512035     
  0.15157305403434004       -1.8584213095919373     
  0.17683522970673005       -1.8872678772389895     
  0.20209740537912005       -1.9181605159413109     
  0.22735958105151005       -1.9506934444265727     
  0.25262175672390008       -1.9845467796574621     
  0.27788393239629006       -2.0194685267143746     
  0.30314610806868009       -2.0552590688888244     
  0.32840828374107006       -2.0917587392724100     
  0.35367045941346009       -2.1288382080372954     
  0.37893263508585007       -2.1663911668287947     
  0.40419481075824010       -2.2043287878807774     
  0.42945698643063013       -2.2425755156103921     
  0.45471916210302010       -2.2810658427711488     
  0.47998133777541013       -2.3197418065227668     
  0.50524351344780016       -2.3585510056620569     
  0.53050568912019014       -2.3974449894901690     
  0.55576786479258011       -2.4363779041990239     
  0.58103004046497009       -2.4753053071400832     
  0.60629221613736017       -2.5141830752784760     
  0.63155439180975015       -2.5529663431997265     
  0.65681656748214012       -2.5916084092398046     
  0.68207874315453021       -2.6300595460604117     
  0.70734091882692018       -2.6682656441316497     
  0.73260309449931016       -2.7061666024309279     
  0.75786527017170013       -2.7436943589966640     
  0.78312744584409022       -2.7807704231712491     
  0.80838962151648019       -2.8173027296695707     
  0.83365179718887017       -2.8531815810982888     
  0.85891397286126026       -2.8882743823832966     
  0.88417614853365023       -2.9224188082439446     
  0.90943832420604021       -2.9554140135908384     
  0.93470049987843018       -2.9870095691084426     
  0.95996267555082027       -3.0168921360359477     
  0.98522485122321024       -3.0446707824159294     
   1.0104870268956003       -3.0698637647580886     
   1.0357492025679902       -3.0918930599342276     
   1.0610113782403803       -3.1100977661745377     
   1.0862735539127704       -3.1237809509293704     
   1.1115357295851602       -3.1322992361376230     
   1.1367979052575503       -3.1352037056920823     
   0.0000000000000000       -1.7378448088568863     
   2.5473254163295347E-002  -1.7411537329589168     
   5.0946508326590693E-002  -1.7508149527703871     
   7.6419762489886037E-002  -1.7662111946393468     
  0.10189301665318139       -1.7864918139194179     
  0.12736627081647672       -1.8107760928890384     
  0.15283952497977207       -1.8382683028268898     
  0.17831277914306742       -1.8683043224232980     
  0.20378603330636277       -1.9003537394582559     
  0.22925928746965812       -1.9340019291236370     
  0.25473254163295345       -1.9689270751395271     
  0.28020579579624882       -2.0048788913152236     
  0.30567904995954415       -2.0416611894095338     
  0.33115230412283952       -2.0791183863355780     
  0.35662555828613485       -2.1171253354764379     
  0.38209881244943023       -2.1555797430408701     
  0.40757206661272555       -2.1943965166419561     
  0.43304532077602087       -2.2335035295413266     
  0.45851857493931625       -2.2728384114211928     
  0.48399182910261157       -2.3123460787268115     
  0.50946508326590689       -2.3519767941110041     
  0.53493833742920227       -2.3916845996221623     
  0.56041159159249765       -2.4314260068817815     
  0.58588484575579303       -2.4711588537003912     
  0.61135809991908829       -2.5108412533932793     
  0.63683135408238367       -2.5504305725117149     
  0.66230460824567905       -2.5898823759767273     
  0.68777786240897432       -2.6291492761492323     
  0.71325111657226969       -2.6681796139803113     
  0.73872437073556507       -2.7069158852012052     
  0.76419762489886045       -2.7452928009763626     
  0.78967087906215572       -2.7832348383165870     
  0.81514413322545110       -2.8206530880222807     
  0.84061738738874647       -2.8574411442695689     
  0.86609064155204174       -2.8934696993914555     
  0.89156389571533712       -2.9285794159373175     
  0.91703714987863250       -2.9625715698792670     
  0.94251040404192787       -2.9951959610203023     
  0.96798365820522314       -3.0261358288567917     
  0.99345691236851852       -3.0549903299978816     
   1.0189301665318138       -3.0812571344907358     
   1.0444034206951092       -3.1043216965554103     
   1.0698766748584045       -3.1234660621448516     
   1.0953499290216999       -3.1379160090623444     
   1.1208231831849953       -3.1469416850201251     
   1.1462964373482907       -3.1500247724552124     
   0.0000000000000000       -1.7142450156840834     
   2.5662681363159568E-002  -1.7177539338934429     
   5.1325362726319136E-002  -1.7279775052027078     
   7.6988044089478708E-002  -1.7442071456316517     
  0.10265072545263827       -1.7654851956320821     
  0.12831340681579784       -1.7908426000591950     
  0.15397608817895742       -1.8194242998450370     
  0.17963876954211697       -1.8505321889453843     
  0.20530145090527654       -1.8836193305391455     
  0.23096413226843612       -1.9182650506173717     
  0.25662681363159567       -1.9541471749697736     
  0.28228949499475525       -1.9910178635806934     
  0.30795217635791483       -2.0286845662004493     
  0.33361485772107441       -2.0669956825139972     
  0.35927753908423393       -2.1058299779214495     
  0.38494022044739351       -2.1450888177385785     
  0.41060290181055309       -2.1846904553379596     
  0.43626558317371267       -2.2245657967325356     
  0.46192826453687225       -2.2646552200224717     
  0.48759094590003177       -2.3049061459602598     
  0.51325362726319135       -2.3452711408476854     
  0.53891630862635098       -2.3857063925989892     
  0.56457898998951050       -2.4261704417926482     
  0.59024167135267003       -2.4666230769519264     
  0.61590435271582966       -2.5070243207020462     
  0.64156703407898918       -2.5473334431502059     
  0.66722971544214882       -2.5875079421340139     
  0.69289239680530834       -2.6275024273737237     
  0.71855507816846786       -2.6672673367927624     
  0.74421775953162750       -2.7067473973364340     
  0.76988044089478702       -2.7458797176982661     
  0.79554312225794666       -2.7845913636923707     
  0.82120580362110618       -2.8227962148911048     
  0.84686848498426570       -2.8603908292372537     
  0.87253116634742534       -2.8972489471472289     
  0.89819384771058486       -2.9332141496537094     
  0.92385652907374449       -2.9680900638533450     
  0.94951921043690402       -3.0016274423967313     
  0.97518189180006354       -3.0335075883049285     
   1.0008445731632232       -3.0633223110270018     
   1.0265072545263827       -3.0905526001843642     
   1.0521699358895422       -3.1145526045932872     
   1.0778326172527020       -3.1345531855587971     
   1.1034952986158615       -3.1497079441077318     
   1.1291579799790210       -3.1592034670616616     
   1.1548206613421805       -3.1624526285642620     
   0.0000000000000000       -1.6921780993290627     
   2.5832475104365794E-002  -1.6958755938470134     
   5.1664950208731589E-002  -1.7066268594815706     
   7.7497425313097390E-002  -1.7236317766986373     
  0.10332990041746318       -1.7458284888346098     
  0.12916237552182896       -1.7721651694465708     
  0.15499485062619478       -1.8017336193002311     
  0.18082732573056057       -1.8338068846181890     
  0.20665980083492635       -1.8678250447831426     
  0.23249227593929214       -1.9033634920950275     
  0.25832475104365793       -1.9401007792273350     
  0.28415722614802374       -1.9777919347967141     
  0.30998970125238956       -2.0162480768231603     
  0.33582217635675532       -2.0553214024722823     
  0.36165465146112113       -2.0948942960548318     
  0.38748712656548689       -2.1348714435084464     
  0.41331960166985271       -2.1751740944450022     
  0.43915207677421852       -2.2157358446307431     
  0.46498455187858428       -2.2564994919020336     
  0.49081702698295010       -2.2974146492079086     
  0.51664950208731586       -2.3384358901456888     
  0.54248197719168167       -2.3795212654499678     
  0.56831445229604749       -2.4206310716328541     
  0.59414692740041330       -2.4617267812527173     
  0.61997940250477912       -2.5027700620877886     
  0.64581187760914482       -2.5437218223355718     
  0.67164435271351064       -2.5845412222576498     
  0.69747682781787645       -2.6251845899603570     
  0.72330930292224227       -2.6656041699520898     
  0.74914177802660809       -2.7057466166432693     
  0.77497425313097379       -2.7455511189967714     
  0.80080672823533960       -2.7849470039287927     
  0.82663920333970542       -2.8238506103158363     
  0.85247167844407123       -2.8621611468852253     
  0.87830415354843705       -2.8997551398645127     
  0.90413662865280275       -2.9364789373654396     
  0.92996910375716857       -2.9721385776716942     
  0.95580157886153438       -3.0064861974915345     
  0.98163405396590020       -3.0392022018518494     
   1.0074665290702660       -3.0698730092729054     
   1.0332990041746317       -3.0979661241465788     
   1.0591314792789976       -3.1228089659254579     
   1.0849639543833633       -3.1435867951742078     
   1.1107964294877291       -3.1593864859194092     
   1.1366289045920950       -3.1693148914419971     
   1.1624613796964607       -3.1727176451777699     
   0.0000000000000000       -1.6714800252212507     
   2.5984562705873657E-002  -1.6753546566894220     
   5.1969125411747315E-002  -1.6865993281125511     
   7.7953688117620976E-002  -1.7043232254671943     
  0.10393825082349463       -1.7273640477387853     
  0.12992281352936830       -1.7545930028651817     
  0.15590737623524195       -1.7850545312715140     
  0.18189193894111561       -1.8179972666322932     
  0.20787650164698926       -1.8528511579076183     
  0.23386106435286291       -1.8891892460281952     
  0.25984562705873659       -1.9266915372664688     
  0.28583018976461022       -1.9651161378894091     
  0.31181475247048390       -2.0042777546016244     
  0.33779931517635753       -2.0440321550967520     
  0.36378387788223121       -2.0842650501403379     
  0.38976844058810484       -2.1248841333452293     
  0.41575300329397852       -2.1658133403499553     
  0.44173756599985220       -2.2069886599477537     
  0.46772212870572583       -2.2483550302782835     
  0.49370669141159951       -2.2898639943979067     
  0.51969125411747319       -2.3314718865480990     
  0.54567581682334676       -2.3731383862020126     
  0.57166037952922044       -2.4148253209919561     
  0.59764494223509412       -2.4564956285016604     
  0.62362950494096780       -2.4981124049553460     
  0.64961406764684149       -2.5396379787589085     
  0.67559863035271506       -2.5810329501286735     
  0.70158319305858874       -2.6222551352202292     
  0.72756775576446242       -2.6632583439190824     
  0.75355231847033610       -2.7039909035833372     
  0.77953688117620967       -2.7443938143030415     
  0.80552144388208335       -2.7843983811364921     
  0.83150600658795704       -2.8239231101960942     
  0.85749056929383072       -2.8628695714669528     
  0.88347513199970440       -2.9011168137261230     
  0.90945969470557797       -2.9385137592994588     
  0.93544425741145165       -2.9748688126920264     
  0.96142882011732533       -3.0099357268473597     
  0.98741338282319902       -3.0433947205354097     
   1.0133979455290727       -3.0748283004612649     
   1.0393825082349464       -3.1036930739613258     
   1.0653670709408201       -3.1292936826343576     
   1.0913516336466935       -3.1507749609964040     
   1.1173361963525672       -3.1671625815107407     
   1.1433207590584409       -3.1774881067667575     
   1.1693053217643146       -3.1810322639679551     
   0.0000000000000000       -1.6519980546377788     
   2.6120750258631177E-002  -1.6560385779597282     
   5.2241500517262354E-002  -1.6677433161372153     
   7.8362250775893538E-002  -1.6861324627009866     
  0.10448300103452471       -1.7099476623744838     
  0.13060375129315588       -1.7379889606540360     
  0.15672450155178708       -1.7692587181253425     
  0.18284525181041825       -1.8029849367676354     
  0.20896600206904942       -1.8385897147320316     
  0.23508675232768059       -1.8756449120115293     
  0.26120750258631176       -1.9138324571307761     
  0.28732825284494296       -1.9529136010416823     
  0.31344900310357415       -1.9927064954794913     
  0.33956975336220530       -2.0330702361907820     
  0.36569050362083649       -2.0738935809107231     
  0.39181125387946764       -2.1150869466507669     
  0.41793200413809883       -2.1565766814448986     
  0.44405275439673003       -2.1983009103361733     
  0.47017350465536117       -2.2402064731401281     
  0.49629425491399237       -2.2822466213179951     
  0.52241500517262351       -2.3243792425444476     
  0.54853575543125477       -2.3665654493498574     
  0.57465650568988591       -2.4087684131937461     
  0.60077725594851705       -2.4509523546115988     
  0.62689800620714831       -2.4930816182799411     
  0.65301875646577945       -2.5351197717974827     
  0.67913950672441059       -2.5770286702323726     
  0.70526025698304173       -2.6187674255854660     
  0.73138100724167299       -2.6602912109234773     
  0.75750175750030413       -2.7015498117753238     
  0.78362250775893527       -2.7424858100810541     
  0.80974325801756653       -2.7830322447324840     
  0.83586400827619767       -2.8231095318996355     
  0.86198475853482881       -2.8626213399690386     
  0.88810550879346006       -2.9014489880116234     
  0.91422625905209121       -2.9394437631667136     
  0.94034700931072235       -2.9764163290443211     
  0.96646775956935360       -3.0121221536800125     
  0.99258850982798474       -3.0462417450077419     
   1.0187092600866159       -3.0783548081373202     
   1.0448300103452470       -3.1079091363399529     
   1.0709507606038782       -3.1341899691241251     
   1.0970715108625095       -3.1563064205638485     
   1.1231922611211407       -3.1732283750006753     
   1.1493130113797718       -3.1839169099231368     
   1.1754337616384030       -3.1875907492324322     
   0.0000000000000000       -1.6335910210677262     
   2.6242708135275992E-002  -1.6377865557066493     
   5.2485416270551984E-002  -1.6499194117654099     
   7.8728124405827979E-002  -1.6689231524417965     
  0.10497083254110397       -1.6934481414145186     
  0.13121354067637997       -1.7222288900275553     
  0.15745624881165596       -1.7542304268870692     
  0.18369895694693195       -1.7886633164054131     
  0.20994166508220793       -1.8249436158970429     
  0.23618437321748392       -1.8626428605747472     
  0.26242708135275994       -1.9014451862021540     
  0.28866978948803590       -1.9411149633637348     
  0.31491249762331192       -1.9814736111533537     
  0.34115520575858788       -2.0223833111889786     
  0.36739791389386389       -2.0637356079746292     
  0.39364062202913985       -2.1054433865921394     
  0.41988333016441587       -2.1474351670208396     
  0.44612603829969188       -2.1896509881851789     
  0.47236874643496785       -2.2320393870294506     
  0.49861145457024386       -2.2745551347787587     
  0.52485416270551988       -2.3171574971728992     
  0.55109687084079584       -2.3598088548296974     
  0.57733957897607180       -2.4024735655609719     
  0.60358228711134776       -2.4451169800258463     
  0.62982499524662383       -2.4877045403883460     
  0.65606770338189979       -2.5302009016003648     
  0.68231041151717575       -2.5725690181459706     
  0.70855311965245182       -2.6147691361219718     
  0.73479582778772778       -2.6567576210250832     
  0.76103853592300374       -2.6984855342443899     
  0.78728124405827971       -2.7398968435206292     
  0.81352395219355578       -2.7809261104943848     
  0.83976666032883174       -2.8214954358253332     
  0.86600936846410770       -2.8615103504393802     
  0.89225207659938377       -2.9008542085769586     
  0.91849478473465973       -2.9393804512957891     
  0.94473749286993569       -2.9769018601398476     
  0.97098020100521165       -3.0131756295933823     
  0.99722290914048772       -3.0478828629350083     
   1.0234656172757637       -3.0806012916162908     
   1.0497083254110398       -3.1107715645978473     
   1.0759510335463156       -3.1376623824269236     
   1.1021937416815917       -3.1603513596815147     
   1.1284364498168677       -3.1777577670825536     
   1.1546791579521436       -3.1887771606320006     
   1.1809218660874197       -3.1925695529030742     
   0.0000000000000000       -1.6161291657145083     
   2.6351966730198888E-002  -1.6204693252764364     
   5.2703933460397777E-002  -1.6330000599136574     
   7.9055900190596662E-002  -1.6525711380406258     
  0.10540786692079555       -1.6777465898177037     
  0.13175983365099445       -1.7072007302259495     
  0.15811180038119332       -1.7398654743498001     
  0.18446376711139223       -1.7749366306021053     
  0.21081573384159111       -1.8118256462759006     
  0.23716770057178999       -1.8501043505418302     
  0.26351966730198889       -1.8894592424780858     
  0.28987163403218780       -1.9296577298065485     
  0.31622360076238665       -1.9705243068516687     
  0.34257556749258555       -2.0119240085445900     
  0.36892753422278446       -2.0537509280410111     
  0.39527950095298331       -2.0959201909404506     
  0.42163146768318222       -2.1383622784251344     
  0.44798343441338112       -2.1810189505980389     
  0.47433540114357997       -2.2238402656867282     
  0.50068736787377888       -2.2667823534426863     
  0.52703933460397778       -2.3098057084070880     
  0.55339130133417669       -2.3528738392955932     
  0.57974326806437559       -2.3959521569246198     
  0.60609523479457439       -2.4390070128366426     
  0.63244720152477329       -2.4820048191005175     
  0.65879916825497220       -2.5249111896926220     
  0.68515113498517111       -2.5676900470408919     
  0.71150310171537001       -2.6103026342994804     
  0.73785506844556892       -2.6527063643394557     
  0.76420703517576771       -2.6948534189123281     
  0.79055900190596662       -2.7366889833790684     
  0.81691096863616552       -2.7781489595668254     
  0.84326293536636443       -2.8191569352393917     
  0.86961490209656334       -2.8596200938354466     
  0.89596686882676224       -2.8994236094345358     
  0.92231883555696115       -2.9384228734442179     
  0.94867080228715994       -2.9764326283490852     
  0.97502276901735885       -3.0132117506792317     
   1.0013747357475578       -3.0484421252406682     
   1.0277267024777565       -3.0817001233779209     
   1.0540786692079556       -3.1124205853745543     
   1.0804306359381544       -3.1398580898997621     
   1.1067826026683534       -3.1630625007997670     
   1.1331345693985522       -3.1809073313705225     
   1.1594865361287512       -3.1922275786210412     
   1.1858385028589500       -3.1961280697636036     
   0.0000000000000000       -1.5994936903479580     
   2.6449918554133731E-002  -1.6039686767560895     
   5.2899837108267463E-002  -1.6168689775589131     
   7.9349755662401197E-002  -1.6369637089039792     
  0.10579967421653493       -1.6627355236354897     
  0.13224959277066867       -1.6928035162467441     
  0.15869951132480239       -1.7260702029571138     
  0.18514942987893612       -1.7617188779578732     
  0.21159934843306985       -1.7991575062680110     
  0.23804926698720358       -1.8379586519757638     
  0.26449918554133733       -1.8778112446553015     
  0.29094910409547103       -1.9184856131434562     
  0.31739902264960479       -1.9598091329963605     
  0.34384894120373849       -2.0016494747654958     
  0.37029885975787225       -2.0439030649871834     
  0.39674877831200595       -2.0864870681530405     
  0.42319869686613970       -2.1293337423238641     
  0.44964861542027346       -2.1723864017289718     
  0.47609853397440716       -2.2155964743968468     
  0.50254845252854086       -2.2589213103354355     
  0.52899837108267467       -2.3023225053057805     
  0.55544828963680837       -2.3457645767481954     
  0.58189820819094207       -2.3892138749587253     
  0.60834812674507577       -2.4326376424486420     
  0.63479804529920958       -2.4760031527399753     
  0.66124796385334328       -2.5192768697434356     
  0.68769788240747698       -2.5624235719987301     
  0.71414780096161079       -2.6054053829999209     
  0.74059771951574449       -2.6481806391835097     
  0.76704763806987819       -2.6907025095183728     
  0.79349755662401189       -2.7329172523203979     
  0.81994747517814570       -2.7747619515431978     
  0.84639739373227940       -2.8161615095672596     
  0.87284731228641310       -2.8570245762863693     
  0.89929723084054691       -2.8972379507379431     
  0.92574714939468061       -2.9366587833282596     
  0.95219706794881431       -2.9751036163261331     
  0.97864698650294801       -3.0123329299887613     
   1.0050969050570817       -3.0480294927258940     
   1.0315468236112155       -3.0817687674292480     
   1.0579967421653493       -3.1129808532673646     
   1.0844466607194829       -3.1409082419872463     
   1.1108965792736167       -3.1645763521479582     
   1.1373464978277505       -3.1828174338881055     
   1.1637964163818841       -3.1944107679303659     
   1.1902463349360179       -3.1984096272510452     
   0.0000000000000000       -1.5835761359589886     
   2.6537824158116789E-002  -1.5881768036492478     
   5.3075648316233577E-002  -1.6014204186753314     
   7.9613472474350369E-002  -1.6219987508318379     
  0.10615129663246715       -1.6483179135688935     
  0.13268912079058395       -1.6789463565044018     
  0.15922694494870074       -1.7127604457758223     
  0.18576476910681752       -1.7489328305041134     
  0.21230259326493431       -1.7868688807307813     
  0.23884041742305109       -1.8261422044746687     
  0.26537824158116791       -1.8664441691793767     
  0.29191606573928469       -1.9075478916507516     
  0.31845388989740148       -1.9492834407361144     
  0.34499171405551826       -1.9915209224662151     
  0.37152953821363505       -2.0341589039317247     
  0.39806736237175183       -2.0771164107102167     
  0.42460518652986862       -2.1203273168453891     
  0.45114301068798540       -2.1637363458960337     
  0.47768083484610219       -2.2072961650415825     
  0.50421865900421903       -2.2509652257164965     
  0.53075648316233581       -2.2947061155343165     
  0.55729430732045260       -2.3384842585129295     
  0.58383213147856938       -2.3822668474027644     
  0.61036995563668617       -2.4260219218138612     
  0.63690777979480295       -2.4697175241307110     
  0.66344560395291974       -2.5133208750543505     
  0.68998342811103652       -2.5567975137002557     
  0.71652125226915331       -2.6001103440852384     
  0.74305907642727009       -2.6432185201470060     
  0.76959690058538688       -2.6860760837143403     
  0.79613472474350366       -2.7286302413429446     
  0.82267254890162045       -2.7708191221333234     
  0.84921037305973723       -2.8125687924778155     
  0.87574819721785402       -2.8537892044928341     
  0.90228602137597080       -2.8943686072547088     
  0.92882384553408759       -2.9341657334613718     
  0.95536166969220437       -2.9729987671286078     
  0.98189949385032116       -3.0106296949150377     
   1.0084373180084381       -3.0467422128114796     
   1.0349751421665547       -3.0809112052165313     
   1.0615129663246716       -3.1125628837268846     
   1.0880507904827883       -3.1409293641542728     
   1.1145886146409052       -3.1650145191324910     
   1.1411264387990219       -3.1836134501762094     
   1.1676642629571388       -3.1954543602790610     
   1.1942020871152554       -3.1995426012733224     
   0.0000000000000000       -1.5682776616727445     
   2.6616820235306305E-002  -1.5729955570738690     
   5.3233640470612610E-002  -1.5865583615648857     
   7.9850460705918919E-002  -1.6075838476538884     
  0.10646728094122522       -1.6344062152108703     
  0.13308410117653152       -1.6655474298095032     
  0.15970092141183784       -1.6998605338855746     
  0.18631774164714413       -1.7365090876975868     
  0.21293456188245044       -1.7748965639398881     
  0.23955138211775676       -1.8145978266091087     
  0.26616820235306304       -1.8553066496287496     
  0.29278502258836936       -1.8967987986510009     
  0.31940184282367567       -1.9389068587720550     
  0.34601866305898199       -1.9815031899928752     
  0.37263548329428825       -2.0244883285517052     
  0.39925230352959457       -2.0677830049847472     
  0.42586912376490088       -2.1113225691835908     
  0.45248594400020720       -2.1550530286256580     
  0.47910276423551351       -2.1989281769257669     
  0.50571958447081977       -2.2429074647080101     
  0.53233640470612609       -2.2869543775240628     
  0.55895322494143240       -2.3310351583681941     
  0.58557004517673872       -2.3751177593059620     
  0.61218686541204503       -2.4191709366469052     
  0.63880368564735135       -2.4631634223447412     
  0.66542050588265766       -2.5070631141084232     
  0.69203732611796398       -2.5508362297539771     
  0.71865414635327018       -2.5944463681960195     
  0.74527096658857650       -2.6378534097541166     
  0.77188778682388282       -2.6810121706602295     
  0.79850460705918913       -2.7238706980067473     
  0.82512142729449545       -2.7663680472314871     
  0.85173824752980176       -2.8084313173108937     
  0.87835506776510808       -2.8499716179942869     
  0.90497188800041439       -2.8908784923306059     
  0.93158870823572071       -2.9310120941411402     
  0.95820552847102702       -2.9701920986415913     
  0.98482234870633334       -3.0081818926295698     
   1.0114391689416395       -3.0446661042971499     
   1.0380559891769459       -3.0792192784078476     
   1.0646728094122522       -3.1112644221543500     
   1.0912896296475585       -3.1400247136079762     
   1.1179064498828648       -3.1644850131177598     
   1.1445232701181711       -3.1834070084980435     
   1.1711400903534774       -3.1954722030317444     
   1.1977569105887838       -3.1996415828549400     
   0.0000000000000000       -1.5535082748571425     
   2.6687928821408521E-002  -1.5583356560499477     
   5.3375857642817041E-002  -1.5721956672894295     
   8.0063786464225559E-002  -1.5936353779542491     
  0.10675171528563408       -1.6209214215920018     
  0.13343964410704259       -1.6525330277639552     
  0.16012757292845112       -1.6873023638210685     
  0.18681550174985964       -1.7243851961594139     
  0.21350343057126817       -1.7631836488673232     
  0.24019135939267669       -1.8032739835764786     
  0.26687928821408519       -1.8443523256936503     
  0.29356721703549371       -1.8861969520943513     
  0.32025514585690223       -1.9286428007668204     
  0.34694307467831076       -1.9715643229075652     
  0.37363100349971928       -2.0148638725745869     
  0.40031893232112781       -2.0584637487630553     
  0.42700686114253633       -2.1023006554857151     
  0.45369478996394486       -2.1463217756815758     
  0.48038271878535338       -2.1904819322203739     
  0.50707064760676190       -2.2347414869513287     
  0.53375857642817037       -2.2790647426707817     
  0.56044650524957895       -2.3234186861442878     
  0.58713443407098742       -2.3677719574103584     
  0.61382236289239600       -2.4120939604974994     
  0.64051029171380447       -2.4563540488896010     
  0.66719822053521305       -2.5005207288209932     
  0.69388614935662152       -2.5445608264861002     
  0.72057407817803010       -2.5884385620857251     
  0.74726200699943857       -2.6321144638812055     
  0.77394993582084715       -2.6755440375920276     
  0.80063786464225561       -2.7186760777107968     
  0.82732579346366419       -2.7614504628992420     
  0.85401372228507266       -2.8037952100716583     
  0.88070165110648113       -2.8456224595624100     
  0.90738957992788971       -2.8868229097699105     
  0.93407750874929818       -2.9272579899650801     
  0.96076543757070676       -2.9667487259561094     
  0.98745336639211523       -3.0050597961654000     
   1.0141412952135238       -3.0418767396938398     
   1.0408292240349324       -3.0767739325899175     
   1.0675171528563407       -3.1091717253584594     
   1.0942050816777493       -3.1382855677873658     
   1.1208930104991579       -3.1630835160678035     
   1.1475809393205665       -3.1822972116407713     
   1.1742688681419748       -3.1945655412701317     
   1.2009567969633834       -3.1988085442801988     
   0.0000000000000000       -1.5391860469037288     
   2.6752066893293881E-002  -1.5441158878678993     
   5.3504133786587763E-002  -1.5582532411870471     
   8.0256200679881651E-002  -1.5800776343752849     
  0.10700826757317553       -1.6077921588580653     
  0.13376033446646940       -1.6398366562803739     
  0.16051240135976330       -1.6750245329073234     
  0.18726446825305718       -1.7125048391581523     
  0.21401653514635105       -1.7516787828949951     
  0.24076860203964492       -1.7921241147733948     
  0.26752066893293880       -1.8335392439367908     
  0.29427273582623270       -1.8757048272845489     
  0.32102480271952660       -1.9184580074591868     
  0.34777686961282045       -1.9616751823329810     
  0.37452893650611435       -2.0052603910747844     
  0.40128100339940820       -2.0491373823612662     
  0.42803307029270210       -2.0932441089463607     
  0.45478513718599600       -2.1375288356639857     
  0.48153720407928985       -2.1819473309907771     
  0.50828927097258370       -2.2264607923971282     
  0.53504133786587760       -2.2710342706283022     
  0.56179340475917150       -2.3156354316642846     
  0.58854547165246540       -2.3602335422796830     
  0.61529753854575930       -2.4047985950008428     
  0.64204960543905321       -2.4493005064061126     
  0.66880167233234700       -2.4937083324047271     
  0.69555373922564090       -2.5379894470912716     
  0.72230580611893480       -2.5821086285822017     
  0.74905787301222870       -2.6260269854647240     
  0.77580993990552261       -2.6697006396196050     
  0.80256200679881640       -2.7130790523295900     
  0.82931407369211030       -2.7561028359537221     
  0.85606614058540420       -2.7987008253734693     
  0.88281820747869810       -2.8407860800488534     
  0.90957027437199200       -2.8822503310233127     
  0.93632234126528580       -2.9229561522425533     
  0.96307440815857970       -2.9627257906202518     
  0.98982647505187360       -3.0013251097848506     
   1.0165785419451674       -3.0384405221068684     
   1.0433306088384613       -3.0736463553893909     
   1.0700826757317552       -3.1063607434922726     
   1.0968347426250491       -3.1357924259978853     
   1.1235868095183430       -3.1608945757064277     
   1.1503388764116369       -3.1803718068286786     
   1.1770909433049308       -3.1928241606303742     
   1.2038430101982247       -3.1971339705296855     
   0.0000000000000000       -1.5252363375387259     
   2.6810055918277273E-002  -1.5302623208522985     
   5.3620111836554546E-002  -1.5446592177930230     
   8.0430167754831819E-002  -1.5668419818784849     
  0.10724022367310909       -1.5949538361410858     
  0.13405027959138638       -1.6273982020343238     
  0.16086033550966364       -1.6629715442754738     
  0.18767039142794090       -1.7008170952289974     
  0.21448044734621818       -1.7403354883836726     
  0.24129050326449547       -1.7811060197401842     
  0.26810055918277276       -1.8228293094170707     
  0.29491061510104999       -1.8652882727115090     
  0.32172067101932728       -1.9083221243596513     
  0.34853072693760456       -1.9518090818361500     
  0.37534078285588179       -1.9956547538650542     
  0.40215083877415908       -2.0397842360153353     
  0.42896089469243637       -2.0841366389542131     
  0.45577095061071365       -2.1286612289744156     
  0.48258100652899094       -2.1733146483661430     
  0.50939106244726817       -2.2180588653891959     
  0.53620111836554551       -2.2628596193349333     
  0.56301117428382275       -2.3076852000536605     
  0.58982123020209998       -2.3525054485385946     
  0.61663128612037732       -2.3972908949954883     
  0.64344134203865455       -2.4420119689149309     
  0.67025139795693178       -2.4866382252978561     
  0.69706145387520912       -2.5311375341044346     
  0.72387150979348636       -2.5754751767791273     
  0.75068156571176359       -2.6196127839097398     
  0.77749162163004093       -2.6635070301798809     
  0.80430167754831816       -2.7071079738601913     
  0.83111173346659550       -2.7503568832662650     
  0.85792178938487273       -2.7931833241118902     
  0.88473184530314997       -2.8355011773302619     
  0.91154190122142731       -2.8772030982972292     
  0.93835195713970454       -2.9181526888551779     
  0.96516201305798188       -2.9581732990220351     
  0.99197206897625911       -2.9970318760228616     
   1.0187821248945363       -3.0344156582781991     
   1.0455921808128137       -3.0698990085229565     
   1.0724022367310910       -3.1028981983480808     
   1.0992122926493682       -3.1326161152014880     
   1.1260223485676455       -3.1579927169881201     
   1.1528324044859228       -3.1777082852320926     
   1.1796424604042000       -3.1903274698118471     
   1.2064525163224773       -3.1946979341043900     
   0.0000000000000000       -1.5115910422522392     
   2.6862631076307927E-002  -1.5167075435576933     
   5.3725262152615853E-002  -1.5313481813363405     
   8.0587893228923776E-002  -1.5538660637766628     
  0.10745052430523171       -1.5823478542731597     
  0.13431315538153962       -1.6151631646746432     
  0.16117578645784755       -1.6510930796768508     
  0.18803841753415548       -1.6892757626046579     
  0.21490104861046341       -1.7291115443723721     
  0.24176367968677134       -1.7701812990469088     
  0.26862631076307925       -1.8121877854179538     
  0.29548894183938718       -1.8549160670567868     
  0.32235157291569511       -1.8982073139136824     
  0.34921420399200304       -1.9419414524694674     
  0.37607683506831097       -1.9860255611957551     
  0.40293946614461890       -2.0303859941983369     
  0.42980209722092683       -2.0749629422210281     
  0.45666472829723476       -2.1197066042105606     
  0.48352735937354269       -2.1645744349185314     
  0.51038999044985056       -2.2095291180060515     
  0.53725262152615849       -2.2545370305502836     
  0.56411525260246642       -2.2995670389510945     
  0.59097788367877435       -2.3445895134769050     
  0.61784051475508228       -2.3895754784767704     
  0.64470314583139021       -2.4344958333107956     
  0.67156577690769814       -2.4793205886287968     
  0.69842840798400607       -2.5240180655062527     
  0.72529103906031400       -2.5685540017023976     
  0.75215367013662193       -2.6128904994935565     
  0.77901630121292986       -2.6569847316163506     
  0.80587893228923779       -2.7007872928830912     
  0.83274156336554572       -2.7442400400719942     
  0.85960419444185365       -2.7872731938250932     
  0.88646682551816158       -2.8298013710986214     
  0.91332945659446951       -2.8717180562193554     
  0.94019208767077744       -2.9128877750905589     
  0.96705471874708537       -2.9531348741659138     
  0.99391734982339330       -2.9922272890639627     
   1.0207799808997011       -3.0298530321850747     
   1.0476426119760092       -3.0655865569600094     
   1.0745052430523170       -3.0988425588182897     
   1.1013678741286250       -3.1288187973020136     
   1.1282305052049328       -3.1544434632536258     
   1.1550931362812409       -3.1743749009396955     
   1.1819557673575487       -3.1871455103824222     
   1.2088183984338567       -3.1915711001065850     
   0.0000000000000000       -1.4981878715079329     
   2.6910449991589130E-002  -1.5033899385376175     
   5.3820899983178259E-002  -1.5182604282789560     
   8.0731349974767386E-002  -1.5410930592200143     
  0.10764179996635652       -1.5699208738199983     
  0.13455224995794565       -1.6030819525312379     
  0.16146269994953477       -1.6393433360505207     
  0.18837314994112392       -1.6778387446089194     
  0.21528359993271304       -1.7179684245032323     
  0.24219404992430216       -1.7593148456401728     
  0.26910449991589130       -1.8015828374717009     
  0.29601494990748045       -1.8445595143270686     
  0.32292539989906954       -1.8880878998371369     
  0.34983584989065869       -1.9320495343465167     
  0.37674629988224784       -1.9763528807086694     
  0.40365674987383693       -2.0209254762645719     
  0.43056719986542608       -2.0657085256386392     
  0.45747764985701522       -2.1106531019799681     
  0.48438809984860431       -2.1557174203939673     
  0.51129854984019352       -2.2008648328849008     
  0.53820899983178261       -2.2460623111516127     
  0.56511944982337170       -2.2912792578545416     
  0.59202989981496090       -2.3364865342147163     
  0.61894034980654999       -2.3816556215390516     
  0.64585079979813909       -2.4267578522272744     
  0.67276124978972829       -2.4717636553380018     
  0.69967169978131738       -2.5166417646307027     
  0.72658214977290647       -2.5613583337298231     
  0.75349259976449567       -2.6058758932318904     
  0.78040304975608477       -2.6501520666390559     
  0.80731349974767386       -2.6941379329859623     
  0.83422394973926306       -2.7377758789449671     
  0.86113439973085215       -2.7809967140174146     
  0.88804484972244124       -2.8237157165059799     
  0.91495529971403045       -2.8658271158708946     
  0.94186574970561954       -2.9071962700786416     
  0.96877619969720863       -2.9476484262162552     
  0.99568664968879783       -2.9869524203344473     
   1.0225970996803870       -3.0247969851480843     
   1.0495075496719761       -3.0607567005369596     
   1.0764179996635652       -3.0942449173487239     
   1.1033284496551543       -3.1244548793347127     
   1.1302388996467434       -3.1503042655098823     
   1.1571493496383325       -3.1704316050396169     
   1.1840597996299218       -3.1833398876302494     
   1.2109702496215109       -3.1878156546771708     
   0.0000000000000000       -1.4849696661376810     
   2.6954100886998015E-002  -1.4902529946147118     
   5.3908201773996030E-002  -1.5053412743739274     
   8.0862302660994048E-002  -1.5284709923584132     
  0.10781640354799206       -1.5576241402305135     
  0.13477050443499008       -1.5911092376880813     
  0.16172460532198810       -1.6276804205858022     
  0.18867870620898611       -1.6664674903699688     
  0.21563280709598412       -1.7068707856923810     
  0.24258690798298213       -1.7484743816569497     
  0.26954100886998017       -1.7909851173400193     
  0.29649510975697818       -1.8341920734712069     
  0.32344921064397619       -1.8779400406543321     
  0.35040331153097420       -1.9221120924000790     
  0.37735741241797222       -1.9666180038317620     
  0.40431151330497023       -2.0113864320661623     
  0.43126561419196824       -2.0563595398882555     
  0.45821971507896625       -2.1014892254599893     
  0.48517381596596426       -2.1467344203674714     
  0.51212791685296233       -2.1920591052906002     
  0.53908201773996034       -2.2374308101043119     
  0.56603611862695835       -2.2828194396420574     
  0.59299021951395636       -2.3281963135779544     
  0.61994432040095437       -2.3735333385629422     
  0.64689842128795239       -2.4188022486446044     
  0.67385252217495040       -2.4639738594680884     
  0.70080662306194841       -2.5090172845547181     
  0.72776072394894642       -2.5538990586605750     
  0.75471482483594443       -2.5985821033759744     
  0.78166892572294244       -2.6430244521752773     
  0.80862302660994045       -2.6871776230744016     
  0.83557712749693847       -2.7309844818659466     
  0.86253122838393648       -2.7743763694632655     
  0.88948532927093449       -2.8172691603444875     
  0.91643943015793250       -2.8595577555968608     
  0.94339353104493051       -2.9011082640007504     
  0.97034763193192852       -2.9417467476902881     
  0.99730173281892653       -2.9812428627494238     
   1.0242558337059247       -3.0192860091497633     
   1.0512099345929227       -3.0554509144943327     
   1.0781640354799207       -3.0891497729475899     
   1.1051181363669187       -3.1195718304743609     
   1.1320722372539167       -3.1456253415664768     
   1.1590263381409147       -3.1659308943557507     
   1.1859804390279127       -3.1789646204519721     
   1.2129345399149107       -3.1834861542294091     
   0.0000000000000000       -1.4718837502352922     
   2.6994110126102880E-002  -1.4772446585546812     
   5.3988220252205760E-002  -1.4925404059276328     
   8.0982330378308640E-002  -1.5159520910767115     
  0.10797644050441152       -1.5454128622031145     
  0.13497055063051439       -1.5792033652061699     
  0.16196466075661728       -1.6160657983913271     
  0.18895877088272017       -1.6551264848631237     
  0.21595288100882304       -1.6957860018357964     
  0.24294699113492590       -1.7376300355079071     
  0.26994110126102877       -1.7803673823641222     
  0.29693521138713169       -1.8237890185348564     
  0.32392932151323456       -1.8677414291086021     
  0.35092343163933742       -1.9121091535586461     
  0.37791754176544035       -1.9568032193592861     
  0.40491165189154321       -2.0017533507313896     
  0.43190576201764608       -2.0469026223775475     
  0.45889987214374894       -2.0922037166177585     
  0.48589398226985181       -2.1376162450254306     
  0.51288809239595468       -2.1831047838877802     
  0.53988220252205754       -2.2286373907915440     
  0.56687631264816052       -2.2741844441595203     
  0.59387042277426338       -2.3197176947732681     
  0.62086453290036625       -2.3652094479317842     
  0.64785864302646912       -2.4106318127262663     
  0.67485275315257198       -2.4559559643240614     
  0.70184686327867485       -2.5011513679147752     
  0.72884097340477771       -2.5461849096529110     
  0.75583508353088069       -2.5910198700752751     
  0.78282919365698356       -2.6356146575077823     
  0.80982330378308642       -2.6799211898915534     
  0.83681741390918929       -2.7238827681867148     
  0.86381152403529216       -2.7674312148395632     
  0.89080563416139502       -2.8104829437220045     
  0.91779974428749789       -2.8529334632187657     
  0.94479385441360075       -2.8946495613755463     
  0.97178796453970362       -2.9354580392691920     
  0.99878207466580660       -2.9751293001649204     
   1.0257761847919094       -3.0133533602817906     
   1.0527702949180122       -3.0497051058648363     
   1.0797644050441151       -3.0835957271853975     
   1.1067585151702182       -3.1142109112116150     
   1.1337526252963210       -3.1404504288097730     
   1.1607467354224239       -3.1609185769516044     
   1.1877408455485268       -3.1740669111373041     
   1.2147349556746296       -3.1786302958754562     
   0.0000000000000000       -1.4588813206169013     
   2.7030949141648122E-002  -1.4643167248615283     
   5.4061898283296245E-002  -1.4798112729894748     
   8.1092847424944367E-002  -1.5034921916489665     
  0.10812379656659249       -1.5332456383139428     
  0.13515474570824060       -1.5673258106760541     
  0.16218569484988873       -1.6044637866059022     
  0.18921664399153687       -1.6437827821891333     
  0.21624759313318498       -1.6846837368175960     
  0.24327854227483309       -1.7267539540063317     
  0.27030949141648120       -1.7697041455354943     
  0.29734044055812936       -1.8133271252840446     
  0.32437138969977747       -1.8574710139359176     
  0.35140233884142558       -1.9020217623511808     
  0.37843328798307374       -1.9468916017005475     
  0.40546423712472185       -1.9920112805166454     
  0.43249518626636996       -2.0373247478020975     
  0.45952613540801807       -2.0827854367313452     
  0.48655708454966617       -2.1283536090292170     
  0.51358803369131434       -2.1739944094571424     
  0.54061898283296239       -2.2196763982099830     
  0.56764993197461056       -2.2653704036349418     
  0.59468088111625872       -2.3110485848669691     
  0.62171183025790677       -2.3566836235255169     
  0.64874277939955494       -2.4022479813813349     
  0.67577372854120310       -2.4477131702619275     
  0.70280467768285115       -2.4930489831850844     
  0.72983562682449932       -2.5382226323661130     
  0.75686657596614748       -2.5831977298745432     
  0.78389752510779553       -2.6279330287393545     
  0.81092847424944370       -2.6723808131933704     
  0.83795942339109175       -2.7164847813951036     
  0.86499037253273992       -2.7601771941011934     
  0.89202132167438808       -2.8033749552017704     
  0.91905227081603613       -2.8459741242079346     
  0.94608321995768430       -2.8878421056092023     
  0.97311416909933235       -2.9288063720344848     
   1.0001451182409806       -2.9686380083943562     
   1.0271760673826287       -3.0070275990987905     
   1.0542070165242767       -3.0435501926616619     
   1.0812379656659248       -3.0776160999224640     
   1.1082689148075731       -3.1084078207520824     
   1.1352998639492211       -3.1348174555672816     
   1.1623308130908692       -3.1554344580971083     
   1.1893617622325174       -3.1686878377592640     
   1.2163927113741655       -3.1732896113885811     
   0.0000000000000000       -1.4459168702388845     
   2.7065040771596067E-002  -1.4514242608050671     
   5.4130081543192134E-002  -1.4671105207999209     
   8.1195122314788204E-002  -1.4910501846083521     
  0.10826016308638427       -1.5210839263014519     
  0.13532520385798033       -1.5554406799668659     
  0.16239024462957641       -1.5928410886955175     
  0.18945528540117246       -1.6324055760307559     
  0.21652032617276853       -1.6735355511527776     
  0.24358536694436461       -1.7158199443681810     
  0.27065040771596066       -1.7589713516487353     
  0.29771544848755671       -1.8027843801942094     
  0.32478048925915282       -1.8471087404087607     
  0.35184553003074887       -1.8918317518267329     
  0.37891057080234491       -1.9368668111246872     
  0.40597561157394102       -1.9821456574636498     
  0.43304065234553707       -2.0276130844364300     
  0.46010569311713312       -2.0732232496595988     
  0.48717073388872922       -2.1189370412275021     
  0.51423577466032522       -2.1647201506208149     
  0.54130081543192132       -2.2105416203806563     
  0.56836585620351743       -2.2563727095414503     
  0.59543089697511342       -2.3021859669578051     
  0.62249593774670953       -2.3479544321488430     
  0.64956097851830563       -2.3936509009803522     
  0.67662601928990163       -2.4392472028118934     
  0.70369106006149773       -2.4847134384172502     
  0.73075610083309384       -2.5300171246183245     
  0.75782114160468983       -2.5751221816877496     
  0.78488618237628593       -2.6199876815869363     
  0.81195122314788204       -2.6645662459747586     
  0.83901626391947803       -2.7088019375047296     
  0.86608130469107414       -2.7526274178854218     
  0.89314634546267024       -2.7959600381962093     
  0.92021138623426624       -2.8386963601551893     
  0.94727642700586234       -2.8807043497030804     
  0.97434146777745845       -2.9218120915866779     
   1.0014065085490544       -2.9617912937801725     
   1.0284715493206504       -3.0003330643056554     
   1.0555365900922467       -3.0370126125487067     
   1.0826016308638426       -3.0712394714215416     
   1.1096666716354386       -3.1021932689049323     
   1.1367317124070349       -3.1287591365797098     
   1.1637967531786308       -3.1495129512955398     
   1.1908617939502268       -3.1628629730110869     
   1.2179268347218231       -3.1675000882493967     
   0.0000000000000000       -1.4329476416874094     
   2.7096765037968481E-002  -1.4385250625776442     
   5.4193530075936962E-002  -1.4543974548051566     
   8.1290295113905439E-002  -1.4785874964040033     
  0.10838706015187392       -1.5088915489869914     
  0.13548382518984239       -1.5435142448744434     
  0.16258059022781088       -1.5811663626808059     
  0.18967735526577936       -1.6209658013025048     
  0.21677412030374785       -1.6623145366888070     
  0.24387088534171633       -1.7048031409916944     
  0.27096765037968479       -1.7481460749392586     
  0.29806441541765327       -1.7921397076982295     
  0.32516118045562176       -1.8366353060111915     
  0.35225794549359024       -1.8815215265879792     
  0.37935471053155873       -1.9267129032126680     
  0.40645147556952721       -1.9721421404562645     
  0.43354824060749569       -2.0177548541027797     
  0.46064500564546418       -2.0635059061436536     
  0.48774177068343266       -2.1093567928140855     
  0.51483853572140115       -2.1552737354735010     
  0.54193530075936958       -2.2012262431583807     
  0.56903206579733812       -2.2471859903724516     
  0.59612883083530654       -2.2931259007826683     
  0.62322559587327508       -2.3390193569073765     
  0.65032236091124351       -2.3848394735159015     
  0.67741912594921205       -2.4305583817111578     
  0.70451589098718048       -2.4761464733089520     
  0.73161265602514902       -2.5215715517335009     
  0.75870942106311745       -2.5667978257492519     
  0.78580618610108599       -2.6117846643486677     
  0.81290295113905442       -2.6564850019616824     
  0.83999971617702296       -2.7008432376799245     
  0.86709648121499139       -2.7447924019848022     
  0.89419324625295982       -2.7882502561117928     
  0.92129001129092836       -2.8311138215133469     
  0.94838677632889679       -2.8732515776045542     
  0.97548354136686533       -2.9144921690466496     
   1.0025803064048338       -2.9546078748179956     
   1.0296770714428023       -2.9932902857110033     
   1.0567738364807708       -3.0301147672340067     
   1.0838706015187392       -3.0644901571793772     
   1.1109673665567077       -3.0955934786067414     
   1.1380641315946762       -3.1223034982434879     
   1.1651608966326448       -3.1431836193755225     
   1.1922576616706131       -3.1566229339197140     
   1.2193544267085816       -3.1612927219836027     
   0.0000000000000000       -1.4199331058164035     
   2.7126464412463087E-002  -1.4255791375030453     
   5.4252928824926175E-002  -1.4416335337509416     
   8.1379393237389269E-002  -1.4660676008673135     
  0.10850585764985235       -1.4966342305115394     
  0.13563232206231543       -1.5315145082680477     
  0.16275878647477854       -1.5694098170491897     
  0.18988525088724162       -1.6094357610711900     
  0.21701171529970470       -1.6509949738663596     
  0.24413817971216778       -1.6936796919651966     
  0.27126464412463086       -1.7372062336252503     
  0.29839110853709394       -1.7813727115642308     
  0.32551757294955708       -1.8260319275514396     
  0.35264403736202016       -1.8710738546544259     
  0.37977050177448324       -1.9164141446129297     
  0.40689696618694632       -1.9619864501316671     
  0.43402343059940940       -2.0077371936136377     
  0.46114989501187248       -2.0536219272561551     
  0.48827635942433556       -2.0996027423507964     
  0.51540282383679870       -2.1456463778325889     
  0.54252928824926172       -2.1917227974379667     
  0.56965575266172486       -2.2378040796045062     
  0.59678221707418788       -2.2838635113045589     
  0.62390868148665102       -2.3298748063542867     
  0.65103514589911415       -2.3758113863052541     
  0.67816161031157718       -2.4216456712239514     
  0.70528807472404031       -2.4673483302671140     
  0.73241453913650334       -2.5128874385406568     
  0.75954100354896648       -2.5582274768131734     
  0.78666746796142950       -2.6033280926438871     
  0.81379393237389264       -2.6481425123121585     
  0.84092039678635566       -2.6926154474054997     
  0.86804686119881880       -2.7366802695869672     
  0.89517332561128193       -2.7802551183564281     
  0.92229979002374496       -2.8232374381665606     
  0.94942625443620809       -2.8654961802134333     
  0.97655271884867112       -2.9068605034199799     
   1.0036791832611343       -2.9471032117701199     
   1.0308056476735974       -2.9859163418000412     
   1.0579321120860603       -3.0228754082651030     
   1.0850585764985234       -3.0573886213398240     
   1.1121850409109866       -3.0886306248957736     
   1.1393115053234497       -3.1154743391482054     
   1.1664379697359128       -3.1364716507202810     
   1.1935644341483758       -3.1499938670896017     
   1.2206908985608389       -3.1546940042678893     
   0.0000000000000000       -1.4068344596991835     
   2.7154448618003920E-002  -1.4125482063668180     
   5.4308897236007840E-002  -1.4287818846755236     
   8.1463345854011757E-002  -1.4534555540342553     
  0.10861779447201568       -1.4842791562984672     
  0.13577224309001959       -1.5194107922095168     
  0.16292669170802351       -1.5575428280717225     
  0.19008114032602744       -1.5977887728277671     
  0.21723558894403136       -1.6395520060342095     
  0.24439003756203528       -1.6824264602513195     
  0.27154448618003918       -1.7261303167347579     
  0.29869893479804310       -1.7704634262115864     
  0.32585338341604703       -1.8152801159201279     
  0.35300783203405095       -1.8604716647448944     
  0.38016228065205487       -1.9059548320528150     
  0.40731672927005880       -1.9516642089397775     
  0.43447117788806272       -1.9975470153004253     
  0.46162562650606664       -2.0435594849172913     
  0.48878007512407057       -2.0896642958718776     
  0.51593452374207449       -2.1358286966059952     
  0.54308897236007836       -2.1820230975314168     
  0.57024342097808234       -2.2282199728928913     
  0.59739786959608621       -2.2743929645954504     
  0.62455231821409019       -2.3205161089866873     
  0.65170676683209405       -2.3665631250822159     
  0.67886121545009803       -2.4125067118659547     
  0.70601566406810190       -2.4583178048592784     
  0.73317011268610588       -2.5039647387043567     
  0.76032456130410975       -2.5494122525754559     
  0.78747900992211373       -2.5946202572056918     
  0.81463345854011759       -2.6395422531266557     
  0.84178790715812157       -2.6841232441407419     
  0.86894235577612544       -2.7282969195790594     
  0.89609680439412931       -2.7719817698858766     
  0.92325125301213329       -2.8150756308973999     
  0.95040570163013716       -2.8574478895269917     
  0.97756015024814114       -2.8989281792336401     
   1.0047145988661450       -2.9392897886013243     
   1.0318690474841490       -2.9782251666592856     
   1.0590234961021530       -3.0153099692970513     
   1.0861779447201567       -3.0499518339674623     
   1.1133323933381607       -3.0813232156708104     
   1.1404868419561647       -3.1082916310973472     
   1.1676412905741687       -3.1293982755230099     
   1.1947957391921724       -3.1429978740712663     
   1.2219501878101764       -3.1477263512868836     
   0.0000000000000000       -1.3936141371628690     
   2.7180999018365872E-002  -1.3993952191013022     
   5.4361998036731744E-002  -1.4158068329365394     
   8.1542997055097613E-002  -1.4407175453753438     
  0.10872399607346349       -1.4717945498280893     
  0.13590499509182935       -1.5071733423202021     
  0.16308599411019523       -1.5455375721134823     
  0.19026699312856110       -1.5859988280908861     
  0.21744799214692698       -1.6279613252297933     
  0.24462899116529285       -1.6710207343801544     
  0.27180999018365870       -1.7148971184787860     
  0.29899098920202460       -1.7593920736261475     
  0.32617198822039045       -1.8043614545414242     
  0.35335298723875636       -1.8496978453876174     
  0.38053398625712220       -1.8953191113521035     
  0.40771498527548811       -1.9411607794179400     
  0.43489598429385395       -1.9871708640071626     
  0.46207698331221980       -2.0333062771500465     
  0.48925798233058571       -2.0795302800236124     
  0.51643898134895161       -2.1258106265082017     
  0.54361998036731740       -2.1721181692145568     
  0.57080097938568330       -2.2184257732613752     
  0.59798197840404921       -2.2647074300355676     
  0.62516297742241511       -2.3109374923717882     
  0.65234397644078090       -2.3570899700172050     
  0.67952497545914681       -2.4031378333347870     
  0.70670597447751271       -2.4490522757191973     
  0.73388697349587850       -2.4948018817222364     
  0.76106797251424441       -2.5403516379341364     
  0.78824897153261031       -2.5856617056294557     
  0.81542997055097621       -2.6306858449751411     
  0.84261096956934201       -2.6753693349775807     
  0.86979196858770791       -2.7196461627614594     
  0.89697296760607381       -2.7634351464774833     
  0.92415396662443960       -2.8066344863010548     
  0.95133496564280551       -2.8491139738513023     
  0.97851596466117141       -2.8907036827564845     
   1.0056969636795372       -2.9311773509370589     
   1.0328779626979032       -2.9702278103232786     
   1.0600589617162690       -3.0074308492306985     
   1.0872399607346348       -3.0421935768376271     
   1.1144209597530008       -3.0736864190013771     
   1.1416019587713666       -3.1007718653367013     
   1.1687829577897324       -3.1219811266207200     
   1.1959639568080984       -3.1356533812041727     
   1.2231449558264642       -3.1404084765873592     
   0.0000000000000000       -1.3802353242009513     
   2.7206372649795994E-002  -1.3860838761413410     
   5.4412745299591989E-002  -1.4026734396388836     
   8.1619117949387976E-002  -1.4278204578934455     
  0.10882549059918398       -1.4591492588729607     
  0.13603186324897998       -1.4947729413444177     
  0.16323823589877595       -1.5333666662669860     
  0.19044460854857195       -1.5740402590944464     
  0.21765098119836795       -1.6161988636079034     
  0.24485735384816396       -1.6594399432696418     
  0.27206372649795996       -1.7034854751928648     
  0.29927009914775593       -1.7481388212898146     
  0.32647647179755190       -1.7932573772979499     
  0.35368284444734793       -1.8387350419839359     
  0.38088921709714391       -1.8844907928966337     
  0.40809558974693994       -1.9304610974530927     
  0.43530196239673591       -1.9765947676159743     
  0.46250833504653188       -2.0228493954289508     
  0.48971470769632791       -2.0691888258684838     
  0.51692108034612394       -2.1155813180190384     
  0.54412745299591991       -2.1619981655980807     
  0.57133382564571589       -2.2084126226964398     
  0.59854019829551186       -2.2547990274913183     
  0.62574657094530783       -2.3011320458158324     
  0.65295294359510381       -2.3473859738292271     
  0.68015931624489989       -2.3935340480607032     
  0.70736568889469587       -2.4395477135772849     
  0.73457206154449184       -2.4853957975198222     
  0.76177843419428781       -2.5310435252806580     
  0.78898480684408379       -2.5764512985440522     
  0.81619117949387987       -2.6215731251824379     
  0.84339755214367584       -2.6663545453359263     
  0.87060392479347182       -2.7107298273128819     
  0.89781029744326779       -2.7546180973885361     
  0.92501667009306376       -2.7979178971350849     
  0.95222304274285985       -2.8404993964096681     
  0.97942941539265582       -2.8821930794910777     
   1.0066357880424517       -2.9227731030899844     
   1.0338421606922479       -2.9619326559410473     
   1.0610485333420439       -2.9992476499414296     
   1.0882549059918398       -3.0341247017130621     
   1.1154612786416358       -3.0657323411278883     
   1.1426676512914318       -3.0929283481577827     
   1.1698740239412277       -3.1142345489877106     
   1.1970803965910237       -3.1279754578891805     
   1.2242867692408197       -3.1327557123420191     
   0.0000000000000000       -1.3666614703782338     
   2.7230805949990163E-002  -1.3725781466578240     
   5.4461611899980326E-002  -1.3893470378812509     
   8.1692417849970486E-002  -1.4147314287644477     
  0.10892322379996065       -1.4463123432125398     
  0.13615402974995081       -1.4821805243284991     
  0.16338483569994097       -1.5210028101737785     
  0.19061564164993114       -1.5618874058838010     
  0.21784644759992131       -1.6042404842977944     
  0.24507725354991147       -1.6476613693829272     
  0.27230805949990161       -1.6918739994743726     
  0.29953886544989178       -1.7366835361362907     
  0.32676967139988194       -1.7819489413050060     
  0.35400047734987211       -1.8275654475477974     
  0.38123128329986228       -1.8734531596154802     
  0.40846208924985244       -1.9195494968799305     
  0.43569289519984261       -1.9658040777460053     
  0.46292370114983278       -2.0121751810427484     
  0.49015450709982294       -2.0586272405469477     
  0.51738531304981306       -2.1051290240414708     
  0.54461611899980322       -2.1516522685353996     
  0.57184692494979339       -2.1981706181101650     
  0.59907773089978356       -2.2446587576843142     
  0.62630853684977372       -2.2910916650337101     
  0.65353934279976389       -2.3374439206921260     
  0.68077014874975406       -2.3836890243258027     
  0.70800095469974422       -2.4297986686084836     
  0.73523176064973439       -2.4757419180848843     
  0.76246256659972456       -2.5214842305195098     
  0.78969337254971472       -2.5669862401604138     
  0.81692417849970489       -2.6122021930982302     
  0.84415498444969506       -2.6570778791980203     
  0.87138579039968522       -2.7015478342869104     
  0.89861659634967539       -2.7455314764773298     
  0.92584740229966556       -2.7889276694892775     
  0.95307820824965572       -2.8316069390497653     
  0.98030901419964589       -2.8734001549660091     
   1.0075398201496359       -2.9140818665159034     
   1.0347706260996261       -2.9533455964540130     
   1.0620014320496163       -2.9907673715967258     
   1.0892322379996064       -3.0257533443806706     
   1.1164630439495966       -3.0574702586044484     
   1.1436938498995868       -3.0847714494241236     
   1.1709246558495769       -3.1061698614145836     
   1.1981554617995671       -3.1199760867596726     
   1.2253862677495573       -3.1247802824541706     
   0.0000000000000000       -1.3528557859735828     
   2.7254518240826059E-002  -1.3588417735162630     
   5.4509036481652118E-002  -1.3757927579830764     
   8.1763554722478177E-002  -1.4014174012009786     
  0.10901807296330424       -1.4332526549665929     
  0.13627259120413029       -1.4693667870881360     
  0.16352710944495635       -1.5084184212275504     
  0.19078162768578241       -1.5495142765252954     
  0.21803614592660847       -1.5920616648783334     
  0.24529066416743453       -1.6356618538696743     
  0.27254518240826059       -1.6800408055815039     
  0.29979970064908668       -1.7250055289958599     
  0.32705421888991271       -1.7704165893666008     
  0.35430873713073874       -1.8161705822951029     
  0.38156325537156482       -1.8621887629598310     
  0.40881777361239091       -1.9084095212235215     
  0.43607229185321694       -1.9547832967289007     
  0.46332681009404297       -2.0012690668557824     
  0.49058132833486906       -2.0478318634496446     
  0.51783584657569515       -2.0944409701737561     
  0.54509036481652118       -2.1410685727382321     
  0.57234488305734721       -2.1876887090918888     
  0.59959940129817335       -2.2342764134168993     
  0.62685391953899938       -2.2808069767277024     
  0.65410843777982541       -2.3272552640847670     
  0.68136295602065144       -2.3735950373420156     
  0.70861747426147748       -2.4197982347314611     
  0.73587199250230362       -2.4658341550175544     
  0.76312651074312965       -2.5116684839390553     
  0.79038102898395568       -2.5572620825715981     
  0.81763554722478182       -2.6025694279783083     
  0.84489006546560785       -2.6475365507687174     
  0.87214458370643388       -2.6920982433012530     
  0.89939910194725992       -2.7361742022236206     
  0.92665362018808595       -2.7796635975003312     
  0.95390813842891209       -2.8224372920736380     
  0.98116265666973812       -2.8643265201580217     
   1.0084171749105642       -2.9051062013425160     
   1.0356716931513903       -2.9444701727362679     
   1.0629262113922162       -2.9819945678186373     
   1.0901807296330424       -3.0170850969612539     
   1.1174352478738685       -3.0489068073243009     
   1.1446897661146944       -3.0763088068624622     
   1.1719442843555206       -3.0977955732841167     
   1.1991988025963467       -3.1116643886208166     
   1.2264533208371726       -3.1164915303375333     
   0.0000000000000000       -1.3387807123981621     
   2.7277715025277920E-002  -1.3448377528526589     
   5.4555430050555839E-002  -1.3619750302774578     
   8.1833145075833752E-002  -1.3878446566303926     
  0.10911086010111168       -1.4199384013967933     
  0.13638857512638961       -1.4563017784300829     
  0.16366629015166750       -1.4955852542536214     
  0.19094400517694543       -1.5368941920991464     
  0.21822172020222336       -1.5796371656756709     
  0.24549943522750128       -1.6234174863891166     
  0.27277715025277921       -1.6679632192494145     
  0.30005486527805714       -1.7130832831030003     
  0.32733258030333501       -1.7586398960761791     
  0.35461029532861293       -1.8045310564105974     
  0.38188801035389086       -1.8506792015570321     
  0.40916572537916879       -1.8970237175786566     
  0.43644344040444671       -1.9435158861591466     
  0.46372115542972464       -1.9901154000596872     
  0.49099887045500257       -2.0367879027761351     
  0.51827658548028044       -2.0835032047440372     
  0.54555430050555842       -2.1302339490125881     
  0.57283201553083629       -2.1769545741201948     
  0.60010973055611427       -2.2236404685796591     
  0.62738744558139214       -2.2702672402506736     
  0.65466516060667002       -2.3168100410082144     
  0.68194287563194800       -2.3632428959561054     
  0.70922059065722587       -2.4095379887710400     
  0.73649830568250385       -2.4556648511555599     
  0.76377602070778172       -2.5015893943383460     
  0.79105373573305970       -2.5472727024592072     
  0.81833145075833758       -2.5926694783861470     
  0.84560916578361556       -2.6377259867315361     
  0.87288688080889343       -2.6823772678512920     
  0.90016459583417130       -2.7265432863547234     
  0.92744231085944928       -2.7701235055951519     
  0.95472002588472715       -2.8129891104638505     
  0.98199774091000513       -2.8549716821132631     
   1.0092754559352830       -2.8958464918398077     
   1.0365531709605609       -2.9353076743742772     
   1.0638308859858390       -2.9729314621548877     
   1.0911086010111168       -3.0081231402415187     
   1.1183863160363947       -3.0400461303774642     
   1.1456640310616726       -3.0675454882779780     
   1.1729417460869505       -3.0891175586127724     
   1.2002194611122285       -3.1030468044022976     
   1.2274971761375064       -3.1078961036685748     
   0.0000000000000000       -1.3243973512964970     
   2.7300591160156203E-002  -1.3305277738653802     
   5.4601182320312407E-002  -1.3478570517012356     
   8.1901773480468607E-002  -1.3739783145460396     
  0.10920236464062481       -1.4063366783101063     
  0.13650295580078101       -1.4429544651301875     
  0.16380354696093721       -1.4824739953998760     
  0.19110413812109342       -1.5239994068923672     
  0.21840472928124963       -1.5669406739107801     
  0.24570532044140583       -1.6109032711918880     
  0.27300591160156201       -1.6556174639991985     
  0.30030650276171822       -1.7008941592008668     
  0.32760709392187443       -1.7465972905158944     
  0.35490768508203063       -1.7926263093373285     
  0.38220827624218684       -1.8389048762432032     
  0.40950886740234305       -1.8853734066764907     
  0.43680945856249925       -1.9319840513920272     
  0.46411004972265546       -1.9786972405966969     
  0.49141064088281167       -2.0254792474550709     
  0.51871123204296787       -2.0723004238667722     
  0.54601182320312402       -2.1191338821489216     
  0.57331241436328029       -2.1659544710368617     
  0.60061300552343644       -2.2127379410037995     
  0.62791359668359270       -2.2594602226730829     
  0.65521418784374885       -2.3060967591416621     
  0.68251477900390511       -2.3526218418049769     
  0.70981537016406127       -2.3990079015570602     
  0.73711596132421753       -2.4452247035936416     
  0.76441655248437368       -2.4912383839806180     
  0.79171714364452994       -2.5370102480262715     
  0.81901773480468609       -2.5824952211892409     
  0.84631832596484236       -2.6276397974291497     
  0.87361891712499851       -2.6723792588394275     
  0.90091950828515466       -2.7166338299312534     
  0.92822009944531092       -2.7603032573943338     
  0.95552069060546707       -2.8032590359100862     
  0.98282128176562333       -2.8453330794607581     
   1.0101218729257795       -2.8863009958199930     
   1.0374224640859357       -2.9258572033648980     
   1.0647230552460920       -2.9635780264378937     
   1.0920236464062480       -2.9988683368686155     
   1.1193242375664043       -3.0308899858523892     
   1.1466248287265606       -3.0584841129311480     
   1.1739254198867168       -3.0801391888068692     
   1.2012260110468729       -3.0941272355591218     
   1.2285266022070291       -3.0989980974969655     
   0.0000000000000000       -1.3096648338340620     
   2.7323333974990004E-002  -1.3158716008939260     
   5.4646667949980007E-002  -1.3334001994783438     
   8.1970001924970004E-002  -1.3597817844290203     
  0.10929333589996001       -1.3924129597145516     
  0.13661666987495003       -1.4292922563232433     
  0.16394000384994001       -1.4690538178257786     
  0.19126333782493002       -1.5108006921847403     
  0.21858667179992003       -1.5539444128085229     
  0.24591000577491004       -1.5980927592164775     
  0.27323333974990005       -1.6429783142768821     
  0.30055667372489003       -1.6884140681035382     
  0.32788000769988002       -1.7342657468988616     
  0.35520334167487005       -1.7804343173745385     
  0.38252667564986004       -1.8268447136777182     
  0.40985000962485008       -1.8734384217233773     
  0.43717334359984006       -1.9201684949413338     
  0.46449667757483004       -1.9669961285515085     
  0.49182001154982008       -2.0138882480530809     
  0.51914334552481012       -2.0608157654655010     
  0.54646667949980010       -2.1077522777186490     
  0.57379001347479008       -2.1546730563306022     
  0.60111334744978007       -2.2015542239952239     
  0.62843668142477005       -2.2483720423734543     
  0.65576001539976003       -2.2951022523345030     
  0.68308334937475013       -2.3417194165910278     
  0.71040668334974011       -2.3881962168994120     
  0.73773001732473009       -2.4345026543091697     
  0.76505335129972007       -2.4806050908502453     
  0.79237668527471006       -2.5264650529033128     
  0.81970001924970015       -2.5720376871640793     
  0.84702335322469013       -2.6172697142551886     
  0.87434668719968012       -2.6620966538794342     
  0.90167002117467010       -2.7064389847348278     
  0.92899335514966008       -2.7501967293955496     
  0.95631668912465018       -2.7932416830547604     
  0.98364002309964016       -2.8354060815274096     
   1.0109633570746301       -2.8764658569756412     
   1.0382866910496202       -2.9161157000446369     
   1.0656100250246101       -2.9539320206375366     
   1.0929333589996002       -2.9893192853127828     
   1.1202566929745901       -3.0214378147300307     
   1.1475800269495802       -3.0491249324853649     
   1.1749033609245703       -3.0708614246270125     
   1.2022266948995601       -3.0849071435499855     
   1.2295500288745502       -3.0897991564152751     
   0.0000000000000000       -1.2945396071093040     
   2.7346126415057084E-002  -1.3008263753449616     
   5.4692252830114169E-002  -1.3185633709347682     
   8.2038379245171253E-002  -1.3452161505208564     
  0.10938450566022834       -1.3781305260146186     
  0.13673063207528541       -1.4152804709471694     
  0.16407675849034251       -1.4552918839820337     
  0.19142288490539960       -1.4972668694257110     
  0.21876901132045667       -1.5406187023453006     
  0.24611513773551374       -1.5849576336518245     
  0.27346126415057082       -1.6300187035585667     
  0.30080739056562794       -1.6756170994758020     
  0.32815351698068501       -1.7216204324735811     
  0.35549964339574208       -1.7679312594220375     
  0.38284576981079921       -1.8144758488521131     
  0.41019189622585628       -1.8611968067729654     
  0.43753802264091335       -1.9080481299536698     
  0.46488414905597042       -1.9549918120843002     
  0.49223027547102749       -2.0019954586213125     
  0.51957640188608456       -2.0490305645689197     
  0.54692252830114163       -2.0960712304270279     
  0.57426865471619881       -2.1430931662151607     
  0.60161478113125588       -2.1900728798581737     
  0.62896090754631295       -2.2369869747749060     
  0.65630703396137002       -2.2838114983654512     
  0.68365316037642709       -2.3305212917118974     
  0.71099928679148416       -2.3770892929722400     
  0.73834541320654123       -2.4234857432176384     
  0.76569153962159842       -2.4696772333330683     
  0.79303766603665549       -2.5156255124361744     
  0.82038379245171256       -2.5612859489104327     
  0.84772991886676963       -2.6066054892489436     
  0.87507604528182670       -2.6515198886633802     
  0.90242217169688377       -2.6959498765363641     
  0.92976829811194084       -2.7397957463198268     
  0.95711442452699791       -2.7829295871357158     
  0.98446055094205498       -2.8251839485476484     
   1.0118066773571122       -2.8663350779604624     
   1.0391528037721691       -2.9060779293741259     
   1.0664989301872263       -2.9439889926547198     
   1.0938450566022833       -2.9794723333495385     
   1.1211911830173404       -3.0116867679170429     
   1.1485373094323976       -3.0394658708032050     
   1.1758834358474546       -3.0612828668574874     
   1.2032295622625118       -3.0753856079882440     
   1.2305756886775687       -3.0802985354047903     
   0.0000000000000000       -1.2789746079378448     
   2.7369150300726834E-002  -1.2853458086171705     
   5.4738300601453668E-002  -1.3033022226891813     
   8.2107450902180495E-002  -1.3302394649682014     
  0.10947660120290734       -1.3634498083236792     
  0.13684575150363418       -1.4008817275645065     
  0.16421490180436099       -1.4411527752942550     
  0.19158405210508783       -1.4833642748880926     
  0.21895320240581467       -1.5269314548194814     
  0.24632235270654151       -1.5714672331105177     
  0.27369150300726836       -1.6167092724241585     
  0.30106065330799520       -1.6624750925907743     
  0.32842980360872198       -1.7086342991433232     
  0.35579895390944882       -1.7550911279504737     
  0.38316810421017566       -1.8017732541525868     
  0.41053725451090251       -1.8486244628254975     
  0.43790640481162935       -1.8955997424551441     
  0.46527555511235619       -1.9426619250729984     
  0.49264470541308303       -1.9897793290936590     
  0.52001385571380987       -2.0369240599225966     
  0.54738300601453671       -2.0840707444746176     
  0.57475215631526355       -2.1311955503458995     
  0.60212130661599039       -2.1782753866326252     
  0.62949045691671723       -2.2252872118211560     
  0.65685960721744396       -2.2722073909213885     
  0.68422875751817080       -2.3190110525481669     
  0.71159790781889765       -2.3656713987558562     
  0.73896705811962449       -2.4121589166507382     
  0.76633620842035133       -2.4584404306445715     
  0.79370535872107817       -2.5044779160161874     
  0.82107450902180501       -2.5502269650670684     
  0.84844365932253185       -2.5956347512147637     
  0.87581280962325869       -2.6406372650406706     
  0.90318195992398553       -2.6851554852327504     
  0.93055111022471237       -2.7290899734404599     
  0.95792026052543922       -2.7723131086909705     
  0.98528941082616606       -2.8146577489674667     
   1.0126585611268928       -2.8559004505644339     
   1.0400277114276197       -2.8957364242752215     
   1.0673968617283465       -2.9337422350977329     
   1.0947660120290734       -2.9693215484488293     
   1.1221351623298002       -3.0016316901313047     
   1.1495043126305271       -3.0295025206018531     
   1.1768734629312538       -3.0513997639186612     
   1.2042426132319808       -3.0655593418582789     
   1.2316117635327075       -3.0704931178077568     
   0.0000000000000000       -1.2788175097212244     
   2.7369380943739773E-002  -1.2851895747872133     
   5.4738761887479545E-002  -1.3031482324136543     
   8.2108142831219311E-002  -1.3300883776670007     
  0.10947752377495909       -1.3633017357212125     
  0.13684690471869887       -1.4007365225788280     
  0.16421628566243862       -1.4410102072730404     
  0.19158566660617840       -1.4832241063064373     
  0.21895504754991818       -1.5267934687460054     
  0.24632442849365796       -1.5713312402186750     
  0.27369380943739774       -1.6165751103780281     
  0.30106319038113749       -1.6623426229955933     
  0.32843257132487724       -1.7085034040434761     
  0.35580195226861705       -1.7549617065771492     
  0.38317133321235680       -1.8016452201234794     
  0.41054071415609661       -1.8484977418084878     
  0.43791009509983636       -1.8954742702471596     
  0.46527947604357611       -1.9425376460276202     
  0.49264885698731592       -1.9896561948365346     
  0.52001823793105573       -2.0368020283011701     
  0.54738761887479548       -2.0839497786975714     
  0.57475699981853523       -2.1310756182781976     
  0.60212638076227498       -2.1781564602174655     
  0.62949576170601473       -2.2251692666072351     
  0.65686514264975449       -2.2720904056783846     
  0.68423452359349435       -2.3188950089573259     
  0.71160390453723410       -2.3655562811660720     
  0.73897328548097385       -2.4120447118931647     
  0.76634266642471360       -2.4583271279012333     
  0.79371204736845336       -2.5043655067404638     
  0.82108142831219322       -2.5501154429552355     
  0.84845080925593297       -2.5955241122305539     
  0.87582019019967272       -2.6405275074927994     
  0.90318957114341247       -2.6850466099086230     
  0.93055895208715222       -2.7289819837873033     
  0.95792833303089209       -2.7722060110263325     
  0.98529771397463184       -2.8145515526566194     
   1.0126670949183716       -2.8557951680202063     
   1.0400364758621115       -2.8956320704380145     
   1.0674058568058511       -2.9336388256331070     
   1.0947752377495910       -2.9692190950385622     
   1.1221446186933306       -3.0015301896661617     
   1.1495139996370705       -3.0294019331277955     
   1.1768833805808103       -3.0512999750171059     
   1.2042527615245500       -3.0654601185463548     
   1.2316221424682898       -3.0703941019721848     
