   0.0000000000000000        2.8999023917439617     
   2.2633138214953327E-002   2.8987575250053155     
   4.5266276429906653E-002   2.8953449943459115     
   6.7899414644859976E-002   2.8896949927225042     
   9.0532552859813306E-002   2.8818617170859877     
  0.11316569107476664        2.8719179924468099     
  0.13579882928971995        2.8599528190996000     
  0.15843196750467328        2.8460684617936147     
  0.18106510571962661        2.8303774502722572     
  0.20369824393457994        2.8129996755736721     
  0.22633138214953327        2.7940597338585689     
  0.24896452036448660        2.7736846206769763     
  0.27159765857943990        2.7520018305267033     
  0.29423079679439323        2.7291378757746978     
  0.31686393500934656        2.7052172082382069     
  0.33949707322429989        2.6803615064750757     
  0.36213021143925322        2.6546892808813300     
  0.38476334965420655        2.6283157450633583     
  0.40739648786915988        2.6013529034243152     
  0.43002962608411321        2.5739098094736650     
  0.45266276429906654        2.5460929554583225     
  0.47529590251401987        2.5180067603274474     
  0.49792904072897320        2.4897541289932801     
  0.52056217894392653        2.4614370608418952     
  0.54319531715887981        2.4331572891849547     
  0.56582845537383319        2.4050169356591553     
  0.58846159358878647        2.3771191643789829     
  0.61109473180373985        2.3495688198616960     
  0.63372787001869313        2.3224730303181857     
  0.65636100823364651        2.2959417538263116     
  0.67899414644859979        2.2700882392041861     
  0.70162728466355317        2.2450293662766967     
  0.72426042287850645        2.2208858220802088     
  0.74689356109345972        2.1977820611723553     
  0.76952669930841311        2.1758459908939622     
  0.79215983752336638        2.1552083180675603     
  0.81479297573831977        2.1360014947598143     
  0.83742611395327304        2.1183582103598613     
  0.86005925216822643        2.1024093982797236     
  0.88269239038317970        2.0882817601641790     
  0.90532552859813309        2.0760948585979038     
  0.92795866681308636        2.0659578879336196     
  0.95059180502803975        2.0579662940214440     
  0.97322494324299302        2.0521984568203631     
  0.99585808145794641        2.0487128649507245     
   1.0184912196728997        2.0475423192923250     
   0.0000000000000000        2.9428121517144632     
   2.3045562104224870E-002   2.9414355916265640     
   4.6091124208449741E-002   2.9373403518998984     
   6.9136686312674611E-002   2.9305842265584063     
   9.2182248416899482E-002   2.9212659826903327     
  0.11522781052112435        2.9095144328891083     
  0.13827337262534922        2.8954811134124214     
  0.16131893472957409        2.8793325539944767     
  0.18436449683379896        2.8612431272910381     
  0.20741005893802383        2.8413889911306716     
  0.23045562104224870        2.8199433676463395     
  0.25350118314647357        2.7970731774225528     
  0.27654674525069844        2.7729368963466716     
  0.29959230735492332        2.7476834260389493     
  0.32263786945914819        2.7214517484431018     
  0.34568343156337306        2.6943711508158259     
  0.36872899366759793        2.6665618411846124     
  0.39177455577182280        2.6381358137372946     
  0.41482011787604767        2.6091978611452546     
  0.43786567998027254        2.5798466629123422     
  0.46091124208449741        2.5501759044238006     
  0.48395680418872228        2.5202754007252470     
  0.50700236629294715        2.4902322131162133     
  0.53004792839717196        2.4601317563938840     
  0.55309349050139689        2.4300589009841151     
  0.57613905260562182        2.4000990779137736     
  0.59918461470984663        2.3703393960374228     
  0.62223017681407145        2.3408697802438918     
  0.64527573891829637        2.3117841363423128     
  0.66832130102252130        2.2831815424561142     
  0.69136686312674611        2.2551674571884708     
  0.71441242523097093        2.2278549204386300     
  0.73745798733519585        2.2013657021838546     
  0.76050354943942078        2.1758313265192837     
  0.78354911154364559        2.1513938620084456     
  0.80659467364787041        2.1282063256617878     
  0.82964023575209533        2.1064325001421578     
  0.85268579785632026        2.0862459201702128     
  0.87573135996054507        2.0678277589196727     
  0.89877692206476989        2.0513633595417797     
  0.92182248416899482        2.0370372360647275     
  0.94486804627321974        2.0250265339254501     
  0.96791360837744456        2.0154931980811162     
  0.99095917048166937        2.0085754100264626     
   1.0140047325858943        2.0043794072310366     
   1.0370502946901192        2.0029676445077387     
   0.0000000000000000        2.9815491576320197     
   2.3442945720834683E-002   2.9799376773382531     
   4.6885891441669367E-002   2.9751532527946329     
   7.0328837162504043E-002   2.9672900285572954     
   9.3771782883338733E-002   2.9565033359131072     
  0.11721472860417342        2.9429899256020389     
  0.14065767432500809        2.9269730328387222     
  0.16410062004584278        2.9086880932776080     
  0.18754356576667747        2.8883709517569791     
  0.21098651148751216        2.8662492129967769     
  0.23442945720834685        2.8425366685956743     
  0.25787240292918151        2.8174303173541553     
  0.28131534865001617        2.7911093427182019     
  0.30475829437085089        2.7637354326085002     
  0.32820124009168555        2.7354539336793664     
  0.35164418581252027        2.7063954621202950     
  0.37508713153335493        2.6766777125824754     
  0.39853007725418960        2.6464073023399908     
  0.42197302297502431        2.6156815577458530     
  0.44541596869585898        2.5845901981136494     
  0.46885891441669370        2.5532169035164975     
  0.49230186013752836        2.5216407725640337     
  0.51574480585836302        2.4899376879251514     
  0.53918775157919774        2.4581816141009374     
  0.56263069730003235        2.4264458557103810     
  0.58607364302086706        2.3948043065833056     
  0.60951658874170178        2.3633327209695243     
  0.63295953446253650        2.3321100383994811     
  0.65640248018337111        2.3012197929709615     
  0.67984542590420582        2.2707516353890256     
  0.70328837162504054        2.2408029906525382     
  0.72673131734587515        2.2114808637160945     
  0.75017426306670987        2.1829037865660461     
  0.77361720878754459        2.1552038683886114     
  0.79706015450837919        2.1285288600241730     
  0.82050310022921391        2.1030440680346376     
  0.84394604595004863        2.0789338469285044     
  0.86738899167088324        2.0564022601057390     
  0.89083193739171795        2.0356723434602717     
  0.91427488311255267        2.0169832666333685     
  0.93771782883338739        2.0005846363201076     
  0.96116077455422200        1.9867273305642832     
  0.98460372027505672        1.9756507059006383     
   1.0080466659958913        1.9675668331416247     
   1.0314896117167260        1.9626438062794649     
   1.0549325574375608        1.9609840358773782     
   0.0000000000000000        3.0161757544240260     
   2.3816546347194302E-002   3.0143303132031267     
   4.7633092694388604E-002   3.0088626575419299     
   7.1449639041582913E-002   2.9999116614539409     
   9.5266185388777208E-002   2.9876998607889935     
  0.11908273173597150        2.9725011358264921     
  0.14289927808316583        2.9546156256193159     
  0.16671582443036012        2.9343479548308884     
  0.19053237077755442        2.9119913103270654     
  0.21434891712474871        2.8878175547997729     
  0.23816546347194301        2.8620723744804604     
  0.26198200981913733        2.8349740511081007     
  0.28579855616633165        2.8067145307525383     
  0.30961510251352592        2.7774617556881709     
  0.33343164886072024        2.7473625488667786     
  0.35724819520791451        2.7165456108842774     
  0.38106474155510883        2.6851243852635611     
  0.40488128790230316        2.6531996769485788     
  0.42869783424949742        2.6208619876742070     
  0.45251438059669175        2.5881935765321660     
  0.47633092694388601        2.5552702772582516     
  0.50014747329108034        2.5221631143593468     
  0.52396401963827466        2.4889397639684065     
  0.54778056598546898        2.4556659058295569     
  0.57159711233266330        2.4224065122182257     
  0.59541365867985752        2.3892271190993775     
  0.61923020502705184        2.3561951250582678     
  0.64304675137424616        2.3233811647353981     
  0.66686329772144048        2.2908606055511256     
  0.69067984406863481        2.2587152189107194     
  0.71449639041582902        2.2270350787137847     
  0.73831293676302334        2.1959207387709898     
  0.76212948311021766        2.1654857329622876     
  0.78594602945741199        2.1358594215049838     
  0.80976257580460631        2.1071901637153387     
  0.83357912215180052        2.0796487175284604     
  0.85739566849899485        2.0534316291312069     
  0.88121221484618917        2.0287641602843465     
  0.90502876119338349        2.0059019915853851     
  0.92884530754057781        1.9851305524103107     
  0.95266185388777203        1.9667604476244378     
  0.97647840023496635        1.9511172827148446     
   1.0002949465821607        1.9385245695318514     
   1.0241114929293549        1.9292797075862078     
   1.0479280392765493        1.9236257690402403     
   1.0717445856237435        1.9217154348653329     
   0.0000000000000000        3.0468633195505972     
   2.4162314589378123E-002   3.0447882832770041     
   4.8324629178756247E-002   3.0386533028170080     
   7.2486943768134374E-002   3.0286495134771929     
   9.6649258357512494E-002   3.0150753314118206     
  0.12081157294689061        2.9982878628214817     
  0.14497388753626875        2.9786657192055839     
  0.16913620212564687        2.9565797446027240     
  0.19329851671502499        2.9323742443568461     
  0.21746083130440311        2.9063575511431963     
  0.24162314589378123        2.8787993551124647     
  0.26578546048315937        2.8499322025744034     
  0.28994777507253749        2.8199551498987758     
  0.31411008966191561        2.7890382422464919     
  0.33827240425129373        2.7573270438502564     
  0.36243471884067185        2.7249468292443138     
  0.38659703343004997        2.6920062793647062     
  0.41075934801942809        2.6586006569725145     
  0.43492166260880621        2.6248145011786379     
  0.45908397719818433        2.5907239085448466     
  0.48324629178756245        2.5563984759437135     
  0.50740860637694063        2.5219029785373110     
  0.53157092096631875        2.4872988507902920     
  0.55573323555569687        2.4526455325074132     
  0.57989555014507499        2.4180017371101581     
  0.60405786473445311        2.3834266965278057     
  0.62822017932383123        2.3489814365553925     
  0.65238249391320935        2.3147301384924637     
  0.67654480850258747        2.2807416473470599     
  0.70070712309196559        2.2470911937018698     
  0.72486943768134371        2.2138624049317954     
  0.74903175227072183        2.1811496904697520     
  0.77319406686009995        2.1490610923015900     
  0.79735638144947807        2.1177216899949718     
  0.82151869603885619        2.0872776284375596     
  0.84568101062823431        2.0579007769008095     
  0.86984332521761243        2.0297938986199888     
  0.89400563980699055        2.0031959640673422     
  0.91816795439636867        1.9783868200922301     
  0.94233026898574679        1.9556897843073862     
  0.96649258357512491        1.9354698984096146     
  0.99065489816450303        1.9181247785045490     
   1.0148172127538813        1.9040648291253466     
   1.0389795273432594        1.8936810251117828     
   1.0631418419326375        1.8873027899296684     
   1.0873041565220156        1.8851428760964986     
   0.0000000000000000        3.0738438248533795     
   2.4478985607152736E-002   3.0715462754648581     
   4.8957971214305472E-002   3.0647676309290532     
   7.3436956821458205E-002   3.0537576127244646     
   9.7915942428610944E-002   3.0388969148505192     
  0.12239492803576368        3.0206289560864099     
  0.14687391364291641        2.9994094384558823     
  0.17135289925006916        2.9756703790676764     
  0.19583188485722189        2.9498001949147148     
  0.22031087046437461        2.9221363558651570     
  0.24478985607152737        2.8929660011977503     
  0.26926884167868009        2.8625306992292985     
  0.29374782728583282        2.8310328034423615     
  0.31822681289298554        2.7986419576847061     
  0.34270579850013833        2.7655010509776674     
  0.36718478410729105        2.7317313637854164     
  0.39166376971444378        2.6974368790984586     
  0.41614275532159650        2.6627078376898452     
  0.44062174092874923        2.6276236548678868     
  0.46510072653590201        2.5922553205484316     
  0.48957971214305473        2.5566673946290415     
  0.51405869775020741        2.5209196954047299     
  0.53853768335736019        2.4850687648664156     
  0.56301666896451297        2.4491691832855240     
  0.58749565457166564        2.4132747972921762     
  0.61197464017881842        2.3774399209548647     
  0.63645362578597109        2.3417205682270530     
  0.66093261139312387        2.3061757776244063     
  0.68541159700027665        2.2708690962882021     
  0.70989058260742932        2.2358703008694238     
  0.73436956821458210        2.2012574470330009     
  0.75884855382173477        2.1671193574571888     
  0.78332753942888755        2.1335586784459117     
  0.80780652503604033        2.1006956534843009     
  0.83228551064319301        2.0686727687504005     
  0.85676449625034579        2.0376604011648611     
  0.88124348185749846        2.0078635066869004     
  0.90572246746465124        1.9795291596552684     
  0.93020145307180402        1.9529542898844825     
  0.95468043867895669        1.9284921302958036     
  0.97915942428610947        1.9065545859739415     
   1.0036384098932623        1.8876060979393574     
   1.0281173955004148        1.8721433193408730     
   1.0525963811075676        1.8606557782046864     
   1.0770753667147204        1.8535683927406577     
   1.1015543523218732        1.8511628176168480     
   0.0000000000000000        3.0973792866834584     
   2.4766919177215106E-002   3.0948683948936102     
   4.9533838354430211E-002   3.0874755323874186     
   7.4300757531645320E-002   3.0755139087148673     
   9.9067676708860422E-002   3.0594505578671618     
  0.12383459588607552        3.0398156494484341     
  0.14860151506329064        3.0171384483752481     
  0.17336843424050574        2.9919060269494353     
  0.19813535341772084        2.9645439922021333     
  0.22290227259493595        2.9354125706173342     
  0.24766919177215105        2.9048111987151133     
  0.27243611094936615        2.8729867159191937     
  0.29720303012658128        2.8401423024211589     
  0.32196994930379635        2.8064457722601484     
  0.34673686848101148        2.7720366985840923     
  0.37150378765822656        2.7370322927227524     
  0.39627070683544169        2.7015321545355935     
  0.42103762601265682        2.6656220770385182     
  0.44580454518987189        2.6293770928131490     
  0.47057146436708702        2.5928639297660929     
  0.49533838354430210        2.5561430172827047     
  0.52010530272151723        2.5192701585929989     
  0.54487222189873230        2.4822979642547085     
  0.56963914107594738        2.4452771258416131     
  0.59440606025316256        2.4082575981212320     
  0.61917297943037763        2.3712897519063900     
  0.64393989860759271        2.3344255581467115     
  0.66870681778480789        2.2977198666774488     
  0.69347373696202297        2.2612318506273930     
  0.71824065613923804        2.2250267003248365     
  0.74300757531645312        2.1891776693443559     
  0.76777449449366830        2.1537686007580876     
  0.79254141367088338        2.1188970937228793     
  0.81730833284809845        2.0846785073301737     
  0.84207525202531364        2.0512510335779646     
  0.86684217120252871        2.0187820876208811     
  0.89160909037974378        1.9874762238577866     
  0.91637600955695886        1.9575846156866894     
  0.94114292873417404        1.9294156969362204     
  0.96590984791138912        1.9033456338581591     
  0.99067676708860419        1.8798256087697829     
   1.0154436862658194        1.8593803480623494     
   1.0402106054430345        1.8425895502341052     
   1.0649775246202495        1.8300432672984834     
   1.0897444437974646        1.8222686134265196     
   1.1145113629746797        1.8196236728457755     
   0.0000000000000000        3.1177423081539160     
   2.5027393850789417E-002   3.1150287682709190     
   5.0054787701578833E-002   3.1070551787865814     
   7.5082181552368246E-002   3.0942016367916709     
  0.10010957540315767        3.0770233813235288     
  0.12513696925394707        3.0561356238104009     
  0.15016436310473649        3.0321362795253726     
  0.17519175695552591        3.0055610330992337     
  0.20021915080631533        2.9768663353546327     
  0.22524654465710475        2.9464298842699441     
  0.25027393850789414        2.9145595092714864     
  0.27530133235868359        2.8815047211324005     
  0.30032872620947298        2.8474679881633795     
  0.32535612006026243        2.8126145452932758     
  0.35038351391105182        2.7770804525301500     
  0.37541090776184127        2.7409790227793329     
  0.40043830161263066        2.7044058783629925     
  0.42546569546342006        2.6674429134092206     
  0.45049308931420950        2.6301614093851367     
  0.47552048316499890        2.5926245081758026     
  0.50054787701578829        2.5548892059373243     
  0.52557527086657774        2.5170079966009951     
  0.55060266471736719        2.4790302674222913     
  0.57563005856815663        2.4410035298110988     
  0.60065745241894597        2.4029745559368583     
  0.62568484626973542        2.3649904844843013     
  0.65071224012052487        2.3270999569545219     
  0.67573963397131420        2.2893543489807859     
  0.70076702782210365        2.2518091695984075     
  0.72579442167289310        2.2145257160712486     
  0.75082181552368255        2.1775730939709570     
  0.77584920937447188        2.1410307433097406     
  0.80087660322526133        2.1049916532007638     
  0.82590399707605078        2.0695665002517520     
  0.85093139092684011        2.0348890067236769     
  0.87595878477762956        2.0011228713649349     
  0.90098617862841901        1.9684706461140671     
  0.92601357247920846        1.9371848395877613     
  0.95104096632999779        1.9075811649141767     
  0.97606836018078724        1.8800529214722135     
   1.0010957540315766        1.8550835551814946     
   1.0261231478823660        1.8332510443249803     
   1.0511505417331555        1.8152131964852722     
   1.0761779355839449        1.8016600133226635     
   1.1012053294347344        1.7932250782648222     
   1.1262327232855238        1.7903489316218861     
   0.0000000000000000        3.1352037056920730     
   2.5262175672390013E-002   3.1322992361376243     
   5.0524351344780026E-002   3.1237809509293712     
   7.5786527017170036E-002   3.1100977661745293     
  0.10104870268956005        3.0918930599342089     
  0.12631087836195007        3.0698637647581895     
  0.15157305403434007        3.0446707824158432     
  0.17683522970673010        3.0168921360359882     
  0.20209740537912010        2.9870095691083947     
  0.22735958105151011        2.9554140135908780     
  0.25262175672390014        2.9224188082438149     
  0.27788393239629017        2.8882743823834014     
  0.30314610806868014        2.8531815810982879     
  0.32840828374107017        2.8173027296695778     
  0.35367045941346020        2.7807704231712185     
  0.37893263508585018        2.7436943589965859     
  0.40419481075824021        2.7061666024309159     
  0.42945698643063024        2.6682656441316710     
  0.45471916210302021        2.6300595460603353     
  0.47998133777541024        2.5916084092397611     
  0.50524351344780027        2.5529663431997016     
  0.53050568912019025        2.5141830752784466     
  0.55576786479258034        2.4753053071400588     
  0.58103004046497031        2.4363779041990066     
  0.60629221613736028        2.3974449894901522     
  0.63155439180975037        2.3585510056620356     
  0.65681656748214035        2.3197418065227620     
  0.68207874315453032        2.2810658427710804     
  0.70734091882692041        2.2425755156103726     
  0.73260309449931038        2.2043287878806694     
  0.75786527017170036        2.1663911668287237     
  0.78312744584409044        2.1288382080372270     
  0.80838962151648042        2.0917587392723416     
  0.83365179718887039        2.0552590688888817     
  0.85891397286126048        2.0194685267143382     
  0.88417614853365045        1.9845467796575711     
  0.90943832420604043        1.9506934444265644     
  0.93470049987843051        1.9181605159412904     
  0.95996267555082049        1.8872678772389002     
  0.98522485122321046        1.8584213095918778     
   1.0104870268956005        1.8321303592511973     
   1.0357492025679906        1.8090193181724017     
   1.0610113782403805        1.7898181529574475     
   1.0862735539127706        1.7753142399740642     
   1.1115357295851607        1.7662496589828436     
   1.1367979052575505        1.7631518600159031     
   0.0000000000000000        3.1500247724552031     
   2.5473254163295343E-002   3.1469416850201171     
   5.0946508326590687E-002   3.1379160090624776     
   7.6419762489886023E-002   3.1234660621449657     
  0.10189301665318137        3.1043216965554108     
  0.12736627081647672        3.0812571344907180     
  0.15283952497977205        3.0549903299978958     
  0.17831277914306740        3.0261358288567952     
  0.20378603330636275        2.9951959610202414     
  0.22925928746965810        2.9625715698791844     
  0.25473254163295345        2.9285794159372887     
  0.28020579579624877        2.8934696993914457     
  0.30567904995954409        2.8574411442694871     
  0.33115230412283947        2.8206530880222584     
  0.35662555828613479        2.7832348383166576     
  0.38209881244943017        2.7452928009763009     
  0.40757206661272549        2.7069158852012190     
  0.43304532077602081        2.6681796139802971     
  0.45851857493931619        2.6291492761492212     
  0.48399182910261151        2.5898823759767295     
  0.50946508326590689        2.5504305725116865     
  0.53493833742920216        2.5108412533932913     
  0.56041159159249754        2.4711588537003748     
  0.58588484575579292        2.4314260068817624     
  0.61135809991908818        2.3916845996221316     
  0.63683135408238356        2.3519767941109886     
  0.66230460824567894        2.3123460787267986     
  0.68777786240897432        2.2728384114212159     
  0.71325111657226958        2.2335035295412813     
  0.73872437073556496        2.1943965166419237     
  0.76419762489886034        2.1555797430408212     
  0.78967087906215561        2.1171253354763522     
  0.81514413322545098        2.0791183863355500     
  0.84061738738874636        2.0416611894094587     
  0.86609064155204163        2.0048788913151565     
  0.89156389571533701        1.9689270751394903     
  0.91703714987863238        1.9340019291236392     
  0.94251040404192765        1.9003537394581225     
  0.96798365820522303        1.8683043224232219     
  0.99345691236851841        1.8382683028268334     
   1.0189301665318138        1.8107760928889380     
   1.0444034206951092        1.7864918139193797     
   1.0698766748584043        1.7662111946393373     
   1.0953499290216997        1.7508149527703567     
   1.1208231831849951        1.7411537329589386     
   1.1462964373482905        1.7378448088568652     
   0.0000000000000000        3.1624526285642283     
   2.5662681363159561E-002   3.1592034670617570     
   5.1325362726319122E-002   3.1497079441076234     
   7.6988044089478680E-002   3.1345531855587820     
  0.10265072545263824        3.1145526045932166     
  0.12831340681579781        3.0905526001842447     
  0.15397608817895736        3.0633223110269099     
  0.17963876954211694        3.0335075883048663     
  0.20530145090527649        3.0016274423965381     
  0.23096413226843604        2.9680900638533365     
  0.25662681363159562        2.9332141496535642     
  0.28228949499475520        2.8972489471471645     
  0.30795217635791472        2.8603908292370539     
  0.33361485772107430        2.8227962148911301     
  0.35927753908423388        2.7845913636923934     
  0.38494022044739340        2.7458797176982603     
  0.41060290181055298        2.7067473973363843     
  0.43626558317371256        2.6672673367927429     
  0.46192826453687208        2.6275024273736958     
  0.48759094590003166        2.5875079421340281     
  0.51325362726319124        2.5473334431501935     
  0.53891630862635076        2.5070243207019978     
  0.56457898998951039        2.4666230769518900     
  0.59024167135266992        2.4261704417926175     
  0.61590435271582944        2.3857063925989581     
  0.64156703407898907        2.3452711408476525     
  0.66722971544214860        2.3049061459602411     
  0.69289239680530812        2.2646552200223580     
  0.71855507816846775        2.2245657967325174     
  0.74421775953162728        2.1846904553378819     
  0.76988044089478680        2.1450888177385403     
  0.79554312225794643        2.1058299779214287     
  0.82120580362110596        2.0669956825139497     
  0.84686848498426548        2.0286845662003312     
  0.87253116634742511        1.9910178635807170     
  0.89819384771058464        1.9541471749697645     
  0.92385652907374416        1.9182650506172771     
  0.94951921043690379        1.8836193305391347     
  0.97518189180006332        1.8505321889453752     
   1.0008445731632230        1.8194242998449188     
   1.0265072545263825        1.7908426000591562     
   1.0521699358895420        1.7654851956320354     
   1.0778326172527015        1.7442071456315875     
   1.1034952986158610        1.7279775052026776     
   1.1291579799790208        1.7177539338934082     
   1.1548206613421803        1.7142450156840503     
   0.0000000000000000        3.1727176451777632     
   2.5832475104365774E-002   3.1693148914419949     
   5.1664950208731547E-002   3.1593864859192342     
   7.7497425313097321E-002   3.1435867951742220     
  0.10332990041746309        3.1228089659254783     
  0.12916237552182885        3.0979661241466228     
  0.15499485062619464        3.0698730092728348     
  0.18082732573056043        3.0392022018518219     
  0.20665980083492619        3.0064861974915118     
  0.23249227593929195        2.9721385776715676     
  0.25832475104365771        2.9364789373655711     
  0.28415722614802352        2.8997551398646202     
  0.30998970125238928        2.8621611468852346     
  0.33582217635675504        2.8238506103160153     
  0.36165465146112086        2.7849470039287372     
  0.38748712656548662        2.7455511189968260     
  0.41331960166985238        2.7057466166432973     
  0.43915207677421814        2.6656041699521631     
  0.46498455187858390        2.6251845899603854     
  0.49081702698294971        2.5845412222576929     
  0.51664950208731542        2.5437218223355922     
  0.54248197719168123        2.5027700620878202     
  0.56831445229604705        2.4617267812527435     
  0.59414692740041275        2.4206310716328798     
  0.61997940250477857        2.3795212654499931     
  0.64581187760914438        2.3384358901457363     
  0.67164435271351008        2.2974146492079326     
  0.69747682781787590        2.2564994919020731     
  0.72330930292224171        2.2157358446307667     
  0.74914177802660742        2.1751740944450622     
  0.77497425313097323        2.1348714435085254     
  0.80080672823533894        2.0948942960548997     
  0.82663920333970475        2.0553214024722917     
  0.85247167844407057        2.0162480768231910     
  0.87830415354843627        1.9777919347966808     
  0.90413662865280209        1.9401007792273921     
  0.92996910375716779        1.9033634920951572     
  0.95580157886153361        1.8678250447833280     
  0.98163405396589942        1.8338068846182289     
   1.0074665290702651        1.8017336193003335     
   1.0332990041746308        1.7721651694466165     
   1.0591314792789968        1.7458284888345990     
   1.0849639543833625        1.7236317766986997     
   1.1107964294877282        1.7066268594815970     
   1.1366289045920941        1.6958755938470453     
   1.1624613796964598        1.6921780993290965     
   0.0000000000000000        3.1810322639679445     
   2.5984562705873644E-002   3.1774881067668570     
   5.1969125411747287E-002   3.1671625815106688     
   7.7953688117620934E-002   3.1507749609964724     
  0.10393825082349457        3.1292936826343563     
  0.12992281352936821        3.1036930739612121     
  0.15590737623524187        3.0748283004612871     
  0.18189193894111549        3.0433947205353657     
  0.20787650164698915        3.0099357268473033     
  0.23386106435286280        2.9748688126919216     
  0.25984562705873643        2.9385137592993744     
  0.28583018976461005        2.9011168137259133     
  0.31181475247048374        2.8628695714669878     
  0.33779931517635736        2.8239231101961257     
  0.36378387788223099        2.7843983811363553     
  0.38976844058810467        2.7443938143029452     
  0.41575300329397830        2.7039909035833207     
  0.44173756599985192        2.6632583439190607     
  0.46772212870572560        2.6222551352202439     
  0.49370669141159923        2.5810329501287028     
  0.51969125411747286        2.5396379787588983     
  0.54567581682334654        2.4981124049553505     
  0.57166037952922011        2.4564956285016328     
  0.59764494223509379        2.4148253209919366     
  0.62362950494096747        2.3731383862019855     
  0.64961406764684104        2.3314718865480826     
  0.67559863035271472        2.2898639943978409     
  0.70158319305858841        2.2483550302782569     
  0.72756775576446198        2.2069886599477204     
  0.75355231847033566        2.1658133403499686     
  0.77953688117620934        2.1248841333452031     
  0.80552144388208291        2.0842650501403694     
  0.83150600658795659        2.0440321550967044     
  0.85749056929383027        2.0042777546015520     
  0.88347513199970384        1.9651161378893911     
  0.90945969470557753        1.9266915372665512     
  0.93544425741145121        1.8891892460282147     
  0.96142882011732478        1.8528511579075664     
  0.98741338282319846        1.8179972666321889     
   1.0133979455290720        1.7850545312714687     
   1.0393825082349457        1.7545930028651378     
   1.0653670709408194        1.7273640477387520     
   1.0913516336466931        1.7043232254671228     
   1.1173361963525668        1.6865993281124694     
   1.1433207590584402        1.6753546566893962     
   1.1693053217643139        1.6714800252212254     
   0.0000000000000000        3.1875907492324509     
   2.6120750258631146E-002   3.1839169099232656     
   5.2241500517262292E-002   3.1732283750006798     
   7.8362250775893441E-002   3.1563064205638804     
  0.10448300103452458        3.1341899691240207     
  0.13060375129315574        3.1079091363399991     
  0.15672450155178688        3.0783548081373766     
  0.18284525181041802        3.0462417450077770     
  0.20896600206904917        3.0121221536800094     
  0.23508675232768031        2.9764163290445547     
  0.26120750258631148        2.9394437631666923     
  0.28732825284494262        2.9014489880116519     
  0.31344900310357376        2.8626213399689373     
  0.33956975336220491        2.8231095318996733     
  0.36569050362083605        2.7830322447323734     
  0.39181125387946719        2.7424858100810141     
  0.41793200413809833        2.7015498117752799     
  0.44405275439672948        2.6602912109234782     
  0.47017350465536062        2.6187674255854363     
  0.49629425491399176        2.5770286702323579     
  0.52241500517262296        2.5351197717974836     
  0.54853575543125410        2.4930816182799296     
  0.57465650568988524        2.4509523546115894     
  0.60077725594851639        2.4087684131937377     
  0.62689800620714753        2.3665654493498578     
  0.65301875646577867        2.3243792425444565     
  0.67913950672440981        2.2822466213179813     
  0.70526025698304096        2.2402064731400801     
  0.73138100724167210        2.1983009103361324     
  0.75750175750030324        2.1565766814448573     
  0.78362250775893438        2.1150869466507904     
  0.80974325801756553        2.0738935809106658     
  0.83586400827619667        2.0330702361907393     
  0.86198475853482781        1.9927064954794511     
  0.88810550879345895        1.9529136010417172     
  0.91422625905209010        1.9138324571308476     
  0.94034700931072124        1.8756449120114660     
  0.96646775956935238        1.8385897147320158     
  0.99258850982798352        1.8029849367676425     
   1.0187092600866148        1.7692587181253423     
   1.0448300103452459        1.7379889606540093     
   1.0709507606038771        1.7099476623745231     
   1.0970715108625082        1.6861324627010352     
   1.1231922611211393        1.6677433161372206     
   1.1493130113797705        1.6560385779597564     
   1.1754337616384016        1.6519980546377808     
   0.0000000000000000        3.1925695529031271     
   2.6242708135275968E-002   3.1887771606321467     
   5.2485416270551935E-002   3.1777577670825945     
   7.8728124405827909E-002   3.1603513596816537     
  0.10497083254110387        3.1376623824269836     
  0.13121354067637983        3.1107715645978864     
  0.15745624881165582        3.0806012916164045     
  0.18369895694693178        3.0478828629350461     
  0.20994166508220774        3.0131756295936145     
  0.23618437321748370        2.9769018601399120     
  0.26242708135275966        2.9393804512958099     
  0.28866978948803562        2.9008542085769955     
  0.31491249762331164        2.8615103504394712     
  0.34115520575858760        2.8214954358254145     
  0.36739791389386356        2.7809261104944993     
  0.39364062202913952        2.7398968435206945     
  0.41988333016441548        2.6984855342444511     
  0.44612603829969144        2.6567576210251036     
  0.47236874643496740        2.6147691361219789     
  0.49861145457024336        2.5725690181460119     
  0.52485416270551932        2.5302009016003533     
  0.55109687084079528        2.4877045403883673     
  0.57733957897607124        2.4451169800258725     
  0.60358228711134720        2.4024735655609954     
  0.62982499524662328        2.3598088548297058     
  0.65606770338189924        2.3171574971729321     
  0.68231041151717520        2.2745551347787321     
  0.70855311965245116        2.2320393870294906     
  0.73479582778772712        2.1896509881851842     
  0.76103853592300308        2.1474351670208192     
  0.78728124405827904        2.1054433865921292     
  0.81352395219355500        2.0637356079747384     
  0.83976666032883096        2.0223833111889866     
  0.86600936846410692        1.9814736111533768     
  0.89225207659938288        1.9411149633638862     
  0.91849478473465884        1.9014451862021988     
  0.94473749286993480        1.8626428605746599     
  0.97098020100521076        1.8249436158970365     
  0.99722290914048672        1.7886633164054326     
   1.0234656172757628        1.7542304268871007     
   1.0497083254110386        1.7222288900276161     
   1.0759510335463147        1.6934481414145908     
   1.1021937416815906        1.6689231524418102     
   1.1284364498168666        1.6499194117654121     
   1.1546791579521425        1.6377865557066991     
   1.1809218660874186        1.6335910210677498     
   0.0000000000000000        3.1961280697636001     
   2.6351966730198840E-002   3.1922275786210763     
   5.2703933460397680E-002   3.1809073313705980     
   7.9055900190596523E-002   3.1630625007997701     
  0.10540786692079536        3.1398580898998403     
  0.13175983365099420        3.1124205853745668     
  0.15811180038119305        3.0817001233779400     
  0.18446376711139187        3.0484421252405758     
  0.21081573384159072        3.0132117506792202     
  0.23716770057178957        2.9764326283489169     
  0.26351966730198839        2.9384228734441384     
  0.28987163403218724        2.8994236094345918     
  0.31622360076238609        2.8596200938354883     
  0.34257556749258494        2.8191569352394112     
  0.36892753422278374        2.7781489595668236     
  0.39527950095298259        2.7366889833791617     
  0.42163146768318144        2.6948534189122544     
  0.44798343441338029        2.6527063643394224     
  0.47433540114357914        2.6103026342994795     
  0.50068736787377799        2.5676900470409243     
  0.52703933460397678        2.5249111896926291     
  0.55339130133417569        2.4820048191005033     
  0.57974326806437448        2.4390070128366350     
  0.60609523479457328        2.3959521569246234     
  0.63244720152477218        2.3528738392955888     
  0.65879916825497098        2.3098057084070782     
  0.68515113498516989        2.2667823534426996     
  0.71150310171536868        2.2238402656867731     
  0.73785506844556747        2.1810189505980331     
  0.76420703517576638        2.1383622784251943     
  0.79055900190596518        2.0959201909405256     
  0.81691096863616408        2.0537509280410329     
  0.84326293536636288        2.0119240085445278     
  0.86961490209656167        1.9705243068517770     
  0.89596686882676058        1.9296577298064934     
  0.92231883555695937        1.8894592424781198     
  0.94867080228715828        1.8501043505418613     
  0.97502276901735707        1.8118256462759277     
   1.0013747357475560        1.7749366306021219     
   1.0277267024777548        1.7398654743497994     
   1.0540786692079536        1.7072007302259582     
   1.0804306359381524        1.6777465898177479     
   1.1067826026683514        1.6525711380406478     
   1.1331345693985502        1.6330000599136807     
   1.1594865361287490        1.6204693252764488     
   1.1858385028589478        1.6161291657145147     
   0.0000000000000000        3.1984096272510438     
   2.6449918554133693E-002   3.1944107679303322     
   5.2899837108267386E-002   3.1828174338880588     
   7.9349755662401072E-002   3.1645763521480714     
  0.10579967421653477        3.1409082419873497     
  0.13224959277066847        3.1129808532673802     
  0.15869951132480214        3.0817687674292218     
  0.18514942987893585        3.0480294927259530     
  0.21159934843306955        3.0123329299887711     
  0.23804926698720325        2.9751036163261251     
  0.26449918554133695        2.9366587833282871     
  0.29094910409547065        2.8972379507379022     
  0.31739902264960429        2.8570245762863613     
  0.34384894120373799        2.8161615095672956     
  0.37029885975787169        2.7747619515431965     
  0.39674877831200539        2.7329172523203384     
  0.42319869686613909        2.6907025095183319     
  0.44964861542027279        2.6481806391834297     
  0.47609853397440649        2.6054053829998698     
  0.50254845252854019        2.5624235719987496     
  0.52899837108267389        2.5192768697433978     
  0.55544828963680759        2.4760031527399757     
  0.58189820819094129        2.4326376424486393     
  0.60834812674507499        2.3892138749587231     
  0.63479804529920858        2.3457645767481927     
  0.66124796385334228        2.3023225053057548     
  0.68769788240747598        2.2589213103354644     
  0.71414780096160968        2.2155964743968131     
  0.74059771951574338        2.1723864017289745     
  0.76704763806987708        2.1293337423238885     
  0.79349755662401078        2.0864870681530645     
  0.81994747517814448        2.0439030649871746     
  0.84639739373227818        2.0016494747654798     
  0.87284731228641188        1.9598091329963330     
  0.89929723084054558        1.9184856131436294     
  0.92574714939467928        1.8778112446553223     
  0.95219706794881298        1.8379586519758349     
  0.97864698650294668        1.7991575062681155     
   1.0050969050570804        1.7617188779579309     
   1.0315468236112140        1.7260702029570658     
   1.0579967421653478        1.6928035162468109     
   1.0844466607194814        1.6627355236355177     
   1.1108965792736152        1.6369637089039792     
   1.1373464978277488        1.6168689775589584     
   1.1637964163818826        1.6039686767561312     
   1.1902463349360162        1.5994936903479804     
   0.0000000000000000        3.1995426012732935     
   2.6537824158116733E-002   3.1954543602790380     
   5.3075648316233466E-002   3.1836134501761730     
   7.9613472474350203E-002   3.1650145191325141     
  0.10615129663246693        3.1409293641541121     
  0.13268912079058368        3.1125628837268353     
  0.15922694494870041        3.0809112052164007     
  0.18576476910681713        3.0467422128114299     
  0.21230259326493386        3.0106296949150466     
  0.23884041742305059        2.9729987671284164     
  0.26537824158116735        2.9341657334614411     
  0.29191606573928408        2.8943686072546480     
  0.31845388989740081        2.8537892044928062     
  0.34499171405551754        2.8125687924778204     
  0.37152953821363427        2.7708191221332159     
  0.39806736237175100        2.7286302413428434     
  0.42460518652986773        2.6860760837142599     
  0.45114301068798446        2.6432185201470113     
  0.47768083484610119        2.6001103440852233     
  0.50421865900421792        2.5567975137002517     
  0.53075648316233470        2.5133208750543350     
  0.55729430732045138        2.4697175241306897     
  0.58383213147856816        2.4260219218138355     
  0.61036995563668484        2.3822668474027466     
  0.63690777979480162        2.3384842585129095     
  0.66344560395291829        2.2947061155343094     
  0.68998342811103508        2.2509652257164636     
  0.71652125226915175        2.2072961650415714     
  0.74305907642726854        2.1637363458960159     
  0.76959690058538521        2.1203273168453736     
  0.79613472474350200        2.0771164107101865     
  0.82267254890161867        2.0341589039317234     
  0.84921037305973546        1.9915209224661790     
  0.87574819721785224        1.9492834407360751     
  0.90228602137596892        1.9075478916507445     
  0.92882384553408570        1.8664441691793556     
  0.95536166969220238        1.8261422044746474     
  0.98189949385031916        1.7868688807308470     
   1.0084373180084358        1.7489328305040499     
   1.0349751421665525        1.7127604457757870     
   1.0615129663246694        1.6789463565043614     
   1.0880507904827861        1.6483179135689261     
   1.1145886146409028        1.6219987508318412     
   1.1411264387990194        1.6014204186753380     
   1.1676642629571363        1.5881768036492434     
   1.1942020871152530        1.5835761359589844     
   0.0000000000000000        3.1996415828549045     
   2.6616820235306253E-002   3.1954722030315708     
   5.3233640470612506E-002   3.1834070084978907     
   7.9850460705918752E-002   3.1644850131177171     
  0.10646728094122501        3.1400247136078883     
  0.13308410117653127        3.1112644221543007     
  0.15970092141183750        3.0792192784078183     
  0.18631774164714376        3.0446661042970575     
  0.21293456188245002        3.0081818926293642     
  0.23955138211775628        2.9701920986415957     
  0.26616820235306254        2.9310120941411020     
  0.29278502258836880        2.8908784923305246     
  0.31940184282367501        2.8499716179941981     
  0.34601866305898127        2.8084313173108795     
  0.37263548329428753        2.7663680472315479     
  0.39925230352959379        2.7238706980067766     
  0.42586912376490005        2.6810121706601597     
  0.45248594400020631        2.6378534097541069     
  0.47910276423551257        2.5944463681959746     
  0.50571958447081877        2.5508362297539540     
  0.53233640470612509        2.5070631141084125     
  0.55895322494143129        2.4631634223447256     
  0.58557004517673761        2.4191709366468843     
  0.61218686541204381        2.3751177593059443     
  0.63880368564735002        2.3310351583681790     
  0.66542050588265633        2.2869543775240393     
  0.69203732611796254        2.2429074647079807     
  0.71865414635326885        2.1989281769257789     
  0.74527096658857506        2.1550530286255754     
  0.77188778682388137        2.1113225691835629     
  0.79850460705918758        2.0677830049847459     
  0.82512142729449389        2.0244883285517279     
  0.85173824752980010        1.9815031899928788     
  0.87835506776510630        1.9389068587720293     
  0.90497188800041262        1.8967987986508790     
  0.93158870823571882        1.8553066496287141     
  0.95820552847102514        1.8145978266090887     
  0.98482234870633134        1.7748965639399223     
   1.0114391689416375        1.7365090876975853     
   1.0380559891769439        1.6998605338855595     
   1.0646728094122502        1.6655474298094179     
   1.0912896296475563        1.6344062152108578     
   1.1179064498828626        1.6075838476538680     
   1.1445232701181689        1.5865583615648466     
   1.1711400903534752        1.5729955570738690     
   1.1977569105887813        1.5682776616727305     
   0.0000000000000000        3.1988085442802183     
   2.6687928821408472E-002   3.1945655412702654     
   5.3375857642816944E-002   3.1822972116408010     
   8.0063786464225420E-002   3.1630835160678283     
  0.10675171528563389        3.1382855677874080     
  0.13343964410704237        3.1091717253585611     
  0.16012757292845084        3.0767739325898291     
  0.18681550174985931        3.0418767396938966     
  0.21350343057126778        3.0050597961655088     
  0.24019135939267625        2.9667487259561471     
  0.26687928821408474        2.9272579899650872     
  0.29356721703549321        2.8868229097700224     
  0.32025514585690168        2.8456224595623976     
  0.34694307467831015        2.8037952100716650     
  0.37363100349971862        2.7614504628992358     
  0.40031893232112709        2.7186760777107382     
  0.42700686114253555        2.6755440375920223     
  0.45369478996394402        2.6321144638811971     
  0.48038271878535249        2.5884385620857286     
  0.50707064760676102        2.5445608264861259     
  0.53375857642816948        2.5005207288210465     
  0.56044650524957795        2.4563540488896090     
  0.58713443407098642        2.4120939604975145     
  0.61382236289239489        2.3677719574103757     
  0.64051029171380336        2.3234186861443038     
  0.66719822053521183        2.2790647426708133     
  0.69388614935662030        2.2347414869513327     
  0.72057407817802877        2.1904819322204414     
  0.74726200699943723        2.1463217756816535     
  0.77394993582084570        2.1023006554857604     
  0.80063786464225417        2.0584637487631698     
  0.82732579346366264        2.0148638725746628     
  0.85401372228507111        1.9715643229075652     
  0.88070165110647958        1.9286428007668490     
  0.90738957992788805        1.8861969520943731     
  0.93407750874929651        1.8443523256937677     
  0.96076543757070498        1.8032739835765232     
  0.98745336639211345        1.7631836488673467     
   1.0141412952135220        1.7243851961594399     
   1.0408292240349304        1.6873023638210900     
   1.0675171528563390        1.6525330277639494     
   1.0942050816777473        1.6209214215920227     
   1.1208930104991559        1.5936353779542753     
   1.1475809393205643        1.5721956672894428     
   1.1742688681419728        1.5583356560499899     
   1.2009567969633812        1.5535082748571685     
   0.0000000000000000        3.1971339705296966     
   2.6752066893293808E-002   3.1928241606304724     
   5.3504133786587617E-002   3.1803718068288065     
   8.0256200679881429E-002   3.1608945757065547     
  0.10700826757317523        3.1357924259978907     
  0.13376033446646904        3.1063607434923646     
  0.16051240135976286        3.0736463553894344     
  0.18726446825305665        3.0384405221068462     
  0.21401653514635047        3.0013251097848404     
  0.24076860203964429        2.9627257906201567     
  0.26752066893293808        2.9229561522425680     
  0.29427273582623187        2.8822503310232781     
  0.32102480271952571        2.8407860800488853     
  0.34777686961281951        2.7987008253733987     
  0.37452893650611330        2.7561028359537181     
  0.40128100339940714        2.7130790523295434     
  0.42803307029270093        2.6697006396194989     
  0.45478513718599473        2.6260269854646690     
  0.48153720407928857        2.5821086285821471     
  0.50828927097258236        2.5379894470912503     
  0.53504133786587615        2.4937083324047054     
  0.56179340475916995        2.4493005064060975     
  0.58854547165246374        2.4047985950008277     
  0.61529753854575764        2.3602335422796648     
  0.64204960543905143        2.3156354316642647     
  0.66880167233234522        2.2710342706282876     
  0.69555373922563901        2.2264607923971060     
  0.72230580611893280        2.1819473309907447     
  0.74905787301222659        2.1375288356639692     
  0.77580993990552050        2.0932441089463425     
  0.80256200679881429        2.0491373823612804     
  0.82931407369210808        2.0052603910748577     
  0.85606614058540187        1.9616751823329273     
  0.88281820747869566        1.9184580074591708     
  0.90957027437198945        1.8757048272845529     
  0.93632234126528324        1.8335392439366929     
  0.96307440815857714        1.7921241147733469     
  0.98982647505187094        1.7516787828948905     
   1.0165785419451647        1.7125048391581319     
   1.0433306088384586        1.6750245329073581     
   1.0700826757317523        1.6398366562803837     
   1.0968347426250462        1.6077921588580233     
   1.1235868095183399        1.5800776343752743     
   1.1503388764116338        1.5582532411870635     
   1.1770909433049275        1.5441158878678940     
   1.2038430101982214        1.5391860469037142     
   0.0000000000000000        3.1946979341043824     
   2.6810055918277224E-002   3.1903274698118498     
   5.3620111836554449E-002   3.1777082852321019     
   8.0430167754831666E-002   3.1579927169881286     
  0.10724022367310890        3.1326161152014627     
  0.13405027959138613        3.1028981983480817     
  0.16086033550966333        3.0698990085229871     
  0.18767039142794056        3.0344156582781312     
  0.21448044734621780        2.9970318760229344     
  0.24129050326449503        2.9581732990220475     
  0.26810055918277226        2.9181526888553155     
  0.29491061510104949        2.8772030982973140     
  0.32172067101932666        2.8355011773302592     
  0.34853072693760390        2.7931833241119106     
  0.37534078285588113        2.7503568832662681     
  0.40215083877415836        2.7071079738601944     
  0.42896089469243559        2.6635070301799155     
  0.45577095061071282        2.6196127839096812     
  0.48258100652899005        2.5754751767791180     
  0.50939106244726728        2.5311375341043978     
  0.53620111836554452        2.4866382252978378     
  0.56301117428382175        2.4420119689149411     
  0.58982123020209898        2.3972908949954763     
  0.61663128612037621        2.3525054485385919     
  0.64344134203865333        2.3076852000536610     
  0.67025139795693056        2.2628596193349209     
  0.69706145387520779        2.2180588653891862     
  0.72387150979348502        2.1733146483661350     
  0.75068156571176226        2.1286612289743965     
  0.77749162163003949        2.0841366389542069     
  0.80430167754831672        2.0397842360153744     
  0.83111173346659395        1.9956547538650857     
  0.85792178938487118        1.9518090818361329     
  0.88473184530314841        1.9083221243596875     
  0.91154190122142564        1.8652882727115334     
  0.93835195713970287        1.8228293094171302     
  0.96516201305798011        1.7811060197400066     
  0.99197206897625734        1.7403354883836617     
   1.0187821248945346        1.7008170952289436     
   1.0455921808128117        1.6629715442754098     
   1.0724022367310890        1.6273982020342346     
   1.0992122926493662        1.5949538361410271     
   1.1260223485676435        1.5668419818784929     
   1.1528324044859206        1.5446592177930012     
   1.1796424604041980        1.5302623208522830     
   1.2064525163224751        1.5252363375387121     
   0.0000000000000000        3.1915711001065601     
   2.6862631076307892E-002   3.1871455103824098     
   5.3725262152615784E-002   3.1743749009396822     
   8.0587893228923679E-002   3.1544434632535823     
  0.10745052430523157        3.1288187973020065     
  0.13431315538153946        3.0988425588183408     
  0.16117578645784736        3.0655865569599321     
  0.18803841753415523        3.0298530321850858     
  0.21490104861046314        2.9922272890638753     
  0.24176367968677104        2.9531348741657624     
  0.26862631076307891        2.9128877750905438     
  0.29548894183938679        2.8717180562193092     
  0.32235157291569472        2.8298013710985375     
  0.34921420399200259        2.7872731938251420     
  0.37607683506831047        2.7442400400720208     
  0.40293946614461840        2.7007872928830934     
  0.42980209722092627        2.6569847316163533     
  0.45666472829723415        2.6128904994935320     
  0.48352735937354208        2.5685540017023740     
  0.51038999044984990        2.5240180655062368     
  0.53725262152615783        2.4793205886287706     
  0.56411525260246576        2.4344958333107898     
  0.59097788367877357        2.3895754784767735     
  0.61784051475508150        2.3445895134769028     
  0.64470314583138943        2.2995670389510949     
  0.67156577690769725        2.2545370305502836     
  0.69842840798400518        2.2095291180060666     
  0.72529103906031311        2.1645744349185292     
  0.75215367013662093        2.1197066042106183     
  0.77901630121292886        2.0749629422210436     
  0.80587893228923679        2.0303859941983902     
  0.83274156336554461        1.9860255611958524     
  0.85960419444185254        1.9419414524694310     
  0.88646682551816047        1.8982073139137770     
  0.91332945659446829        1.8549160670568130     
  0.94019208767077622        1.8121877854180073     
  0.96705471874708415        1.7701812990469032     
  0.99391734982339197        1.7291115443724299     
   1.0207799808996998        1.6892757626047104     
   1.0476426119760078        1.6510930796768641     
   1.0745052430523157        1.6151631646746774     
   1.1013678741286235        1.5823478542731526     
   1.1282305052049315        1.5538660637766679     
   1.1550931362812393        1.5313481813363636     
   1.1819557673575471        1.5167075435577078     
   1.2088183984338552        1.5115910422522518     
   0.0000000000000000        3.1878156546771139     
   2.6910449991589105E-002   3.1833398876301615     
   5.3820899983178211E-002   3.1704316050395676     
   8.0731349974767316E-002   3.1503042655098428     
  0.10764179996635642        3.1244548793346807     
  0.13455224995794551        3.0942449173487074     
  0.16146269994953463        3.0607567005369374     
  0.18837314994112375        3.0247969851479497     
  0.21528359993271284        2.9869524203343212     
  0.24219404992430194        2.9476484262161793     
  0.26910449991589103        2.9071962700785274     
  0.29601494990748017        2.8658271158707507     
  0.32292539989906927        2.8237157165059505     
  0.34983584989065836        2.7809967140174310     
  0.37674629988224750        2.7377758789449400     
  0.40365674987383660        2.6941379329858952     
  0.43056719986542569        2.6501520666390221     
  0.45747764985701478        2.6058758932318722     
  0.48438809984860387        2.5613583337297658     
  0.51129854984019296        2.5166417646306694     
  0.53820899983178205        2.4717636553379543     
  0.56511944982337126        2.4267578522272162     
  0.59202989981496035        2.3816556215390166     
  0.61894034980654944        2.3364865342146834     
  0.64585079979813853        2.2912792578545069     
  0.67276124978972762        2.2460623111515670     
  0.69967169978131671        2.2008648328848661     
  0.72658214977290581        2.1557174203938865     
  0.75349259976449501        2.1106531019798913     
  0.78040304975608410        2.0657085256385690     
  0.80731349974767319        2.0209254762645510     
  0.83422394973926228        1.9763528807086783     
  0.86113439973085137        1.9320495343465538     
  0.88804484972244047        1.8880878998370851     
  0.91495529971402956        1.8445595143270468     
  0.94186574970561865        1.8015828374716962     
  0.96877619969720774        1.7593148456401830     
  0.99568664968879694        1.7179684245031057     
   1.0225970996803859        1.6778387446088034     
   1.0495075496719750        1.6393433360505374     
   1.0764179996635641        1.6030819525312150     
   1.1033284496551534        1.5699208738199673     
   1.1302388996467425        1.5410930592200200     
   1.1571493496383316        1.5182604282789556     
   1.1840597996299207        1.5033899385376106     
   1.2109702496215098        1.4981878715079135     
   0.0000000000000000        3.1834861542293735     
   2.6954100886997980E-002   3.1789646204519393     
   5.3908201773995960E-002   3.1659308943556619     
   8.0862302660993937E-002   3.1456253415664528     
  0.10781640354799192        3.1195718304744151     
  0.13477050443498989        3.0891497729475503     
  0.16172460532198787        3.0554509144942457     
  0.18867870620898586        3.0192860091496532     
  0.21563280709598384        2.9812428627493675     
  0.24258690798298183        2.9417467476902628     
  0.26954100886997978        2.9011082640007970     
  0.29649510975697779        2.8595577555967941     
  0.32344921064397575        2.8172691603444742     
  0.35040331153097376        2.7743763694632420     
  0.37735741241797172        2.7309844818659617     
  0.40431151330496973        2.6871776230743234     
  0.43126561419196768        2.6430244521753097     
  0.45821971507896564        2.5985821033759291     
  0.48517381596596365        2.5538990586605763     
  0.51212791685296166        2.5090172845547212     
  0.53908201773995956        2.4639738594680747     
  0.56603611862695757        2.4188022486445879     
  0.59299021951395559        2.3735333385629231     
  0.61994432040095360        2.3281963135779296     
  0.64689842128795150        2.2828194396420214     
  0.67385252217494951        2.2374308101042688     
  0.70080662306194752        2.1920591052905811     
  0.72776072394894542        2.1467344203674310     
  0.75471482483594343        2.1014892254598800     
  0.78166892572294144        2.0563595398882715     
  0.80862302660993945        2.0113864320661454     
  0.83557712749693736        1.9666180038316909     
  0.86253122838393537        1.9221120924000494     
  0.88948532927093338        1.8779400406542306     
  0.91643943015793128        1.8341920734711763     
  0.94339353104492929        1.7909851173399409     
  0.97034763193192730        1.7484743816568837     
  0.99730173281892531        1.7068707856922904     
   1.0242558337059233        1.6664674903699344     
   1.0512099345929213        1.6276804205857673     
   1.0781640354799191        1.5911092376881044     
   1.1051181363669171        1.5576241402304878     
   1.1320722372539151        1.5284709923583613     
   1.1590263381409132        1.5053412743739032     
   1.1859804390279112        1.4902529946146894     
   1.2129345399149092        1.4849696661376584     
   0.0000000000000000        3.1786302958754140     
   2.6994110126102856E-002   3.1740669111371220     
   5.3988220252205711E-002   3.1609185769516470     
   8.0982330378308570E-002   3.1404504288097468     
  0.10797644050441142        3.1142109112116172     
  0.13497055063051427        3.0835957271853291     
  0.16196466075661714        3.0497051058647844     
  0.18895877088271998        3.0133533602817835     
  0.21595288100882284        2.9751293001648049     
  0.24294699113492571        2.9354580392691858     
  0.26994110126102855        2.8946495613755565     
  0.29693521138713141        2.8529334632187195     
  0.32392932151323428        2.8104829437220316     
  0.35092343163933715        2.7674312148395352     
  0.37791754176543996        2.7238827681866224     
  0.40491165189154282        2.6799211898914739     
  0.43190576201764569        2.6356146575077384     
  0.45889987214374856        2.5910198700752094     
  0.48589398226985142        2.5461849096528626     
  0.51288809239595423        2.5011513679147606     
  0.53988220252205710        2.4559559643240525     
  0.56687631264815996        2.4106318127262427     
  0.59387042277426283        2.3652094479317607     
  0.62086453290036570        2.3197176947732445     
  0.64785864302646856        2.2741844441594945     
  0.67485275315257143        2.2286373907915005     
  0.70184686327867429        2.1831047838877695     
  0.72884097340477705        2.1376162450254106     
  0.75583508353087991        2.0922037166177230     
  0.78282919365698278        2.0469026223775231     
  0.80982330378308565        2.0017533507313656     
  0.83681741390918851        1.9568032193592164     
  0.86381152403529138        1.9121091535586239     
  0.89080563416139424        1.8677414291085195     
  0.91779974428749711        1.8237890185349264     
  0.94479385441359998        1.7803673823640340     
  0.97178796453970284        1.7376300355079326     
  0.99878207466580571        1.6957860018356350     
   1.0257761847919085        1.6551264848631342     
   1.0527702949180113        1.6160657983913125     
   1.0797644050441142        1.5792033652061708     
   1.1067585151702171        1.5454128622031047     
   1.1337526252963199        1.5159520910766804     
   1.1607467354224228        1.4925404059275955     
   1.1877408455485257        1.4772446585546639     
   1.2147349556746285        1.4718837502352735     
   0.0000000000000000        3.1732896113885896     
   2.7030949141648115E-002   3.1686878377592720     
   5.4061898283296231E-002   3.1554344580971634     
   8.1092847424944353E-002   3.1348174555673141     
  0.10812379656659246        3.1084078207521717     
  0.13515474570824057        3.0776160999225164     
  0.16218569484988871        3.0435501926614767     
  0.18921664399153681        3.0070275990987523     
  0.21624759313318492        2.9686380083942794     
  0.24327854227483303        2.9288063720344661     
  0.27030949141648114        2.8878421056092831     
  0.29734044055812925        2.8459741242079510     
  0.32437138969977741        2.8033749552017304     
  0.35140233884142552        2.7601771941011601     
  0.37843328798307363        2.7164847813950348     
  0.40546423712472174        2.6723808131933948     
  0.43249518626636985        2.6279330287393585     
  0.45952613540801795        2.5831977298744913     
  0.48655708454966606        2.5382226323661112     
  0.51358803369131423        2.4930489831851212     
  0.54061898283296228        2.4477131702619155     
  0.56764993197461044        2.4022479813813202     
  0.59468088111625850        2.3566836235255040     
  0.62171183025790666        2.3110485848669540     
  0.64874277939955483        2.2653704036349342     
  0.67577372854120288        2.2196763982099550     
  0.70280467768285104        2.1739944094571086     
  0.72983562682449910        2.1283536090291788     
  0.75686657596614726        2.0827854367313630     
  0.78389752510779531        2.0373247478020682     
  0.81092847424944348        1.9920112805166150     
  0.83795942339109153        1.9468916017004345     
  0.86499037253273969        1.9020217623511588     
  0.89202132167438786        1.8574710139358788     
  0.91905227081603591        1.8133271252839727     
  0.94608321995768407        1.7697041455355071     
  0.97311416909933213        1.7267539540062649     
   1.0001451182409802        1.6846837368175800     
   1.0271760673826285        1.6437827821890667     
   1.0542070165242765        1.6044637866058191     
   1.0812379656659246        1.5673258106760946     
   1.1082689148075728        1.5332456383138608     
   1.1352998639492209        1.5034921916489536     
   1.1623308130908689        1.4798112729894703     
   1.1893617622325170        1.4643167248615079     
   1.2163927113741653        1.4588813206168836     
   0.0000000000000000        3.1675000882494042     
   2.7065040771596063E-002   3.1628629730110962     
   5.4130081543192127E-002   3.1495129512954332     
   8.1195122314788190E-002   3.1287591365797169     
  0.10826016308638425        3.1021932689049434     
  0.13532520385798030        3.0712394714215461     
  0.16239024462957638        3.0370126125488421     
  0.18945528540117246        3.0003330643057038     
  0.21652032617276851        2.9617912937801854     
  0.24358536694436456        2.9218120915867805     
  0.27065040771596061        2.8807043497031111     
  0.29771544848755671        2.8386963601551489     
  0.32478048925915276        2.7959600381962688     
  0.35184553003074881        2.7526274178854089     
  0.37891057080234491        2.7088019375047776     
  0.40597561157394096        2.6645662459747501     
  0.43304065234553701        2.6199876815869612     
  0.46010569311713306        2.5751221816877661     
  0.48717073388872911        2.5300171246183689     
  0.51423577466032522        2.4847134384172542     
  0.54130081543192121        2.4392472028119041     
  0.56836585620351732        2.3936509009803535     
  0.59543089697511342        2.3479544321488497     
  0.62249593774670942        2.3021859669578051     
  0.64956097851830552        2.2563727095414383     
  0.67662601928990163        2.2105416203806398     
  0.70369106006149762        2.1647201506208291     
  0.73075610083309372        2.1189370412275279     
  0.75782114160468983        2.0732232496595637     
  0.78488618237628582        2.0276130844364113     
  0.81195122314788193        1.9821456574636729     
  0.83901626391947792        1.9368668111246610     
  0.86608130469107403        1.8918317518267003     
  0.89314634546267013        1.8471087404086037     
  0.92021138623426613        1.8027843801941594     
  0.94727642700586223        1.7589713516486540     
  0.97434146777745823        1.7158199443681748     
   1.0014065085490544        1.6735355511527523     
   1.0284715493206504        1.6324055760307057     
   1.0555365900922464        1.5928410886955355     
   1.0826016308638424        1.5554406799669267     
   1.1096666716354386        1.5210839263014848     
   1.1367317124070346        1.4910501846083650     
   1.1637967531786306        1.4671105207999136     
   1.1908617939502268        1.4514242608050389     
   1.2179268347218228        1.4459168702388796     
   0.0000000000000000        3.1612927219836116     
   2.7096765037968467E-002   3.1566229339197371     
   5.4193530075936934E-002   3.1431836193754750     
   8.1290295113905398E-002   3.1223034982434954     
  0.10838706015187387        3.0955934786067534     
  0.13548382518984234        3.0644901571793852     
  0.16258059022781080        3.0301147672340463     
  0.18967735526577928        2.9932902857109402     
  0.21677412030374774        2.9546078748179752     
  0.24387088534171619        2.9144921690466559     
  0.27096765037968468        2.8732515776045933     
  0.29806441541765316        2.8311138215132581     
  0.32516118045562159        2.7882502561118008     
  0.35225794549359007        2.7447924019848555     
  0.37935471053155856        2.7008432376801030     
  0.40645147556952699        2.6564850019618076     
  0.43354824060749547        2.6117846643486713     
  0.46064500564546396        2.5667978257492896     
  0.48774177068343239        2.5215715517335044     
  0.51483853572140093        2.4761464733089507     
  0.54193530075936935        2.4305583817111742     
  0.56903206579733778        2.3848394735159175     
  0.59612883083530632        2.3390193569073903     
  0.62322559587327475        2.2931259007826745     
  0.65032236091124318        2.2471859903724485     
  0.67741912594921172        2.2012262431583762     
  0.70451589098718015        2.1552737354735223     
  0.73161265602514858        2.1093567928141059     
  0.75870942106311712        2.0635059061436185     
  0.78580618610108555        2.0177548541027770     
  0.81290295113905398        1.9721421404563091     
  0.83999971617702252        1.9267129032126737     
  0.86709648121499094        1.8815215265879162     
  0.89419324625295937        1.8366353060112739     
  0.92129001129092791        1.7921397076982211     
  0.94838677632889634        1.7481460749391768     
  0.97548354136686477        1.7048031409915707     
   1.0025803064048333        1.6623145366886720     
   1.0296770714428019        1.6209658013024657     
   1.0567738364807702        1.5811663626807337     
   1.0838706015187387        1.5435142448744421     
   1.1109673665567072        1.5088915489869683     
   1.1380641315946756        1.4785874964039711     
   1.1651608966326441        1.4543974548051266     
   1.1922576616706126        1.4385250625776516     
   1.2193544267085810        1.4329476416873965     
   0.0000000000000000        3.1546940042679088     
   2.7126464412463056E-002   3.1499938670896399     
   5.4252928824926112E-002   3.1364716507203103     
   8.1379393237389172E-002   3.1154743391482103     
  0.10850585764985222        3.0886306248958064     
  0.13563232206231529        3.0573886213397974     
  0.16275878647477834        3.0228754082651048     
  0.18988525088724140        2.9859163418000643     
  0.21701171529970445        2.9471032117701474     
  0.24413817971216750        2.9068605034200563     
  0.27126464412463058        2.8654961802133831     
  0.29839110853709361        2.8232374381665704     
  0.32551757294955669        2.7802551183564868     
  0.35264403736201971        2.7366802695870551     
  0.37977050177448279        2.6926154474054678     
  0.40689696618694582        2.6481425123121105     
  0.43402343059940890        2.6033280926438844     
  0.46114989501187198        2.5582274768130393     
  0.48827635942433500        2.5128874385406657     
  0.51540282383679803        2.4673483302671011     
  0.54252928824926117        2.4216456712239385     
  0.56965575266172419        2.3758113863052528     
  0.59678221707418722        2.3298748063542849     
  0.62390868148665024        2.2838635113045584     
  0.65103514589911338        2.2378040796045156     
  0.67816161031157640        2.1917227974379543     
  0.70528807472403943        2.1456463778325880     
  0.73241453913650256        2.0996027423508541     
  0.75954100354896559        2.0536219272561604     
  0.78666746796142861        2.0077371936136452     
  0.81379393237389164        1.9619864501317241     
  0.84092039678635477        1.9164141446129266     
  0.86804686119881780        1.8710738546543428     
  0.89517332561128082        1.8260319275514789     
  0.92229979002374396        1.7813727115642379     
  0.94942625443620698        1.7372062336251741     
  0.97655271884867001        1.6936796919652373     
   1.0036791832611331        1.6509949738664014     
   1.0308056476735961        1.6094357610712027     
   1.0579321120860592        1.5694098170491722     
   1.0850585764985223        1.5315145082680666     
   1.1121850409109852        1.4966342305115230     
   1.1393115053234484        1.4660676008673077     
   1.1664379697359115        1.4416335337509367     
   1.1935644341483744        1.4255791375030600     
   1.2206908985608376        1.4199331058164044     
   0.0000000000000000        3.1477263512868627     
   2.7154448618003899E-002   3.1429978740712414     
   5.4308897236007798E-002   3.1293982755228691     
   8.1463345854011701E-002   3.1082916310974218     
  0.10861779447201560        3.0813232156707757     
  0.13577224309001951        3.0499518339674703     
  0.16292669170802340        3.0153099692969487     
  0.19008114032602730        2.9782251666592829     
  0.21723558894403119        2.9392897886012372     
  0.24439003756203509        2.8989281792336756     
  0.27154448618003901        2.8574478895269011     
  0.29869893479804288        2.8150756308973861     
  0.32585338341604680        2.7719817698859051     
  0.35300783203405067        2.7282969195791260     
  0.38016228065205460        2.6841232441406420     
  0.40731672927005846        2.6395422531265824     
  0.43447117788806239        2.5946202572056354     
  0.46162562650606631        2.5494122525754044     
  0.48878007512407018        2.5039647387043122     
  0.51593452374207405        2.4583178048592083     
  0.54308897236007803        2.4125067118659271     
  0.57024342097808189        2.3665631250821710     
  0.59739786959608576        2.3205161089866562     
  0.62455231821408963        2.2743929645954295     
  0.65170676683209361        2.2282199728928713     
  0.67886121545009748        2.1820230975313795     
  0.70601566406810135        2.1358286966059432     
  0.73317011268610532        2.0896642958718612     
  0.76032456130410919        2.0435594849172700     
  0.78747900992211306        1.9975470153003685     
  0.81463345854011693        1.9516642089397924     
  0.84178790715812091        1.9059548320527984     
  0.86894235577612478        1.8604716647449129     
  0.89609680439412864        1.8152801159200911     
  0.92325125301213262        1.7704634262115952     
  0.95040570163013649        1.7261303167347264     
  0.97756015024814036        1.6824264602512735     
   1.0047145988661443        1.6395520060341648     
   1.0318690474841481        1.5977887728277471     
   1.0590234961021521        1.5575428280716466     
   1.0861779447201561        1.5194107922094902     
   1.1133323933381598        1.4842791562984539     
   1.1404868419561638        1.4534555540342686     
   1.1676412905741678        1.4287818846755114     
   1.1947957391921715        1.4125482063668473     
   1.2219501878101755        1.4068344596991691     
   0.0000000000000000        3.1404084765873619     
   2.7180999018365837E-002   3.1356533812040928     
   5.4361998036731675E-002   3.1219811266205477     
   8.1542997055097516E-002   3.1007718653366951     
  0.10872399607346335        3.0736864190014348     
  0.13590499509182918        3.0421935768376387     
  0.16308599411019503        3.0074308492306532     
  0.19026699312856085        2.9702278103232582     
  0.21744799214692670        2.9311773509372281     
  0.24462899116529255        2.8907036827565520     
  0.27180999018365837        2.8491139738514151     
  0.29899098920202422        2.8066344863010535     
  0.32617198822039006        2.7634351464775846     
  0.35335298723875591        2.7196461627615389     
  0.38053398625712170        2.6753693349775336     
  0.40771498527548755        2.6306858449751909     
  0.43489598429385340        2.5856617056294535     
  0.46207698331221925        2.5403516379341302     
  0.48925798233058510        2.4948018817222848     
  0.51643898134895094        2.4490522757192181     
  0.54361998036731674        2.4031378333348226     
  0.57080097938568264        2.3570899700172325     
  0.59798197840404843        2.3109374923718229     
  0.62516297742241422        2.2647074300355921     
  0.65234397644078013        2.2184257732614046     
  0.67952497545914592        2.1721181692145954     
  0.70670597447751182        2.1258106265082195     
  0.73388697349587761        2.0795302800236279     
  0.76106797251424341        2.0333062771500741     
  0.78824897153260931        1.9871708640072692     
  0.81542997055097510        1.9411607794180035     
  0.84261096956934101        1.8953191113521239     
  0.86979196858770680        1.8496978453877291     
  0.89697296760607259        1.8043614545416187     
  0.92415396662443849        1.7593920736261781     
  0.95133496564280429        1.7148971184787885     
  0.97851596466117019        1.6710207343801773     
   1.0056969636795361        1.6279613252298160     
   1.0328779626979019        1.5859988280909065     
   1.0600589617162677        1.5455375721135540     
   1.0872399607346335        1.5071733423201832     
   1.1144209597529993        1.4717945498280742     
   1.1416019587713653        1.4407175453753700     
   1.1687829577897311        1.4158068329365474     
   1.1959639568080969        1.3993952191012935     
   1.2231449558264627        1.3936141371628823     
   0.0000000000000000        3.1327557123419831     
   2.7206372649795970E-002   3.1279754578891481     
   5.4412745299591940E-002   3.1142345489876808     
   8.1619117949387907E-002   3.0929283481577468     
  0.10882549059918388        3.0657323411278337     
  0.13603186324897984        3.0341247017129467     
  0.16323823589877581        2.9992476499412901     
  0.19044460854857179        2.9619326559409958     
  0.21765098119836776        2.9227731030899746     
  0.24485735384816373        2.8821930794909916     
  0.27206372649795968        2.8404993964096774     
  0.29927009914775565        2.7979178971350396     
  0.32647647179755163        2.7546180973884842     
  0.35368284444734760        2.7107298273128810     
  0.38088921709714357        2.6663545453358091     
  0.40809558974693955        2.6215731251823695     
  0.43530196239673552        2.5764512985439731     
  0.46250833504653149        2.5310435252806176     
  0.48971470769632747        2.4853957975197756     
  0.51692108034612338        2.4395477135772525     
  0.54412745299591936        2.3935340480607015     
  0.57133382564571533        2.3473859738292226     
  0.59854019829551131        2.3011320458158120     
  0.62574657094530728        2.2547990274912890     
  0.65295294359510325        2.2084126226964078     
  0.68015931624489923        2.1619981655980465     
  0.70736568889469520        2.1155813180190060     
  0.73457206154449117        2.0691888258684248     
  0.76177843419428715        2.0228493954288655     
  0.78898480684408312        1.9765947676158815     
  0.81619117949387909        1.9304610974530825     
  0.84339755214367507        1.8844907928965711     
  0.87060392479347104        1.8387350419838848     
  0.89781029744326701        1.7932573772979374     
  0.92501667009306299        1.7481388212896791     
  0.95222304274285896        1.7034854751928041     
  0.97942941539265493        1.6594399432694138     
   1.0066357880424508        1.6161988636078812     
   1.0338421606922468        1.5740402590944071     
   1.0610485333420427        1.5333666662669223     
   1.0882549059918387        1.4947729413444804     
   1.1154612786416347        1.4591492588729498     
   1.1426676512914307        1.4278204578934042     
   1.1698740239412266        1.4026734396388472     
   1.1970803965910226        1.3860838761413170     
   1.2242867692408186        1.3802353242009255     
   0.0000000000000000        3.1247802824490307     
   2.7230805949911296E-002   3.1199760867580206     
   5.4461611899822591E-002   3.1061698614165731     
   8.1692417849733884E-002   3.0847714494212881     
  0.10892322379964518        3.0574702586045897     
  0.13615402974955648        3.0257533443794484     
  0.16338483569946777        2.9907673715960628     
  0.19061564164937908        2.9533455964532980     
  0.21784644759929037        2.9140818665154349     
  0.24507725354920165        2.8734001549655126     
  0.27230805949911296        2.8316069390493435     
  0.29953886544902425        2.7889276694891563     
  0.32676967139893554        2.7455314764772361     
  0.35400047734884682        2.7015478342869432     
  0.38123128329875816        2.6570778791981633     
  0.40846208924866945        2.6122021930985566     
  0.43569289519858073        2.5669862401608556     
  0.46292370114849202        2.5214842305200444     
  0.49015450709840330        2.4757419180855647     
  0.51738531304831459        2.4297986686092834     
  0.54461611899822593        2.3836890243267574     
  0.57184692494813716        2.3374439206932016     
  0.59907773089804850        2.2910916650349318     
  0.62630853684795984        2.2446587576856860     
  0.65353934279787107        2.1981706181116647     
  0.68077014874778241        2.1516522685370267     
  0.70800095469769364        2.1051290240432827     
  0.73523176064760498        2.0586272405488715     
  0.76246256659751632        2.0121751810448374     
  0.78969337254742755        1.9658040777482748     
  0.81692417849733889        1.9195494968822393     
  0.84415498444725012        1.8734531596179396     
  0.87138579039716146        1.8275654475504532     
  0.89861659634707280        1.7819489413077521     
  0.92584740229698403        1.7366835361391375     
  0.95307820824689538        1.6918739994772811     
  0.98030901419680661        1.6476613693857822     
   1.0075398201467178        1.6042404843009184     
   1.0347706260966292        1.5618874058870429     
   1.0620014320465405        1.5210028101767386     
   1.0892322379964519        1.4821805243322281     
   1.1164630439463632        1.4463123432137244     
   1.1436938498962743        1.4147314287714008     
   1.1709246558461857        1.3893470378772106     
   1.1981554617960970        1.3725781466632596     
   1.2253862677460083        1.3666614703925315     
   0.0000000000000000        3.1164915303315492     
   2.7254518240742188E-002   3.1116643886188875     
   5.4509036481484377E-002   3.0977955732862701     
   8.1763554722226572E-002   3.0763088068594850     
  0.10901807296296875        3.0489068073244252     
  0.13627259120371094        3.0170850969600318     
  0.16352710944445314        2.9819945678179298     
  0.19078162768519533        2.9444701727355023     
  0.21803614592593751        2.9051062013418356     
  0.24529066416667969        2.8643265201574453     
  0.27254518240742187        2.8224372920731451     
  0.29979970064816408        2.7796635975000519     
  0.32705421888890629        2.7361742022234612     
  0.35430873712964844        2.6920982433011904     
  0.38156325537039065        2.6475365507688746     
  0.40881777361113281        2.6025694279785307     
  0.43607229185187502        2.5572620825720924     
  0.46332681009261723        2.5116684839395913     
  0.49058132833335938        2.4658341550182903     
  0.51783584657410153        2.4197982347322888     
  0.54509036481484374        2.3735950373429802     
  0.57234488305558595        2.3272552640859132     
  0.59959940129632816        2.2808069767290036     
  0.62685391953707037        2.2342764134183457     
  0.65410843777781258        2.1876887090934822     
  0.68136295601855468        2.1410685727399801     
  0.70861747425929689        2.0944409701756492     
  0.73587199250003910        2.0478318634516759     
  0.76312651074078131        2.0012690668579549     
  0.79038102898152351        1.9547832967312855     
  0.81763554722226561        1.9084095212258800     
  0.84489006546300782        1.8621887629624967     
  0.87214458370375003        1.8161705822978274     
  0.89939910194449224        1.7704165893694579     
  0.92665362018523445        1.7250055289987678     
  0.95390813842597655        1.6800408055845812     
  0.98116265666671876        1.6356618538728034     
   1.0084171749074611        1.5920616648815318     
   1.0356716931482031        1.5495142765286618     
   1.0629262113889453        1.5084184212306857     
   1.0901807296296875        1.4693667870920475     
   1.1174352478704297        1.4332526549678875     
   1.1446897661111719        1.4014174012081879     
   1.1719442843519141        1.3757927579781728     
   1.1991988025926563        1.3588417735225422     
   1.2264533208333985        1.3528557859910011     
   0.0000000000000000        3.1078961036621373     
   2.7277715025191239E-002   3.1030468044003974     
   5.4555430050382478E-002   3.0891175586151811     
   8.1833145075573710E-002   3.0675454882750861     
  0.10911086010076496        3.0400461303776773     
  0.13638857512595620        3.0081231402404223     
  0.16366629015114742        2.9729314621544027     
  0.19094400517633867        2.9353076743736026     
  0.21822172020152991        2.8958464918391851     
  0.24549943522672116        2.8549716821128976     
  0.27277715025191240        2.8129891104634228     
  0.30005486527710362        2.7701235055950799     
  0.32733258030229484        2.7265432863545875     
  0.35461029532748611        2.6823772678513347     
  0.38188801035267733        2.6377259867317298     
  0.40916572537786861        2.5926694783864650     
  0.43644344040305982        2.5472727024596074     
  0.46372115542825104        2.5015893943389562     
  0.49099887045344232        2.4556648511563304     
  0.51827658547863353        2.4095379887719686     
  0.54555430050382481        2.3632428959571627     
  0.57283201552901597        2.3168100410094357     
  0.60010973055420724        2.2702672402520481     
  0.62738744557939852        2.2236404685811801     
  0.65466516060458968        2.1769545741218588     
  0.68194287562978095        2.1302339490143800     
  0.70922059065497223        2.0835032047460138     
  0.73649830568016350        2.0367879027782347     
  0.76377602070535466        1.9901154000619794     
  0.79105373573054594        1.9435158861615729     
  0.81833145075573721        1.8970237175810869     
  0.84560916578092837        1.8506792015597664     
  0.87288688080611965        1.8045310564134176     
  0.90016459583131092        1.7586398960791194     
  0.92744231085650208        1.7130832831060865     
  0.95472002588169336        1.6679632192525917     
  0.98199774090688463        1.6234174863924173     
   1.0092754559320758        1.5796371656790322     
   1.0365531709572671        1.5368941921025763     
   1.0638308859824583        1.4955852542567758     
   1.0911086010076496        1.4563017784340782     
   1.1183863160328409        1.4199384013980421     
   1.1456640310580319        1.3878446566377101     
   1.1729417460832232        1.3619750302720355     
   1.2002194611084145        1.3448377528593176     
   1.2274971761336058        1.3387807124168369     
   0.0000000000000000        3.0989980974903792     
   2.7300591160066601E-002   3.0941272355572091     
   5.4601182320133203E-002   3.0801391888092393     
   8.1901773480199808E-002   3.0584841129282472     
  0.10920236464026641        3.0308899858525895     
  0.13650295580033300        2.9988683368674183     
  0.16380354696039962        2.9635780264372436     
  0.19110413812046620        2.9258572033641634     
  0.21840472928053281        2.8863009958194832     
  0.24570532044059942        2.8453330794602723     
  0.27300591160066601        2.8032590359097704     
  0.30030650276073262        2.7603032573940118     
  0.32760709392079923        2.7166338299311237     
  0.35490768508086584        2.6723792588394630     
  0.38220827624093240        2.6276397974293801     
  0.40950886740099901        2.5824952211895589     
  0.43680945856106562        2.5370102480267422     
  0.46411004972113223        2.4912383839812264     
  0.49141064088119885        2.4452247035944534     
  0.51871123204126546        2.3990079015579613     
  0.54601182320133201        2.3526218418060418     
  0.57331241436139868        2.3060967591428980     
  0.60061300552146524        2.2594602226744835     
  0.62791359668153179        2.2127379410053449     
  0.65521418784159846        2.1659544710385621     
  0.68251477900166502        2.1191338821507721     
  0.70981537016173168        2.0723004238687741     
  0.73711596132179824        2.0254792474572265     
  0.76441655248186480        1.9786972405989831     
  0.79171714364193146        1.9319840513944395     
  0.81901773480199802        1.8853734066790107     
  0.84631832596206469        1.8389048762459792     
  0.87361891712213124        1.7926263093402146     
  0.90091950828219780        1.7465972905189440     
  0.92822009944226447        1.7008941592039410     
  0.95552069060233102        1.6556174640024535     
  0.98282128176239769        1.6109032711952578     
   1.0101218729224644        1.5669406739140612     
   1.0374224640825309        1.5239994068958183     
   1.0647230552425975        1.4824739954030259     
   1.0920236464026640        1.4429544651340991     
   1.1193242375627306        1.4063366783112512     
   1.1466248287227974        1.3739783145534863     
   1.1739254198828639        1.3478570516953159     
   1.2012260110429305        1.3305277738723094     
   1.2285266022029970        1.3243973513162148     
   0.0000000000000000        3.0897991564085157     
   2.7323333974897140E-002   3.0849071435478748     
   5.4646667949794281E-002   3.0708614246294319     
   8.1970001924691421E-002   3.0491249324822540     
  0.10929333589958856        3.0214378147302088     
  0.13661666987448570        2.9893192853114137     
  0.16394000384938284        2.9539320206367856     
  0.19126333782427998        2.9161157000437656     
  0.21858667179917712        2.8764658569749875     
  0.24591000577407426        2.8354060815268629     
  0.27323333974897140        2.7932416830543358     
  0.30055667372386852        2.7501967293952507     
  0.32788000769876569        2.7064389847345773     
  0.35520334167366285        2.6620966538795146     
  0.38252667564855997        2.6172697142554080     
  0.40985000962345708        2.5720376871643831     
  0.43717334359835425        2.5264650529038017     
  0.46449667757325142        2.4806050908508701     
  0.49182001154814853        2.4345026543099246     
  0.51914334552304564        2.3881962169003406     
  0.54646667949794281        2.3417194165921380     
  0.57379001347283998        2.2951022523357421     
  0.60111334744773703        2.2483720423748750     
  0.62843668142263420        2.2015542239968053     
  0.65576001539753137        2.1546730563323484     
  0.68308334937242854        2.1077522777205395     
  0.71040668334732571        2.0608157654675829     
  0.73773001732222276        2.0138882480553337     
  0.76505335129711993        1.9669961285538684     
  0.79237668527201710        1.9201684949439031     
  0.81970001924691416        1.8734384217260081     
  0.84702335322181133        1.8268447136804786     
  0.87434668719670849        1.7804343173774377     
  0.90167002117160566        1.7342657469018761     
  0.92899335514650283        1.6884140681067292     
  0.95631668912139989        1.6429783142802499     
  0.98364002309629706        1.5980927592198440     
   1.0109633570711942        1.5539444128119393     
   1.0382866910460913        1.5108006921882993     
   1.0656100250209886        1.4690538178289978     
   1.0929333589958856        1.4292922563272117     
   1.1202566929707827        1.3924129597155339     
   1.1475800269456800        1.3597817844366469     
   1.1749033609205770        1.3334001994719178     
   1.2022266948954741        1.3158716009012010     
   1.2295500288703713        1.3096648338549759     
   0.0000000000000000        3.0802985353979317     
   2.7346126414960415E-002   3.0753856079861430     
   5.4692252829920830E-002   3.0612828668600547     
   8.2038379244881249E-002   3.0394658708001359     
  0.10938450565984166        3.0116867679173556     
  0.13673063207480207        2.9794723333482245     
  0.16407675848976250        2.9439889926539755     
  0.19142288490472290        2.9060779293733590     
  0.21876901131968332        2.8663350779599015     
  0.24611513773464375        2.8251839485470742     
  0.27346126414960414        2.7829295871354258     
  0.30080739056456457        2.7397957463194080     
  0.32815351697952500        2.6959498765363228     
  0.35549964339448542        2.6515198886632647     
  0.38284576980944579        2.6066054892490942     
  0.41019189622440622        2.5612859489106996     
  0.43753802263936664        2.5156255124366664     
  0.46488414905432707        2.4696772333336701     
  0.49223027546928749        2.4234857432184107     
  0.51957640188424792        2.3770892929732579     
  0.54692252829920829        2.3305212917130365     
  0.57426865471416877        2.2838114983667648     
  0.60161478112912914        2.2369869747763778     
  0.62896090754408951        2.1900728798598270     
  0.65630703395904999        2.1430931662169721     
  0.68365316037401036        2.0960712304289855     
  0.71099928678897084        2.0490305645710665     
  0.73834541320393121        2.0019954586235706     
  0.76569153961889158        1.9549918120867533     
  0.79303766603385206        1.9080481299564096     
  0.82038379244881243        1.8611968067757645     
  0.84772991886377291        1.8144758488550532     
  0.87507604527873328        1.7679312594251322     
  0.90242217169369365        1.7216204324767248     
  0.92976829810865413        1.6756170994791675     
  0.95711442452361450        1.6300187035620191     
  0.98446055093857499        1.5849576336554265     
   1.0118066773535355        1.5406187023488260     
   1.0391528037684958        1.4972668694294082     
   1.0664989301834562        1.4552918839854361     
   1.0938450565984166        1.4152804709512961     
   1.1211911830133769        1.3781305260157222     
   1.1485373094283375        1.3452161505287448     
   1.1758834358432979        1.3185633709278588     
   1.2032295622582583        1.3008263753526617     
   1.2305756886732186        1.2945396071314978     
   0.0000000000000000        3.0704931178007344     
   2.7369150300625797E-002   3.0655593418560572     
   5.4738300601251594E-002   3.0513997639212245     
   8.2107450901877391E-002   3.0295025205987320     
  0.10947660120250319        3.0016316901315263     
  0.13684575150312900        2.9693215484474620     
  0.16421490180375478        2.9337422350970170     
  0.19158405210438056        2.8957364242743218     
  0.21895320240500638        2.8559004505637620     
  0.24632235270563219        2.8146577489669675     
  0.27369150300625800        2.7723131086905308     
  0.30106065330688375        2.7290899734401535     
  0.32842980360750956        2.6851554852326887     
  0.35579895390813537        2.6406372650405912     
  0.38316810420876113        2.5956347512150293     
  0.41053725450938694        2.5502269650674170     
  0.43790640481001275        2.5044779160167430     
  0.46527555511063856        2.4584404306452270     
  0.49264470541126437        2.4121589166516055     
  0.52001385571189018        2.3656713987568905     
  0.54738300601251599        2.3190110525493912     
  0.57475215631314169        2.2722073909227665     
  0.60212130661376750        2.2252872118226992     
  0.62949045691439331        2.1782753866343474     
  0.65685960721501913        2.1311955503477984     
  0.68422875751564494        2.0840707444766924     
  0.71159790781627075        2.0369240599248544     
  0.73896705811689656        1.9897793290960515     
  0.76633620841752226        1.9426619250755097     
  0.79370535871814807        1.8955997424578763     
  0.82107450901877388        1.8486244628283306     
  0.84844365931939969        1.8017732541556088     
  0.87581280962002550        1.7550911279536501     
  0.90318195992065131        1.7086342991465759     
  0.93055111022127712        1.6624750925941760     
  0.95792026052190293        1.6167092724276748     
  0.98528941082252874        1.5714672331141810     
   1.0126585611231544        1.5269314548230748     
   1.0400277114237804        1.4833642748918638     
   1.0673968617244061        1.4411527752976445     
   1.0947660120250320        1.4008817275687648     
   1.1221351623256577        1.3634498083247530     
   1.1495043126262834        1.3302394649764162     
   1.1768734629269093        1.3033022226817317     
   1.2042426132275350        1.2853458086253693     
   1.2316117635281609        1.2789746079615032     
   0.0000000000000000        3.0703941019651579     
   2.7369380943638701E-002   3.0654601185442374     
   5.4738761887277401E-002   3.0512999750196239     
   8.2108142830916109E-002   3.0294019331245652     
  0.10947752377455480        3.0015301896663695     
  0.13684690471819350        2.9692190950371873     
  0.16421628566183222        2.9336388256323915     
  0.19158566660547091        2.8956320704371703     
  0.21895504754910960        2.8557951680194331     
  0.24632442849274830        2.8145515526559675     
  0.27369380943638699        2.7722060110260514     
  0.30106319038002571        2.7289819837870719     
  0.32843257132366444        2.6850466099085950     
  0.35580195226730310        2.6405275074928780     
  0.38317133321094182        2.5955241122307102     
  0.41054071415458049        2.5501154429556041     
  0.43791009509821921        2.5043655067410193     
  0.46527947604185793        2.4583271279019208     
  0.49264885698549660        2.4120447118940112     
  0.52001823792913526        2.3655562811670880     
  0.54738761887277398        2.3188950089585441     
  0.57475699981641271        2.2720904056797564     
  0.60212638076005143        2.2251692666087992     
  0.62949576170369015        2.1781564602191938     
  0.65686514264732887        2.1310756182801027     
  0.68423452359096748        2.0839497786996497     
  0.71160390453460620        2.0368020283034025     
  0.73897328547824492        1.9896561948389493     
  0.76634266642188364        1.9425376460301547     
  0.79371204736552237        1.8954742702499554     
  0.82108142830916098        1.8484977418114439     
  0.84845080925279970        1.8016452201265571     
  0.87582019019643842        1.7549617065803194     
  0.90318957114007714        1.7085034040467191     
  0.93055895208371586        1.6623426229990714     
  0.95792833302735447        1.6165751103814334     
  0.98529771397099319        1.5713312402222761     
   1.0126670949146319        1.5267934687498033     
   1.0400364758582705        1.4832241063102023     
   1.0674058568019094        1.4410102072764888     
   1.0947752377455480        1.4007365225830790     
   1.1221446186891868        1.3633017357222394     
   1.1495139996328254        1.3300883776752037     
   1.1768833805764640        1.3031482324061836     
   1.2042527615201029        1.2851895747954116     
   1.2316221424637415        1.2788175097448953     
