   1.4338013244517158        2.4117391131664414     
   1.4366775001856187        2.4039449820730305     
   1.4452818745975125        2.3798525238317008     
   1.4595303058879514        2.3401681908736576     
   1.4792856065468063        2.2857208440749024     
   1.5043633046249452        2.2175662334234483     
   1.5345378012152091        2.1369369525924466     
   1.5695496940785416        2.0451690341290725     
   1.6091133780608453        1.9436353865981799     
   1.6529244367957978        1.8336872358535592     
   1.7006664281441561        1.7166078579775339     
   1.7520167882920303        1.5935796842718120     
   1.8066517026710944        1.4656642171383192     
   1.8642498994389258        1.3337930334974617     
   1.9244954042325224        1.1987675983110735     
   1.9870793506208790        1.0612655232985768     
   2.0517009713982564       0.92185112920068124     
   2.1180679065632360       0.78098855619966912     
   2.1858959603952615       0.63905610272900359     
   2.2549084279796965       0.49636088503230741     
   2.3248350953398162       0.35315326019208798     
   2.3954110003055518       0.20964073064869637     
   2.4663750255817045        6.6001250409463877E-002
   2.5374683825036652       -7.7604008459956117E-002
   2.6084330344081796      -0.22101828510150245     
   2.6790101027371951      -0.36407706870985990     
   2.7489382970510872      -0.50659595521646872     
   2.8179524120494897      -0.64835835824918264     
   2.8857819403932847      -0.78910297319885048     
   2.9521498593863806      -0.92851099370543311     
   3.0167716620070952       -1.0661932236651663     
   3.0793547176284930       -1.2016774205754104     
   3.1395980637493972       -1.3343964499177459     
   3.1971927451276554       -1.4636781203543860     
   3.2518228278541170       -1.5887378878084284     
   3.3031672190475669       -1.7086759259789293     
   3.3509024129486269       -1.8224803000201188     
   3.3947062557379821       -1.9290380625386647     
   3.4342627694405503       -2.0271559112947370     
   3.4692679969588505       -2.1155915053181618     
   3.4994367269565632       -2.1930955420694831     
   3.5245098360717271       -2.2584634280460727     
   3.5442618611320658       -2.3105926898578288     
   3.5585083169266007       -2.3485466074067642     
   3.5671118884484221       -2.3715931188614081     
   3.5699880716796177       -2.3791666916250795     
   1.3744441182920952        2.5194338083443597     
   1.3777643353159521        2.5089429901967226     
   1.3876796886968270        2.4768699808665611     
   1.4040389937040092        2.4246149875861538     
   1.4266007284405571        2.3540626817433696     
   1.4550497624203986        2.2675089202982197     
   1.4890153887554916        2.1674754917282653     
   1.5280903406639696        2.0565014342446681     
   1.5718484104652541        1.9369823076206498     
   1.6198593747463290        1.8110606427773002     
   1.6717006054628996        1.6805674523603606     
   1.7269653136708816        1.5470054643205433     
   1.7852677530852168        1.4115620052158206     
   1.8462459072473154        1.2751398743968119     
   1.9095622372972398        1.1383967939418922     
   1.9749030283938671        1.0017867867953545     
   2.0419767870051007       0.86559936802401616     
   2.1105120409574396       0.72999440650040337     
   2.1802547986611494       0.59503188021890030     
   2.2509658426285668       0.46069660122126294     
   2.3224179680624859       0.32691846031341165     
   2.3943932290956034       0.19358896601616268     
   2.4666802208300069        6.0574927495778239E-002
   2.5390714019344882       -7.2269870411068887E-002
   2.6113604477897594      -0.20509418407255398     
   2.6833396162103398      -0.33803923863190127     
   2.7547971055050016      -0.47122830883932298     
   2.8255143876802786      -0.60475520492651935     
   2.8952635082804727      -0.73867091553593323     
   2.9638043597369919      -0.87296766605495169     
   3.0308819588808893       -1.0075596904753619     
   3.0962237937132318       -1.1422601307990741     
   3.1595373521345338       -1.2767537334868801     
   3.2205080082282316       -1.4105654916614709     
   3.2787975204395297       -1.5430261870581250     
   3.3340434876779810       -1.6732370163121093     
   3.3858602048488993       -1.8000371950988301     
   3.4338414398834902       -1.9219805477987801     
   3.4775656889760289       -2.0373293003555597     
   3.5166044121303170       -2.1440749402520671     
   3.5505335582102808       -2.2399960079983976     
   3.5789483183062583       -2.3227600463240345     
   3.6014804951838890       -2.3900687387321722     
   3.6178172164221509       -2.4398439987190050     
   3.6277186819203240       -2.4703873494530226     
   3.6310344710743121       -2.4804941993298315     
   1.3212251309614691        2.6151545174319613     
   1.3249849239638669        2.6016386795248683     
   1.3361913614514971        2.5607322610710690     
   1.3546075993439146        2.4948775629472828     
   1.3798632804549269        2.4074711991351854     
   1.4114895927215443        2.3024556919593362     
   1.4489554204442758        2.1838967578150128     
   1.4917017429065940        2.0555926314448145     
   1.5391699120951456        1.9208342522498774     
   1.5908222392045310        1.7822985632608594     
   1.6461550824140334        1.6420443114810426     
   1.7047056514603274        1.5015708782137114     
   1.7660541107881207        1.3619066571440557     
   1.8298224979483937        1.2237037141848872     
   1.8956717001346424        1.0873252865340988     
   1.9632974041783371       0.95292001453463515     
   2.0324256377802925       0.82048142967070603     
   2.1028082844121867       0.68989371387062126     
   2.1742187840687772       0.56096582028341924     
   2.2464481168004244       0.43345630192648710     
   2.3193010921573514       0.30709104406231924     
   2.3925929228187965       0.18157578786790549     
   2.4661460348556772        5.6605003504591439E-002
   2.5397870531237565       -6.8131614042443417E-002
   2.6133438933808586      -0.19294396553301252     
   2.6866428898640260      -0.31813675583367124     
   2.7595058866477729      -0.44400421303064819     
   2.8317472226621607      -0.57082341439267770     
   2.9031705443483857      -0.69884521316109249     
   2.9735653882575117      -0.82828158860504186     
   3.0427034915054820      -0.95928801506303807     
   3.1103348156817576       -1.0919391964140108     
   3.1761833165574838       -1.2261963098595015     
   3.2399425672316435       -1.3618638783081416     
   3.3012714578745830       -1.4985347726349765     
   3.3597903631392567       -1.6355229929028074     
   3.4150783966827372       -1.7717862889896587     
   3.4666726557950027       -1.9058449131394792     
   3.5140706638625625       -2.0357092121229199     
   3.5567374612761706       -2.1588369839291217     
   3.5941188280832175       -2.2721495559082823     
   3.6256617367347905       -2.3721394324515073     
   3.6508421280621652       -2.4550931654807555     
   3.6691984143728442       -2.5174426764032303     
   3.6803664897143498       -2.5561342897947075     
   3.6841133929630616       -2.5690267770053961     
   1.2734343628311351        2.7003753219559221     
   1.2776237735754781        2.6835666920912495     
   1.2900851011101684        2.6331719694669604     
   1.3104783685583059        2.5530586542733302     
   1.3382833540100267        2.4485889160289211     
   1.3728612056263829        2.3256804291626687     
   1.4135142398537419        2.1900550633269620     
   1.4595373084209955        2.0466684450757811     
   1.5102548998845036        1.8994598842429375     
   1.5650436825457290        1.7513355474042782     
   1.6233430527651134        1.6042898316259055     
   1.6846571840604818        1.4595824070566783     
   1.7485518111119593        1.3179181733282972     
   1.8146482264714703        1.1796037073975396     
   1.8826161603915639        1.0446714524588374     
   1.9521665529129990       0.91297247893040390     
   2.0230447574401054       0.78424271102723275     
   2.0950244121913193       0.65814847392863685     
   2.1679020360423880       0.53431672923915674     
   2.2414923070488033       0.41235437552183585     
   2.3156239338631726       0.29185996035063971     
   2.3901360108469856       0.17243026996690769     
   2.4648747432178233        5.3663583314645144E-002
   2.5396904307971671       -6.4839109238369413E-002
   2.6144346030663579      -0.18347394264614833     
   2.6889572017209327      -0.30263427073505245     
   2.7631037085214980      -0.42271027854317306     
   2.8367121156832926      -0.54408732383002167     
   2.9096096338334334      -0.66714205170017848     
   2.9816090301439750      -0.79223503360052461     
   3.0525044894575655      -0.91969824573682979     
   3.1220668990958020       -1.0498151094093695     
   3.1900384820733207       -1.1827900765292274     
   3.2561267573391905       -1.3187039299837839     
   3.3199979104016810       -1.4574502856136256     
   3.3812698430567889       -1.5986486842919561     
   3.4395054744980667       -1.7415310138477254     
   3.4942073249888832       -1.8848022234950934     
   3.5448150412830914       -2.0264853295237781     
   3.5907082630240161       -2.1637763636305318     
   3.6312178797588128       -2.2929569365001217     
   3.6656488654961938       -2.4094352035238114     
   3.6933168705122750       -2.5079922307545099     
   3.7135979771549024       -2.5833008406187306     
   3.7259858791058527       -2.6305823333497211     
   3.7301501103002357       -2.6464459220737027     
   1.2304151209510226        2.7764508601472522     
   1.2350200718425597        2.7561423118812112     
   1.2486881624203217        2.6957980851950922     
   1.2709607417686228        2.6011060364171059     
   1.3011511071841346        2.4798067071732492     
   1.3384408757456434        2.3400139608604151     
   1.3819674004704094        2.1890807968898081     
   1.4308914005168392        2.0329086612482605     
   1.4844392499487244        1.8757938108785461     
   1.5419231498198367        1.7205917441835130     
   1.6027456238280779        1.5690155196625055     
   1.6663946492332828        1.4219459090707027     
   1.7324341985869491        1.2796954410406784     
   1.8004932612247624        1.1422098890839496     
   1.8702550633012784        1.0092114691769012     
   1.9414473039829163       0.88029540386596528     
   2.0138336908944363       0.75499218209183838     
   2.0872067727527090       0.63280588629566370     
   2.1613819335637654       0.51323642388526092     
   2.2361923635347529       0.39579123190062671     
   2.3114848153581575       0.27999026115969550     
   2.3871159668563013       0.16536677682147177     
   2.4629492292077741        5.1465643349812164E-002
   2.5388518575426962       -6.2159806767139864E-002
   2.6146922344834236      -0.17595157027569741     
   2.6903372058982207      -0.29035087214514105     
   2.7656493512734732      -0.40580165769398724     
   2.8404840686734607      -0.52275310652017248     
   2.9146863465433230      -0.64166040820598647     
   2.9880870824006722      -0.76298269821241937     
   3.0604987935037244      -0.88717651211956261     
   3.1317105505561065       -1.0146823132456928     
   3.2014819597101254       -1.1459005118318564     
   3.2695360342895872       -1.2811518747035557     
   3.3355508602476478       -1.4206153724785533     
   3.3991501095314223       -1.5642346375718219     
   3.4598927572352669       -1.7115831864744115     
   3.5172629002006608       -1.8616803263111672     
   3.5706614541961885       -2.0127577732327397     
   3.6194027732454885       -2.1619967197365693     
   3.6627207557766108       -2.3052914624575611     
   3.6997902385670538       -2.4371478256342893     
   3.7297692807030929       -2.5508689440127048     
   3.7518646373494660       -2.6391989272114129     
   3.7654145439685101       -2.6953149540729586     
   3.7699784293637579       -2.7142706368695202     
   1.1915801199888230        2.8445572856927090     
   1.1965834819673793        2.8206013978658637     
   1.2114017132490653        2.7500295556751380     
   1.2354444625661540        2.6407338209855724     
   1.2678467236344875        2.5031778406694993     
   1.3076073797326131        2.3477779902406604     
   1.3537062522109951        2.1833842105211083     
   1.4051853558409306        2.0165772684791792     
   1.4611918701729063        1.8517310684083517     
   1.5209919483488337        1.6914315157630200     
   1.5839666910974337        1.5369744443326172     
   1.6495993706513705        1.3888002351339623     
   1.7174597479928786        1.2468214057651539     
   1.7871886553858083        1.1106484172847035     
   1.8584842659954943       0.97973573927185098     
   1.9310904827260462       0.85347140011795808     
   2.0047873878534772       0.73122886875413884     
   2.0793834908744735       0.61239486766321483     
   2.1547094556695203       0.49638230170082903     
   2.2306129996210990       0.38263424690241249     
   2.3069546943874135       0.27062272970337964     
   2.3836044399020282       0.15984457980106440     
   2.4604384206663048        4.9815723732965118E-002
   2.5373363830616000       -5.9935275155433898E-002
   2.6141790933621292      -0.16987395053541252     
   2.6908458484997975      -0.28046662565950969     
   2.7672119157604458      -0.39218679320412653     
   2.8431457737076773      -0.50552084653874441     
   2.9185060147882957      -0.62097264301380373     
   2.9931377502897281      -0.73906604089576478     
   3.0668683309926164      -0.86034399086623814     
   3.1395021636498450      -0.98536187762892169     
   3.2108143689678763       -1.1146714525346482     
   3.2805430019071262       -1.2487896971686727     
   3.3483795626106421       -1.3881441495780398     
   3.4139576102677034       -1.5329826166885310     
   3.4768395322853345       -1.6832313301213782     
   3.5365020484301009       -1.8382833168798978     
   3.5923220330673580       -1.9967024973384775     
   3.6435659257192299       -2.1558473845313926     
   3.6893884393966481       -2.3114638946786905     
   3.7288490175090723       -2.4573800949101146     
   3.7609559933602923       -2.5855381161852313     
   3.7847456358525320       -2.6866836939856547     
   3.7993922452165640       -2.7517012389884585     
   3.8043353452845121       -2.7738095673277474     
   1.1564111907702892        2.9056961916225408     
   1.1617936689219328        2.8780023106785992     
   1.1776997471781050        2.7970913342617880     
   1.2033971914156818        2.6734119714782838     
   1.2378355844753484        2.5204120993127299     
   1.2798331297166756        2.3508117815687153     
   1.3282233945961626        2.1747516675323166     
   1.3819462626896064        1.9992162332006509     
   1.4400870465595439        1.8284218313089806     
   1.5018808042401410        1.6645344937317412     
   1.5666984280845122        1.5083644165370429     
   1.6340258686636477        1.3599023360309026     
   1.7034427831312851        1.2186864057430362     
   1.7746034365381618        1.0840337795874513     
   1.8472207412981616       0.95517771808192653     
   1.9210533865731803       0.83134361646885968     
   1.9958956414465254       0.71178753033096009     
   2.0715693267417326       0.59581258195727071     
   2.1479174812630761       0.48277280387605065     
   2.2247993196204363       0.37207014829820217     
   2.3020861546691909       0.26314798982163412     
   2.3796580237377003       0.15548298747958578     
   2.4574008100764986        4.8576303896361119E-002
   2.5352036893427106       -5.8055322594823260E-002
   2.6129567567785346      -0.16488843303191095     
   2.6905487054995847      -0.27240154191406574     
   2.7678644310059108      -0.38108361130609780     
   2.8447824320992678      -0.49144218515688509     
   2.9211718636586448      -0.60401090026089532     
   2.9968890715114771      -0.71935578252217913     
   3.0717734030454875      -0.83807920845622286     
   3.1456420388005979      -0.96081953422515198     
   3.2182835315645448       -1.0882429701003036     
   3.2894496770010777       -1.2210220212460858     
   3.3588452912852040       -1.3597913593960398     
   3.4261154771123916       -1.5050669822542500     
   3.4908301032889448       -1.6571079534298772     
   3.5524656622215609       -1.8156931139875276     
   3.6103856701346926       -1.9797822666512159     
   3.6638227152018357       -2.1470431873590514     
   3.7118684996848619       -2.3132728015898736     
   3.7534826292731545       -2.4718499309517972     
   3.7875348487619442       -2.6135283936618032     
   3.8128944903112463       -2.7270729405558791     
   3.8285679428263779       -2.8009053464438525     
   3.8338679889214742       -2.8261723474134057     
   1.1244534043622454        2.9607180566403981     
   1.1301942864764698        2.9292476673908046     
   1.1471225878915956        2.8380319945355148     
   1.1743569472694018        2.7003823582699584     
   1.2106587368550508        2.5329037921273376     
   1.2546715804497535        2.3505356917630866     
   1.3050961917939456        2.1644669817023594     
   1.3607864883464793        1.9818321189554151     
   1.4207808355182703        1.8065106505392028     
   1.4842947654688612        1.6401595412490015     
   1.5506967352613978        1.4830835128608884     
   1.6194798241842543        1.3348451214892345     
   1.6902355012518617        1.1946485797653339     
   1.7626316151877148        1.0615630424548099     
   1.8363948257789195       0.93464332351569923     
   1.9112969271114131       0.81298925065211525     
   1.9871443124940864       0.69577007678725511     
   2.0637698681815682       0.58222989573162598     
   2.1410266984004065       0.47168329326084746     
   2.2187832085016082       0.36350638721725653     
   2.2969191808024934       0.25712601764255366     
   2.3753225624886953       0.15200847812074714     
   2.4538867478862807        4.7648412390873814E-002
   2.5325081817345616       -5.6441917585185498E-002
   2.6110841390783799      -0.16074300175176981     
   2.6895105535938790      -0.26573819529502607     
   2.7676797711361067      -0.37192369504455075     
   2.8454780996336013      -0.47981844416705893     
   2.9227830097841485      -0.58997389237784970     
   2.9994598120649347      -0.70298327559784779     
   3.0753575923541869      -0.81948960942385218     
   3.1503041286400215      -0.94019077495078329     
   3.2240994333069009       -1.0658386817143779     
   3.2965074711828128       -1.1972271562641994     
   3.3672455040117213       -1.3351593873257379     
   3.4359704399607751       -1.4803797636563740     
   3.5022616004864648       -1.6334461435306504     
   3.5655996231092622       -1.7945072625603828     
   3.6253421167997608       -1.9629395071352911     
   3.6806987093044863       -2.1367989047851355     
   3.7307119634186714       -2.3120844393826219     
   3.7742566558662007       -2.4819332589940171     
   3.8100767707149084       -2.6361089451773454     
   3.8368817420624874       -2.7614800325902840     
   3.8535100167353900       -2.8439134727834330     
   3.8591436979619522       -2.8722978764127660     
   1.0953078264432683        3.0103485920499002     
   1.1013856150528325        2.9751094504594109     
   1.1192691114629443        2.8737465480508355     
   1.1479234234315692        2.7226838413352294     
   1.1859226121222437        2.5417722849917048     
   1.2317446777604191        2.3480242204319581     
   1.2839716626615876        2.1534271751734329     
   1.3413863600071827        1.9650505018001934     
   1.4029925014795506        1.7863125880097879     
   1.4679947248862053        1.6183199120672096     
   1.5357642107480680        1.4608832519487163     
   1.6058036215486731        1.3131739262642561     
   1.6777168191425602        1.1741065739600296     
   1.7511846284033159        1.0425446633548414     
   1.8259461559282693       0.91740087990641139     
   1.9017846372728435       0.79767889103046086     
   1.9785167700178272       0.68248413992410328     
   2.0559846503595023       0.57101929021654507     
   2.1340496218145182       0.46257279172260030     
   2.2125875130810861       0.35650496185104047     
   2.2914848748149352       0.25223372073029549     
   2.3706359236671171       0.14922089880346304     
   2.4499399722837740        4.6959393702214483E-002
   2.5292991721491100       -5.5038872867614781E-002
   2.6086164270360044      -0.15725440224507325     
   2.6877933518103840      -0.26017123416657895     
   2.7667281563970620      -0.36428799636263443     
   2.8453133285441452      -0.47012910680016962     
   2.9234329710924372      -0.57825623602250953     
   3.0009596180407123      -0.68927992206734756     
   3.0777503058886673      -0.80387083128415104     
   3.1536416086026482      -0.92276943166144720     
   3.2284432517932853       -1.0467915425560166     
   3.3019298016695728       -1.1768249298588105     
   3.3738297811496061       -1.3138081607699994     
   3.4438114219402833       -1.4586763287548508     
   3.5114641846121928       -1.6122477812693639     
   3.5762753313508369       -1.7750108113631462     
   3.6376015660266230       -1.9467512402739480     
   3.6946377176700582       -2.1259511766787189     
   3.7463886495506062       -2.3089161657950981     
   3.7916580010843548       -2.4887156983097896     
   3.8290773261406934       -2.6543233146949015     
   3.8572055501734086       -2.7908423250490091     
   3.8747163960015674       -2.8815626569971884     
   3.8806600124906843       -2.9129838190341868     
   1.0686244633344115        3.0552122131144794     
   1.0750174028276034        3.0162517130948907     
   1.0937892172557682        2.9049985079691063     
   1.1237496822915831        2.7411791562249346     
   1.1632894491457630        2.5479049592803080     
   1.2107316525888980        2.3440756945734416     
   1.2645536798173058        2.1422408701418716     
   1.3234802799443135        1.9492341839530882     
   1.3864904057828984        1.7679358059435062     
   1.4527840483323009        1.5988944109513676     
   1.5217383700993463        1.4414565032996087     
   1.5928667622203476        1.2944449003456659     
   1.6657852849739432        1.1565272960635111     
   1.7401867732069656        1.0263983371112584     
   1.8158214187883743       0.90285818055302791     
   1.8924823734971399       0.78483708708723032     
   1.9699950833410647       0.67139370888376293     
   2.0482093380275375       0.56170178476062305     
   2.1269932746462277       0.45503271580383731     
   2.2062287785938728       0.35073758931461552     
   2.2858078764909791       0.24823017190270324     
   2.3656298243090785       0.14697135048147930     
   2.4455986692449310        4.6454989394347251E-002
   2.5256211144340552       -5.3805064116028097E-002
   2.6056045475187148      -0.15428719126567977     
   2.6854551114217196      -0.25547382327542378     
   2.7650757007073699      -0.35786325682357234     
   2.8443637603920973      -0.46198180653454163     
   2.9232087453462996      -0.56839655255296329     
   3.0014890654219615      -0.67772877340699955     
   3.0790682905247717      -0.79066782740565611     
   3.1557903157802056      -0.90798461874372993     
   3.2314730831013572       -1.0305426039477708     
   3.3059003151743780       -1.1593021154176650     
   3.3788105385231328       -1.2953098442003037     
   3.4498824661674261       -1.4396584141634723     
   3.5187156302489542       -1.5933893384428381     
   3.5848051500374796       -1.7572943730095441     
   3.6475100460391707       -1.9315453334988331     
   3.7060163056066471       -2.1150589116572771     
   3.7593002693214168       -2.3045120998852728     
   3.8061064679577483       -2.4930434619791817     
   3.8449670458706682       -2.6690233659204949     
   3.8743011933882534       -2.8159478837512588     
   3.8926236443164108       -2.9145662663318470     
   3.8988536377456606       -2.9489122349719623     
   1.0440959077909844        3.0958512013351407     
   1.0507824154225855        3.0532494144857036     
   1.0703770469129401        2.9324394110387151     
   1.1015347187825164        2.7565806641273705     
   1.1424688718541784        2.5519978320998837     
   1.1913594733590418        2.3392731686507928     
   1.2465924973235156        2.1313067738182507     
   1.3068458476094040        1.9345695413494932     
   1.3710814036524139        1.7513637986734416     
   1.4384989052266555        1.5816955721420345     
   1.5084834179716984        1.4244857037396477     
   1.5805593775424449        1.2782514083448131     
   1.6543544259505727        1.1414517501295911     
   1.7295723105665293        1.0126434727367675     
   1.8059730075948315       0.89053778460752742     
   1.8833582385310770       0.77400890984444615     
   1.9615608882343638       0.66208121404001796     
   2.0404372045598049       0.55390836499618068     
   2.1198609682982212       0.44875090455972261     
   2.1997190541043943       0.34595497564297178     
   2.2799079689769739       0.24493314607516417     
   2.3603310702276481       0.14514741296528663     
   2.4408962433836825        4.6094088114333548E-002
   2.5215138723676449       -5.2709887235761838E-002
   2.6020949666891879      -0.15173969570267951     
   2.6825493277961021      -0.25147496250065515     
   2.7627836416589289      -0.35241211755146729     
   2.8426993779061678      -0.45507724492237439     
   2.9221903566332346      -0.56003980201267411     
   3.0011398100189153      -0.66792746664403113     
   3.0794167129188410      -0.77944211214012704     
   3.1568710783724554      -0.89537638355097904     
   3.2333278019079557       -1.0166293021358743     
   3.3085784824978943       -1.1442173030331850     
   3.3823704392805709       -1.2792732988447979     
   3.4543918837528529       -1.4230193678595788     
   3.5242519342280265       -1.5766862922008114     
   3.5914540028746074       -1.7413325141407578     
   3.6553613918444277       -1.9174841403891894     
   3.7151554937344762       -2.1044815702484083     
   3.7697913398049807       -2.2994070211375646     
   3.8179646468028157       -2.4955693235034198     
   3.8581203582296930       -2.6809005548954610     
   3.8885493234902784       -2.8374589240645514     
   3.9076148445556016       -2.9435350740681616     
   3.9141082163062149       -2.9806703531559924     
   1.0214517854261609        3.1327407485173215     
   1.0284107947332315        3.0866035112124948     
   1.0487650514020797        2.9566255641250874     
   1.0810169854940794        2.7694738129007681     
   1.1232106723467292        2.5545917338259496     
   1.1733948875397231        2.3340349820854422     
   1.2298763161522499        2.1208738251433918     
   1.2912954059464417        1.9211276421616390     
   1.3566028771105274        1.7365090570219830     
   1.4250012184655427        1.5665101455870678     
   1.4958844034801744        1.4096677024526891     
   1.5687877227970399        1.2642334391961003     
   1.6433495784102237        1.1284909505003573     
   1.7192835259794370        1.0008844448899492     
   1.7963581390656860       0.88005472862893708     
   1.8743825439034474       0.76483315897187765     
   1.9531959696890195       0.65421897261972572     
   2.0326601151211277       0.54735202419856543     
   2.1126534843223288       0.44348620119719734     
   2.1930670989011487       0.34196547724058224     
   2.2738011691789004       0.24220301875314554     
   2.3547624276765711       0.14366308103732064     
   2.4358619083918005        4.5845165231895260E-002
   2.5170130079380173       -5.1730169172290202E-002
   2.5981296971039471      -0.14953444170897945     
   2.6791247687056252      -0.24804391922220248     
   2.7599080123866409      -0.34775236837201962     
   2.8403842001016013      -0.44918441760671157     
   2.9204507465622926      -0.55291001325269462     
   2.9999948743672951      -0.65956036915481897     
   3.0788900592646202      -0.76984561445032207     
   3.1569914498869744      -0.88457391233961646     
   3.2341298382214045       -1.0046709118770332     
   3.3101035889193655       -1.1311965474418102     
   3.3846677032037165       -1.2653525712616676     
   3.4575188891202058       -1.4084672795511362     
   3.5282751557527434       -1.5619311218222012     
   3.5964481525382128       -1.7270344822993242     
   3.6614065622677199       -1.9046229902117269     
   3.7223301399518478       -2.0944380915937373     
   3.7781581910328979       -2.2939780448109373     
   3.8275462674812433       -2.4967921615689046     
   3.8688632399938743       -2.6905135719301048     
   3.9002830657951835       -2.8559318425607989     
   3.9200263796300927       -2.9689942673303311     
   3.9267610079937154       -3.0087669494170912     
   1.0004539551717051        3.1663005778124766     
   1.0076651807653185        3.1167529196122303     
   1.0287188603014890        2.9780322823940582     
   1.0619688248394339        2.7803379208153509     
   1.1052987029302712        2.5561033371269493     
   1.1566378543217413        2.3286553304383055     
   1.2142245290702354        2.1110860386740438     
   1.2766694706648365        1.9089065231273183     
   1.3429167087984910        1.7232472648407033     
   1.4121734544700990        1.5531222329606871     
   1.4838429816998968        1.3967252195038204     
   1.5574709554154265        1.2520784073888549     
   1.6327056409763296        1.1173179787540934     
   1.7092693556122478       0.99079615689383760     
   1.7869382146773578       0.87109783592456391     
   1.8655277520515186       0.75702146206860943     
   1.9448826286649961       0.64754784315103786     
   2.0248691701303336       0.54180743899607331     
   2.1053698620138532       0.43905032755550605     
   2.1862792015747079       0.33862008698890445     
   2.2675004885581789       0.23993153861815264     
   2.3489432607851897       0.14245178435841238     
   2.4305211617616904        4.5683815377194036E-002
   2.5121500802471655       -5.0848041323211378E-002
   2.5937464340648866      -0.14761153213465344     
   2.6752254875463954      -0.24507939025691919     
   2.7564995966219414      -0.34374236701465211     
   2.8374762685349499      -0.44412297198700212     
   2.9180559035799356      -0.54679049046315920     
   2.9981290514115764      -0.65237779609203816     
   3.0775729594074952      -0.76160033820771922     
   3.1562471075053100      -0.87527733947607722     
   3.2339873014647176      -0.99435445785159260     
   3.3105977190502416       -1.1199254979893383     
   3.3858400524091090       -1.2532473422999983     
   3.4594185489035589       -1.3957355152422175     
   3.5309593285021466       -1.5489148725700794     
   3.5999819331571730       -1.7142762885454454     
   3.6658609418124728       -1.8929502339040978     
   3.7277764763707490       -2.0850501807726451     
   3.7846563865477076       -2.2884852096045321     
   3.8351232322237014       -2.4970899204304517     
   3.8774797530304608       -2.6983121730036044     
   3.9097941229068036       -2.8718341750519505     
   3.9301537662108861       -2.9913971049908583     
   3.9371086350921454       -3.0336451659035761     
  0.98089237294405140        3.1969038991825323     
  0.98833650614272051        3.1440840213785095     
   1.0100328625149528        2.9970659900927927     
   1.0441917064223505        2.7895642417814019     
   1.0885457352018071        2.5568510766522992     
   1.1409161452114345        2.3233360493137889     
   1.1994823103214327        2.1020152747416625     
   1.2628315977694173        1.8978598936474502     
   1.3299046760409656        1.7114385607780491     
   1.3999147098106575        1.5413257895386421     
   1.4722742696378228        1.3854108680548809     
   1.5465387616689852        1.2415179198114694     
   1.6223654186844205        1.1076591290990765     
   1.6994843600359655       0.98211126305819652     
   1.7776783180720599       0.86341459097635420     
   1.8567683855813135       0.75034217006725601     
   1.9366038940607186       0.64186128213315419     
   2.0170551191921584       0.53709610772103733     
   2.0980079256275195       0.43529482665575303     
   2.1793597461767260       0.33580173078261538     
   2.2610164795700958       0.23803387846493429     
   2.3428900160408581       0.14146146300810497     
   2.4248961818947121        4.5591006514189243E-002
   2.5069529468153404       -5.0049460736041704E-002
   2.5889787697085977      -0.14592400146077797     
   2.6708909757335810      -0.24250185595419660     
   2.7526040616150143      -0.34027067235846287     
   2.8340278192186630      -0.43975052673390180     
   2.9150651477586211      -0.54150937045510150     
   2.9956093900425840      -0.64618052177534702     
   3.0755409726530893      -0.75448273022140921     
   3.1547230456076876      -0.86724307772287623     
   3.2329956913902893      -0.98542231890263166     
   3.3101680886696574       -1.1101407675029298     
   3.3860077497446079       -1.2426996469845655     
   3.4602255791710066       -1.3845862945743006     
   3.5324550170289251       -1.5374387090534116     
   3.6022229956510903       -1.7029205104240153     
   3.6689101221435512       -1.8824141874961067     
   3.7316981977003483       -2.0763735391018923     
   3.7895068497345084       -2.2831026960246938     
   3.8409315404600259       -2.4967464688183099     
   3.8842176338376961       -2.7046573702070416     
   3.9173380341590156       -2.8855589053568740     
   3.9382566921820565       -3.0111359434812202     
   3.9454120442520133       -3.0556925949326046     
  0.96258152302214428        3.2248843613517897     
  0.97024036800367641        3.1689382948615803     
  0.99252640143192417        3.0140745263826996     
   1.0275121601359642        2.7974714400705660     
   1.0727891408166854        2.5570763785246915     
   1.1260809046580462        2.3182110732937793     
   1.1855162674200403        2.0936848165649318     
   1.2496643432451864        1.8879162972835513     
   1.3174648859581206        1.7009403656283950     
   1.3881377195133384        1.5309307438606596     
   1.4611044598031941        1.3755072176751140     
   1.5359295569197831        1.2323229408222560     
   1.6122783575207422        1.0992854802226089     
   1.6898879212955695       0.97460939535966695     
   1.7685467944376805       0.85679911808472686     
   1.8480809078876257       0.74460800480086153     
   1.9283436276805279       0.63699340144445837     
   2.0092086208599680       0.53307540115289687     
   2.0905646386180958       0.43210155555978830     
   2.1723116109258740       0.33341753822683784     
   2.2543576396861114       0.23644292487953869     
   2.3366166036022138       0.14065103698793313     
   2.4190061699026049        4.5551819972342457E-002
   2.5014460603132407       -4.9323172967469110E-002
   2.5838564503488999      -0.14443451700647325     
   2.6661563975440443      -0.24024811894848674     
   2.7482621985160263      -0.33724858916063605     
   2.8300855675840069      -0.43595346960479042     
   2.9115315100753336      -0.53692901236355584     
   2.9924957284946125      -0.64080820847310405     
   3.0728613440168879      -0.74831172264145840     
   3.1524946305844508      -0.86027219517022724     
   3.2312393309477243      -0.97766182071537622     
   3.3089089339613018       -1.1016217812207350     
   3.3852760141522258       -1.2334891469663096     
   3.4600573377736605       -1.3748105899546383     
   3.5328929046638100       -1.5273194951363731     
   3.6033164622419562       -1.6928281460915273     
   3.6707145335615130       -1.8729409646369874     
   3.7342714161010688       -2.0684200766879619     
   3.7929009423392697       -2.2779424636701484     
   3.8451762912319514       -2.4959731180072628     
   3.8892930831224901       -2.7098383077204025     
   3.9231387219691785       -2.8974365220279199     
   3.9445633856349778       -3.0285512285910392     
   3.9519008127572484       -3.0752493091986111     
  0.94535733072995021        3.2505415277582244     
  0.95321389072193330        3.1916185311027201     
  0.97604049516664870        3.0293559405741872     
   1.0117783027641361        2.8043186877015542     
   1.0578872610962069        2.5569607854569716     
   1.1120029914564729        2.3133650005093322     
   1.1722109271881376        2.0860861143384670     
   1.2370660524990567        1.8789916789249079     
   1.3055089786881759        1.6916147958195948     
   1.3767665287673638        1.5217653801648261     
   1.4502689679404090        1.3668248941474883     
   1.5255890833927075        1.2242986025719851     
   1.6023995456437374        1.0920054217111512     
   1.6804435905102462       0.96810831019665522     
   1.7595148840855690       0.85108270999173496     
   1.8394435836890490       0.73966658550891884     
   1.9200865570202108       0.63280997750889789     
   2.0013203990011541       0.52963042776067093     
   2.0830363418920292       0.42937568849576585     
   2.1651364540894646       0.33139319116193211     
   2.2475307182693185       0.23510511917828958     
   2.3301347061899054       0.13998783655926406     
   2.4128676491683474        4.5554524282111160E-002
   2.4956507550454479       -4.8659979313149464E-002
   2.5784056537112066      -0.14311300901160728     
   2.6610528695055669      -0.23826735737304683     
   2.7435102229099155      -0.33460474714384081     
   2.8256910567331874      -0.43264021426520766     
   2.9075021624590605      -0.53293814299225628     
   2.9888412475436539      -0.63613072259657710     
   3.0695937286913839      -0.74293958928836223     
   3.1496285504552812      -0.85420128515821281     
   3.2287925989361019      -0.97089671311353232     
   3.3069030861448838       -1.0941835855141704     
   3.3837369926849297       -1.2254281178280360     
   3.4590162387812242       -1.3662262201743307     
   3.5323866755850966       -1.5183918963271104     
   3.6033882698093613       -1.6838653993270232     
   3.6714131997109414       -1.8644460713046695     
   3.7356487265526961       -2.0611735188406355     
   3.7950046954652774       -2.2730719297320103     
   3.8480359192336069       -2.4949256343915107     
   3.8928948795729603       -2.7140862131344905     
   3.9273924336039885       -2.9077451657865443     
   3.9492744192062306       -3.0439389156277277     
   3.9567769022619048       -3.0926143621217723     
  0.92907448256756686        3.2741452764332033     
  0.93711300510465567        3.2123939796031813     
  0.96043500396080339        3.0431660066219477     
  0.99685686782373839        2.8103166381101627     
   1.0437163501266844        2.5566396054423457     
   1.0985699521458638        2.3088470285988163     
   1.1594658767191059        2.0791905367866588     
   1.2249482830145220        1.8709974552735833     
   1.2939599027790003        1.6833326554418087     
   1.3657346491776667        1.5136766052360311     
   1.4397109649743847        1.3591998365096349     
   1.5154692907123204        1.2172792612944512     
   1.5926889030803166        1.0856582690971670     
   1.6711185419584829       0.96245671265546073     
   1.7505563954709653       0.84612639005884172     
   1.8308363277454907       0.73539314459577032     
   1.9118182603498541       0.62920164008920443     
   1.9933813297311436       0.52666793658953659     
   2.0754189133278427       0.42704051259544701     
   2.1578349222292537       0.32966874178341182     
   2.2405409550961219       0.23397738848051974     
   2.3234540347894788       0.13944570530021971     
   2.4064947304202104        4.5589882800974271E-002
   2.4895855188156397       -4.8052215591372793E-002
   2.5726492702148240      -0.14193494938190038     
   2.6556077589384603      -0.23651824060002474     
   2.7383801037147477      -0.33228111702001040     
   2.8208810350976377      -0.42973621100245524     
   2.9030188679488811      -0.52944599470010190     
   2.9846930222009331      -0.63204157979989295     
   3.0657908794106485      -0.73824493754876308     
   3.1461836766608395      -0.84889531813005592     
   3.2257210086419636      -0.96498028386907075     
   3.3042233113260906       -1.0876707276114443     
   3.3814714050174959       -1.2183567053363382     
   3.4571917397005039       -1.3586751846052196     
   3.5310353708217708       -1.5105085268812821     
   3.6025479000105451       -1.6759072804224322     
   3.6711268163395574       -1.8568417810537421     
   3.7359625697484153       -2.0546002445751848     
   3.7959623531384996       -2.2685270584483908     
   3.8496657933063232       -2.4937175489431311     
   3.8951879211732998       -2.7175858262632975     
   3.9302711672692783       -2.9167191575597209     
   3.9525660332982637       -3.0575566638911189     
   3.9602179424338373       -3.1080511449206609     
  0.91360409208286109        3.2959394169625451     
  0.92181008161420486        3.2315046770839362     
  0.94558617833663106        3.0557246443583725     
  0.98263066100266638        2.8156365418860334     
   1.0301679938152810        2.5562126848104998     
   1.0856835054295408        2.3046813198993816     
   1.1471934198463469        2.0729575208529565     
   1.2132337135932283        1.8638455534556175     
   1.2827501216641122        1.6759753041102450     
   1.3549835745813374        1.5065290803962064     
   1.4293801910530408        1.3524903216780217     
   1.5055274228683684        1.2111240549251416     
   1.5831105091196014        1.0801089215304969     
   1.6618831059996244       0.95752848094101262     
   1.7416474093507739       0.84181507122293109     
   1.8222405483378754       0.73168490308737821     
   1.9035251209346045       0.62607867620018187     
   1.9853824815830272       0.52411170655121209     
   2.0677078730544665       0.42503351683719814     
   2.1504068037061845       0.32819548279197136     
   2.2333922690952877       0.23302485327095113     
   2.3165825434330238       0.13900358128710416     
   2.3998993470830983        4.5650628238098324E-002
   2.4832662470374243       -4.7493378979414601E-002
   2.5666071776735726      -0.14088008839224445     
   2.6498449847304957      -0.23496679873824225     
   2.7328998992158144      -0.33023005210712364     
   2.8156878406851007      -0.42718021960148639     
   2.8981184299490654      -0.52637789356938236     
   2.9800925566562406      -0.62845296425667463     
   3.0614992916105055      -0.73412731541529996     
   3.1422118476154313      -0.84424204511530643     
   3.2220821611104884      -0.95978983223349079     
   3.3009334669726735       -1.0819521507193053     
   3.3785499370049208       -1.2121386811718957     
   3.4546620034534659       -1.3520208039663555     
   3.5289253429210525       -1.5035390573788767     
   3.6008906374090901       -1.6688392421847265     
   3.6699603021194704       -1.8500416861903479     
   3.7353280354582683       -2.0486567219731651     
   3.7958993555384342       -2.2643219687080154     
   3.8502012829755623       -2.4924304809953588     
   3.8963162799077682       -2.7204846903079094     
   3.9319256556937754       -2.9245561536226279     
   3.9545930458288994       -3.0696290610117538     
   3.9623801108113788       -3.1217918782290601     
  0.89883166028100092        3.3161447352458095     
  0.90719186550871678        3.2491651430563695     
  0.93138453186412196        3.0672214037294436     
  0.96899637525567817        2.8204177648534250     
   1.0171469236230235        2.5557528446268947     
   1.0732574403240571        2.3008746478213928     
   1.1353166412622167        2.0673401483655893     
   1.2018544306818224        1.8574514273418532     
   1.2718201489607779        1.6694352366141387     
   1.3444615680617440        1.5002038018523651     
   1.4192319809784155        1.3465740731523599     
   1.4957252597030781        1.2057130382234682     
   1.5736320334700173        1.0752434441789060     
   1.6527103627446538       0.95321803081595524     
   1.7327660089828956       0.83805295922584744     
   1.8136389902477488       0.72845670490433700     
   1.8951942618046793       0.62336703704836549     
   1.9773151240380846       0.52189902881816641     
   2.0598984506978715       0.42330342348953520     
   2.1428511425229066       0.32693357951775437     
   2.2260874094962051       0.23221909527712128     
   2.3095266110979278       0.13864442300186880     
   2.3930914640295131        4.5731058569842067E-002
   2.4767064770453717       -4.6977859009414431E-002
   2.5602965024618447      -0.13993151794635128     
   2.6437853092538650      -0.23358483242116745     
   2.7270940862748643      -0.32841206921754901     
   2.8101397768374112      -0.42492149860971390     
   2.8928331265897831      -0.52367191066159779     
   2.9750762921713503      -0.62529191697724484     
   3.0567598026982847      -0.73050304003692335     
   3.1377585800555856      -0.84014760652249287     
   3.2179265918979305      -0.95522224517600451     
   3.2970895094627299       -1.0769169838281720     
   3.3750344354020800       -1.2066577619055059     
   3.4514953057205249       -1.3461449582972795     
   3.5261318973404476       -1.4973688244829924     
   3.5984994576571006       -1.6625576322697819     
   3.6680049314303447       -1.8439633783054765     
   3.7338452159168587       -2.0432945357946832     
   3.7949248627014485       -2.2604559292164534     
   3.8497603794312205       -2.4911220896387851     
   3.8964058413535727       -2.7229006579974975     
   3.9324879679912064       -2.9314231376633870     
   3.9554914040009908       -3.0803520665276616     
   3.9634006629319614       -3.1340414359842996     
  0.88465528803445048        3.3349616155156934     
  0.89315767039139982        3.2655675758718674     
  0.91773299116955709        3.0778201449528275     
  0.95586270991236699        2.8247739519136501     
   1.0045691577745650        2.5553124442080253     
   1.0612158501947999        2.2974219937728533     
   1.1237677948907572        2.0622888996335207     
   1.1907505096395825        1.8517357406895851     
   1.2611173377830269        1.6636159074343677     
   1.3341226568229076        1.4945964687694202     
   1.4092264511664001        1.3413456036162528     
   1.4860284767900016        1.2009438833081247     
   1.5642242477967556        1.0709654382517746     
   1.6435757841015490       0.94943659558497184     
   1.7238920328786800       0.83475992249940389     
   1.8050155803953696       0.72563760847953473     
   1.8868134687031650       0.62100524649142497     
   1.9691707145157287       0.51997799990156635     
   2.0519856254124176       0.42180791338557000     
   2.1351663225758499       0.32585026022730551     
   2.2186280775636109       0.23153683471208863     
   2.3022911961802861       0.13835438721440438     
   2.3860792619729958        4.5826722821319832E-002
   2.4699176014716517       -4.6500742107847021E-002
   2.5537318628037160      -0.13907496983717052     
   2.6374466143747424      -0.23234871366864768     
   2.7209838737863636      -0.32679416747762779     
   2.8042614698412205      -0.42291766570278350     
   2.8871911212618970      -0.52127629832513867     
   2.9696760814558938      -0.62249739690478934     
   3.0516081434041706      -0.72730195202084746     
   3.1328637127376675      -0.83653307409592936     
   3.2132985246316634      -0.95119045585857909     
   3.2927403768718198       -1.0724710896827021     
   3.3709789404378214       -1.2018144737162653     
   3.4477512378230579       -1.3409455574907396     
   3.5227206840025387       -1.4918972560671988     
   3.5954466205822078       -1.6569694573795859     
   3.6653401315673912       -1.8385299042405143     
   3.7316011937185354       -2.0384637245358865     
   3.7931338988645287       -2.2569184104033324     
   3.8484459417544716       -2.4898321611202965     
   3.8955665889759090       -2.7249279243846609     
   3.9320737808310176       -2.9374614304861670     
   3.9553804243039541       -3.0898968164462453     
   3.9634001575321030       -3.1449806418931190     
  0.87098410495857703        3.3525723445966862     
  0.87961779366097248        3.2808846473424884     
  0.90454528314130778        3.0876630297160323     
  0.94314874695979789        2.8287980566398065     
  0.99236041459218438        2.5549284595232682     
   1.0494916404776484        2.2943106113214697     
   1.1124869518558473        2.0577541247849029     
   1.1798688288946120        1.8466251837713328     
   1.2505948687360795        1.6584311364636453     
   1.3239257888334159        1.4896158300000446     
   1.3993278122867023        1.3367138488103667     
   1.4764060979308575        1.1967290941537625     
   1.5548606010038395        1.0671930665807854     
   1.6344569153231048       0.94610923601408681     
   1.7150068474329891       0.83186861299986903     
   1.7963552780636491       0.72316820936587367     
   1.8783711062281190       0.61894198963005964     
   1.9609408705603275       0.51830542105564592     
   2.0439641459706519       0.42051186703268034     
   2.1273501291463903       0.32491841977479630     
   2.2110150245381290       0.23095891014589753     
   2.2948799674048601       0.13812219346377158     
   2.3788692992812326        4.5934174498680140E-002
   2.4629090602735362       -4.6057668214131486E-002
   2.5469255916909321      -0.13829828454880483     
   2.6308441573135486      -0.23123847239624407     
   2.7145874949413025      -0.32534854214720088     
   2.7980742025208238      -0.42113305370022802     
   2.8812168440005190      -0.51914751048776675     
   2.9639196259216654      -0.62001799746845343     
   3.0460754406838828      -0.72446487375448310     
   3.1275619865175917      -0.83333171509739101     
   3.2082365415346445      -0.94762060278179860     
   3.2879287648049971       -1.0685342410199634     
   3.3664305830286003       -1.1975235098537340     
   3.4434817418122012       -1.3363342941490466     
   3.5187488857306257       -1.4870362867893667     
   3.5917950240270722       -1.6519917701568447     
   3.6620350070304708       -1.8336704322196402     
   3.7286717299181711       -2.0341149389200055     
   3.7906091815172829       -2.2536927006324801     
   3.8463476265947905       -2.4885872449044091     
   3.8938945833998049       -2.7266418555051888     
   3.9307843621777394       -2.9427908721420351     
   3.9543647597901317       -3.0984128969031142     
   3.9624844145455191       -3.1547691392567798     
  0.85773688483724797        3.3691431724116820     
  0.86649212302546086        3.2952719694166372     
  0.89174452537096771        3.0968739238036451     
  0.93078254508909208        2.8325664305674407     
  0.98045475240008284        2.5546263939526601     
   1.0380252603114748        2.2915229512546231     
   1.1014208576610840        2.0536876198816794     
   1.1691620696986471        1.8420527373369906     
   1.2402108951453081        1.6538043050689595     
   1.3138341171467667        1.4851821110935721     
   1.3895037812761677        1.3326001007221202     
   1.4668300214102070        1.1929936698341952     
   1.5455168460303534        1.0638566176330784     
   1.6253330893906557       0.94317243022179265     
   1.7060931371740886       0.82932217150637155     
   1.7876439307181602       0.72099852374119622     
   1.8698560303846612       0.61713421807451863     
   1.9526173316987308       0.51684515502310835     
   2.0358285358314538       0.41938599285131301     
   2.1193997923299688       0.32411553256936065     
   2.2032481297420268       0.23046948463760572     
   2.2872954140225810       0.13793862841652699     
   2.3714666527313604        4.6050776738795582E-002
   2.4556885115339355       -4.5644724311729550E-002
   2.5398879382272699      -0.13759100481695127     
   2.6239908040521045      -0.23023709340354695     
   2.7079204752646109      -0.32405159097145869     
   2.7915962205679987      -0.41953743567146895     
   2.8749313409261616      -0.51724866068183029     
   2.9578308742846162      -0.61781015841462661     
   3.0401886728392835      -0.72194160546329578     
   3.1218835647226593      -0.83048681625523224     
   3.2027741791848583      -0.94444974358091116     
   3.2826918090293100       -1.0650378107654901     
   3.3614303669026460       -1.1937115160998815     
   3.4387320053348005       -1.3322346832903702     
   3.5142662387618695       -1.4827088562320081     
   3.5875993608657346       -1.6475508712388953     
   3.6581496391569694       -1.8293204187988086     
   3.7251227039255519       -2.0302007848539878     
   3.7874226866837275       -2.2507584681164445     
   3.8435435493369727       -2.4874041672147662     
   3.8914736791052968       -2.7281028407939143     
   3.9287083045695357       -2.9475133095182646     
   3.9525361280220874       -3.1060311715376927     
   3.9607462381199583       -3.1635479062562819     
  0.84484082219307455        3.3848261815509249     
  0.85370890783490494        3.3088702892777122     
  0.87926199090570245        3.1055612991653323     
  0.91869991830248454        2.8361421396299882     
  0.96879339846191459        2.5544232772357796     
   1.0267636181062174        2.2890387447493072     
   1.0905219590510569        2.0500435830464534     
   1.1585878650672508        1.8379575935448846     
   1.2299278140435448        1.6496674699902409     
   1.3038143862378904        1.4812255704550177     
   1.3797250730041326        1.3289362232282509     
   1.4572746058399928        1.1896731504555864     
   1.5361707088658123        1.0608965083305066     
   1.6161851689930746       0.94057212413291091     
   1.6971347105944918       0.82707238914167069     
   1.7788681357642759       0.71908630468433443     
   1.8612574995149818       0.61554565048845367     
   1.9441919138997412       0.51556683059939035     
   2.0275730865171466       0.41840574867384456     
   2.1113120156728264       0.32342279929733825     
   2.1953264617028916       0.23005542283012578     
   2.2795389374787773       0.13779615631357928     
   2.3638750385708307        4.6174547547749765E-002
   2.4482619815294275       -4.5258364140050515E-002
   2.5326272470765452      -0.13694406113580940     
   2.6168972393003482      -0.22932996972328828     
   2.7009958750284770      -0.32288313901775223     
   2.7848430101572621      -0.41810502708826547     
   2.8683525906971843      -0.51554831054781092     
   2.9514303824337969      -0.61583675433166984     
   3.0339710783983369      -0.71968933407921898     
   3.1158544977207767      -0.82794994282594225     
   3.1969404565840076      -0.94162400745157437     
   3.2770616859800397       -1.0619228795508400     
   3.3560138514980493       -1.1903152397481720     
   3.4335412375821650       -1.3285803710038409     
   3.5093159124528484       -1.4788475331523545     
   3.5829071120085052       -1.6435814430363274     
   3.6537361987979557       -1.8254214696184403     
   3.7210113461198620       -2.0266766071464222     
   3.7836369921524518       -2.2480935523841414     
   3.8401017165844924       -2.4862926816229449     
   3.8883770145250161       -2.7293593590905143     
   3.9259230397287954       -2.9517155028616302     
   3.9499748285347116       -3.1128662297146232     
   3.9582669324823914       -3.1714414718049575     
  0.83223044823093140        3.3997610042449784     
  0.84120367272326202        3.3218074576011785     
  0.86703602256152301        3.1138207125437796     
  0.90684337103578350        2.8395776500301011     
  0.95732373592791686        2.5543299564552084     
   1.0156591487710198        2.2868364673658430     
   1.0797475692789342        2.0467791453768074     
   1.1481080695408621        1.8342848726630094     
   1.2197116386550091        1.6459604707305684     
   1.2938364006863259        1.4776852026699829     
   1.3699649564749721        1.3256631224851227     
   1.4477163046619368        1.1867119847674799     
   1.5268015924833969        1.0582616431232021     
   1.6069953118047640       0.93826214795666352     
   1.6881163196401592       0.82507822646749451     
   1.7700151080962199       0.71739569424259497     
   1.8525650846996204       0.61414557773703193     
   1.9356564584974587       0.51444481385359375     
   2.0191918415336398       0.41755048734023054     
   2.1030829923007435       0.32282447200028552     
   2.1872483243820322       0.22970579853843079     
   2.2716109262660127       0.13768861074327032     
   2.3560969151206197        4.6304036515427846E-002
   2.4406339947914497       -4.4895346456351737E-002
   2.5251501162645829      -0.13634952551149393     
   2.6095721529033495      -0.22850447308219268     
   2.6938245057291321      -0.32182582798914100     
   2.7778275465892315      -0.41681369757636338     
   2.8614957880923351      -0.51401950970990062     
   2.9447356354562140      -0.61406597152601505     
   3.0274425208787430      -0.71767136070429982     
   3.1094971355776617      -0.82567953707337505     
   3.1907603417766834      -0.93909709492228033     
   3.2710661403473722       -1.0591386807988783     
   3.3502117484117049       -1.1872799831004888     
   3.4279433431977306       -1.3253136845106466     
   3.5039352695054324       -1.4753932812304029     
   3.5777594012109102       -1.6400256839832235     
   3.6488399018897892       -1.8219210210733208     
   3.7163872959860691       -2.0235008939646075     
   3.7793064326738914       -2.2456751956524763     
   3.8360812631228085       -2.4852574592082455     
   3.8846683061428489       -2.7304504144931228     
   3.9224961619691086       -2.9554715476064319     
   3.9467510749004853       -3.1190185105992985     
   3.9551176348903789       -3.1785598734996521     
  0.81984666732673772        3.4140764162035460     
  0.82891825410023345        3.3342002067239385     
  0.85501107550770006        3.1217369279890512     
  0.89516116602037077        2.8429170030089712     
  0.94599842303584103        2.5543528398972399     
   1.0046690063658348        2.2848943499386252     
   1.0690591467957036        2.0438546138470097     
   1.1376881273887300        1.8309852265954540     
   1.2095314533762016        1.6426300731328747     
   1.2838725608369377        1.4745075900127338     
   1.3601988637157643        1.3227294407976442     
   1.4381333406403090        1.1840621658925508     
   1.5173903097666359        1.0559080618075802     
   1.5977467554035598       0.93620292425468066     
   1.6790234909949200       0.82330461403947242     
   1.7610725529349482       0.71589613764587912     
   1.8437685800978618       0.61290790435867759     
   1.9270027766808293       0.51345738542812103     
   2.0106785722884801       0.41680277501349616     
   2.0947084101194693       0.32230731646347682     
   2.1790112900372827       0.22941150290228851     
   2.2635108153178387       0.13761094940277160     
   2.3481335680305051        4.6438226517408171E-002
   2.4328076849999207       -4.4552686406596813E-002
   2.5174615339289872      -0.13580041622145272     
   2.6020224031111994      -0.22774961271905869     
   2.6864151210025295      -0.32086463034145707     
   2.7705605144653900      -0.41564434243099363     
   2.8543735955817868      -0.51263902821758622     
   2.9377613333113075      -0.61247040711100420     
   3.0206198118974212      -0.71585607537540141     
   3.1028304926162260      -0.82363978268840143     
   3.1842551626136149      -0.93682905316070830     
   3.2647289475737971       -1.0566413185705126     
   3.3440504419278834       -1.1845583100547381     
   3.4219675077938403       -1.3223843933631374     
   3.4981565237995969       -1.4722943661231167     
   3.5721917323158885       -1.6368324816754103     
   3.6434998318600460       -1.8187719259363755     
   3.7112935123185280       -2.0206354277048839     
   3.7744780950519159       -2.2434808693187289     
   3.8315335210935366       -2.4842995751749233     
   3.8804029726860234       -2.7314074693969981     
   3.9184865841942202       -2.9588448930823916     
   3.9429261633212862       -3.1245761487459882     
   3.9513604868976460       -3.1850003906506199     
  0.80763589762829191        3.4278918307526807     
  0.81679994253423660        3.3461557700438598     
  0.84313686970151980        3.1293857420790965     
  0.88360650462923629        2.8461975777392108     
  0.93477462305581471        2.5544952199487816     
  0.99375436067289280        2.2831910595871925     
   1.0584216671813624        2.0412335223650757     
   1.1272965213538360        1.8280143880949240     
   1.1993589361211177        1.6396291714023536     
   1.2738974531854184        1.4716458939662618     
   1.3504040418334962        1.3200904433266232     
   1.4285054132811881        1.1816820893521933     
   1.5079188404673192        1.0537978214294286     
   1.5884236186030647       0.93436040895708583     
   1.6698423673204699       0.82172147558365360     
   1.7520285431800975       0.71456150338128233     
   1.8348579132337983       0.61181037472464139     
   1.9182225900939778       0.51258607829367364     
   2.0020267468867039       0.41614784371161817     
   2.0861834471389935       0.32186018124276711     
   2.1706122198198772       0.22916493074082001     
   2.2552371310027888       0.13755905811701630     
   2.3399851791533375        4.6576455469312168E-002
   2.4247848875667515       -4.4227616117976015E-002
   2.5095649947824690      -0.13529054093114767     
   2.5942531574385437      -0.22705576138032410     
   2.6787745827549747      -0.31998645878992277     
   2.7630505003444603      -0.41458037682091237     
   2.8469963641736578      -0.51138673756519160     
   2.9305196419803763      -0.61102634042717896     
   3.0135169952304350      -0.71421612487304698     
   3.0958705675416112      -0.82179967855555425     
   3.1774429666961974      -0.93478527062297789     
   3.2580703180151454       -1.0543927058422431     
   3.3375524424481049       -1.1821089619611858     
   3.4156387063033868       -1.3197486524536242     
   3.4920073097334376       -1.4695053955370099     
   3.5662346256372448       -1.6339566446972063     
   3.6377496482807046       -1.8159319960244065     
   3.7057670571619270       -2.0180452700508669     
   3.7691926761973775       -2.2414888093176790     
   3.8265029446538725       -2.4834176129969641     
   3.8756291117055870       -2.7322559776021582     
   3.9139455471427231       -2.9618900264893573     
   3.9385534969564082       -3.1296165795301332     
   3.9470496625877289       -3.1908490801906177     
  0.79554930128712398        3.4413187139154222     
  0.80480071611948401        3.3577733703859427     
  0.83136763612625275        3.1368355630390146     
  0.87213680234233348        2.8494515242505867     
  0.92361332688035347        2.5547582733449237     
  0.98287977989108521        2.2817061420096745     
   1.0478030718156324        2.0388825580676526     
   1.1169042873978419        1.8253327029331017     
   1.1891679357571063        1.6369160582192142     
   1.2638874855103643        1.4690589743281524     
   1.3405592404122009        1.3177070693540451     
   1.4188134332578273        1.1795355949340915     
   1.4983701079071219        1.0518980681949854     
   1.5790107162652205       0.93270521913972881     
   1.6605595566074829       0.82030292813398897     
   1.7428714002830950       0.71336936593000877     
   1.8258230548782675       0.61083394447543959     
   1.9093074676630026       0.51181514137658390     
   1.9932294922384184       0.41557314897331832     
   2.0775027575558709       0.32147365020143032     
   2.1620472728498408       0.22895972826324215     
   2.2467875225100231       0.13752959373998919     
   2.3316508798391911        4.6718354324083222E-002
   2.4165662147073776       -4.3917551710492247E-002
   2.5014625970978028      -0.13481436883298883     
   2.5862680119696444      -0.22641443272290221     
   2.6709080034759549      -0.31917984925644866     
   2.7553041590490963      -0.41360732487952895     
   2.8393723250238514      -0.51024510709418991     
   2.9230204120442949      -0.60971313901389412     
   3.0061455944182147      -0.71272773212188156     
   3.0886306225738958      -0.82013227811284473     
   3.1703388350252291      -0.93293564684810437     
   3.2511072486262229       -1.0523596811840994     
   3.3307367802917618       -1.1798959462639673     
   3.4089781435092186       -1.3173680998923920     
   3.4855111745134937       -1.4669864802411945     
   3.5599141671645329       -1.6313582013515522     
   3.6316181976592583       -1.8133635355086930     
   3.6998397713116695       -2.0156986417561589     
   3.7634852232973044       -2.2396783437209002     
   3.8210279097153137       -2.4826084788799179     
   3.8703883476211329       -2.7330166000780745     
   3.9089174998165994       -2.9646538794848478     
   3.9336794828359438       -3.1342079372738003     
   3.9422322701911572       -3.1961821385122673     
  0.78354209142781595        3.4544619394062890     
  0.79287655159830239        3.3691456027512685     
  0.81966144273934693        3.1441487884604555     
  0.86071304432632345        2.8527069335837565     
  0.91247875288914759        2.5551418152067225     
  0.97201268455388945        2.2804202922353580     
   1.0371737796015135        2.0367714092808717     
   1.1064845834342620        1.8229046679568310     
   1.1789340944781672        1.6344537649844051     
   1.2538205584391793        1.4667106218951740     
   1.3306444276392859        1.3155451230274771     
   1.4090392787354906        1.1775911604355505     
   1.4887277716025680        1.0501802638918329     
   1.5694933848442907       0.93121191110984303     
   1.6511619877612156       0.81902662356650557     
   1.7335895774590380       0.71230041777926334     
   1.8166539278839542       0.60996226703075640     
   1.9002487584153509       0.51113110266657613     
   1.9842795495450618       0.41506801049434117     
   2.0686604488751379       0.32113976098649127     
   2.1533119042004252       0.22879058932964347     
   2.2381587801600804       0.13751985802741915     
   2.3231287892585417        4.6863798369090333E-002
   2.4081511136762135       -4.3620064710815649E-002
   2.4931551209663234      -0.13436692483589197     
   2.5780690899643979      -0.22581809830560412     
   2.6628188657383598      -0.31843470072693414     
   2.7473263548435254      -0.41271248264133420     
   2.8315077533313397      -0.50919879063194162     
   2.9152713666205594      -0.60851277022005379     
   2.9985148263857488      -0.71137013530760218     
   3.0811214247493313      -0.81861406033655382     
   3.1629551533806994      -0.93125390270371622     
   3.2438538272584156       -1.0505132701426556     
   3.3236193462233374       -1.1778877675991228     
   3.4020036345845281       -1.3152090860263130     
   3.4786880028934779       -1.4647025026374045     
   3.5532524818816520       -1.6290017667588867     
   3.6251300394697861       -1.8110328851841613     
   3.6935388561174363       -2.0135667387453169     
   3.7573857720695294       -2.2380300734904250     
   3.8151414052945429       -2.4818679973540063     
   3.8647165675612882       -2.7337061694334008     
   3.9034408666694498       -2.9671770051620383     
   3.9283443161349108       -3.1384102741077506     
   3.9369491415301305       -3.2010671094074277     
  0.77157290423869607        3.4674211026490998     
  0.78098680136832510        3.3803597356775570     
  0.80797958762986477        3.1513830207822413     
  0.84929920803213166        2.8559888002499574     
  0.90133781088503784        2.5556448660227629     
  0.96112286002553815        2.2793155031936272     
   1.0265062502042850        2.0348725669729673     
   1.0960123019370518        1.8206984883865185     
   1.1686345065311343        1.6322094698903238     
   1.2436757663493703        1.4645688907607783     
   1.3206405294238746        1.3135745817243967     
   1.3991655690575857        1.1758212208772278     
   1.4789760323023333        1.0486195382888186     
   1.5598573160127476       0.92985837995110554     
   1.6416367704820323       0.81787320366221383     
   1.7241715438736691       0.71133798481239741     
   1.8073403140704198       0.60918127184027682     
   1.8910375197516935       0.51052241147573252     
   1.9751692229075088       0.41462331877683556     
   2.0596500500346564       0.32085177598451603     
   2.1444008519257607       0.22865309046804239     
   2.2293468409124397       0.13752769641730378     
   2.3144160381437415        4.7012869529819180E-002
   2.3995379086663311       -4.3332856379592138E-002
   2.4846420884480800      -0.13394370056510668     
   2.5696571205214958      -0.22526003522636956     
   2.6545091198143740      -0.31774205945288647     
   2.7391202786308915      -0.41188463881735332     
   2.8234071059516483      -0.50823428406313609     
   2.9072782604560028      -0.60740939629319746     
   2.9906317833341958      -0.71012512200027034     
   3.0733514522207614      -0.81722440585928158     
   3.1553018449692529      -0.92971700366302235     
   3.2363214939598817       -1.0488280642767185     
   3.3162131841114215       -1.1760567763853138     
   3.3947299322288771       -1.3132420130733768     
   3.4715543822792609       -1.4626224796658123     
   3.5462681405663381       -1.6268559757658723     
   3.6183058982784502       -1.8089099894067628     
   3.6868873738357375       -2.0116235128271143     
   3.7509198964546235       -2.2365259503885708     
   3.8088716304437051       -2.4811913421678313     
   3.8586445589788632       -2.7343384555653802     
   3.8975487150630079       -2.9694945650474081     
   3.9225826647460296       -3.1422766241003912     
   3.9312355219826256       -3.2055639557597453     
  0.75960322557247795        3.4802918139299059     
  0.76909362558062266        3.3914989550981227     
  0.79628604815730031        3.1585921552206968     
  0.83786174123295154        2.8593198220780041     
  0.89015961859654824        2.5562660773629773     
  0.95018201666548308        2.2783751282025113     
   1.0157745888938039        2.0331611012722099     
   1.0854637177234898        1.8186856614043896     
   1.1582474058564454        1.6301539690839300     
   1.2334331213763403        1.4626055169604866     
   1.3105291863781796        1.3117690033980596     
   1.3891754516314720        1.1742015913807982     
   1.4690994461068552        1.0471941445109236     
   1.5500883957421532       0.92862535760785414     
   1.6319710574010537       0.81682584682559178     
   1.7146056682511770       0.71046762483560588     
   1.7978717580033090       0.60847881623867595     
   1.8816644403402116       0.50997914416460954     
   1.9658903204919669       0.41423129466944075     
   2.0504644701865247       0.32060399540180351     
   2.1353081129692706       0.22854355710430885     
   2.2203467810652739       0.13755141704951993     
   2.3055087780872183        4.7165827898869646E-002
   2.3907238266501052       -4.3053733829312171E-002
   2.4759218060338024      -0.13354057817077816     
   2.5610314978773254      -0.22473419754707280     
   2.6459792601693874      -0.31709393786998014     
   2.7306875421524448      -0.41111384108072241     
   2.8150731339778630      -0.50733963898164225     
   2.8990450117511988      -0.60638903571138747     
   2.9825015848790590      -0.70897663906306074     
   3.0653270680176097      -0.81594515740620166     
   3.1473865673849555      -0.92830467435899999     
   3.2285192630226613       -1.0472816960785649     
   3.3085287402870764       -1.1743786144216140     
   3.3871690059209349       -1.3114407677205842     
   3.4641239148002181       -1.4607190075864906     
   3.5389765078515483       -1.6248929770810450     
   3.6111630509729165       -1.8069679916752632     
   3.6799046767202479       -2.0098454360418874     
   3.7441091809193150       -2.2351492839953031     
   3.8022425085584235       -2.4805733433992105     
   3.8521985609903875       -2.7349247741874936     
   3.8912693346817915       -2.9716371589828299     
   3.9164242654513175       -3.1458539336459017     
   3.9251216720890336       -3.2097260115076791     
  0.74759686219924382        3.4931669930337508     
  0.75716146935213824        3.4026435751113691     
  0.78454697582767752        3.1658273713510243     
  0.82636908510187235        2.8627210745376441     
  0.87891506054393664        2.5570040516779202     
  0.93916338805897437        2.2775838836829543     
   1.0049541842805254        2.0316144272427517     
   1.0748161632339566        1.8168405890369344     
   1.1477518760163523        1.6282612050079686     
   1.2230732948938312        1.4607954114131754     
   1.3002925239266256        1.3101050169136652     
   1.3790523980690863        1.1727109758476091     
   1.4590827444080534        1.0458849987952394     
   1.5401725461594160       0.92749599121977833     
   1.6221519062845473       0.81586988912067260     
   1.7048801001320202       0.70967679336964351     
   1.7882374662465537       0.60784439677319502     
   1.8721197565067067       0.50949276107354813     
   1.9564340873768256       0.41388529165422988     
   2.0410959474730257       0.32039160444417997     
   2.1260269074778004       0.22845895518151396     
   2.2111527958412078       0.13758972642257356     
   2.2964021762481628        4.7323091134017718E-002
   2.3817050071670041       -4.2780587063572406E-002
   2.4669913895831876      -0.13315376383777652     
   2.5521903216748396      -0.22423510621712370     
   2.6372283813569051      -0.31648316075079885     
   2.7220282499274280      -0.41039119827039811     
   2.8065069712795898      -0.50650422081834923     
   2.8905738080034928      -0.60543927729031499     
   2.9741275020732751      -0.70791046325659213     
   3.0570526633206407      -0.81476024809750525     
   3.1392148764319998      -0.92699898709007955     
   3.2204539089062134       -1.0458543922153476     
   3.3005740734091065       -1.1728317405543782     
   3.3793302778768717       -1.3097822317875369     
   3.4564074818194732       -1.4589677772828085     
   3.5313900379925478       -1.6230879829175551     
   3.6037156565614112       -1.8051828612701781     
   3.6726067733176051       -2.0082112607790004     
   3.7369716247116394       -2.2338847009104517     
   3.7952741290117009       -2.4800087018559456     
   3.8454007396272947       -2.7354744711142662     
   3.8846267389871429       -2.9736315253120731     
   3.9098944415244143       -3.1491838766939462     
   3.9186333905112494       -3.2136008272094476     
  0.73551944836541816        3.5061381907881715     
  0.74515657568426286        3.4138722416750644     
  0.77273022737434993        3.1731380570226650     
  0.81479123279379173        2.8662125902885527     
  0.86757638001970139        2.5578575835467641     
  0.92804135865604109        2.2769278110771087     
  0.99402137108531230        2.0302120690715220     
   1.0640477243332405        1.8151402205866327     
   1.1371275763162827        1.6265078455582747     
   1.2125773711971766        1.4591162162726432     
   1.2899129310159554        1.3085618819000380     
   1.3687800057101942        1.1713305465882160     
   1.4489106563457452        1.0446752895715090     
   1.5300955673652430       0.92645548708966163     
   1.6121661399148084       0.81499250589986783     
   1.6949826467498188       0.70895456414432589     
   1.7784262003674465       0.60726890885947005     
   1.8623931606694262       0.50905590513758214     
   1.9467911288644264       0.41357963293899791     
   2.0315359867894123       0.32021054837393798     
   2.1165496307020151       0.22839680366770906     
   2.2017581652138958       0.13764167892553320     
   2.2870903949886432        4.7485220697862540E-002
   2.3724764957431521       -4.2511366202383313E-002
   2.4578467715908952      -0.13277972854700706     
   2.5431304182292274      -0.22375775327467645     
   2.6282542135312994      -0.31590323272299520     
   2.7131410493611288      -0.40970871098388600     
   2.7977081996651774      -0.50571850231076731     
   2.8818651868060887      -0.60454903645241131     
   2.9655110545666985      -0.70691392049855195     
   3.0485307718673109      -0.81365538447226626     
   3.1307903588485155      -0.92578401033126378     
   3.2121301185678979       -1.0445285907894981     
   3.2923550279342604       -1.1713970224819541     
   3.3712208194622106       -1.3082458582205505     
   3.4484134653639331       -1.4573471499395687     
   3.5235185236283639       -1.6214188681784754     
   3.5959750346872976       -1.8035330509023269     
   3.6650066389704867       -2.0067017836700676     
   3.7295219858408228       -2.2327180722113731     
   3.7879831244651241       -2.4794921342840834     
   3.8382695956428274       -2.7359953083970185     
   3.8776410973593678       -2.9755011337899426     
   3.9030145502711231       -3.1523035707741105     
   3.9117924667736754       -3.2172309235937160     
  0.72333797857687065        3.5192969676452175     
  0.73304652499659007        3.4252631577734616     
  0.76080492295528357        3.1805726918910837     
  0.80309931456799000        2.8698138698404452     
  0.85611679557196829        2.5588258435785174     
  0.91679111278315784        2.2763942115432925     
  0.98295311062380653        2.0289354281161529     
   1.0531369500790884        1.8135637232300588     
   1.1263544783124093        1.6248729076288346     
   1.2019266082754141        1.4575479150549409     
   1.2793728429355122        1.3071211066351451     
   1.3583418005879271        1.1700435826864415     
   1.4385677303219648        1.0435501436070225     
   1.5198429761755594       0.92549080844747167     
   1.6020002009737793       0.81418244302666631     
   1.6849006431727813       0.70829139437199884     
   1.7684261616205204       0.60674444602234778     
   1.8524736999930085       0.50866223465386307     
   1.9369513226547996       0.41330947718876149     
   2.0217752851329589       0.32005743060611958     
   2.1068677912696940       0.22835510448099455     
   2.1921552049388384       0.13770663814612180     
   2.2775665555733662        4.7652914230852585E-002
   2.3630322202459686       -4.2244058256555327E-002
   2.4484826902551919      -0.13241515404557130     
   2.5338473424438250      -0.22329751699423075     
   2.6190531374215489      -0.31534822240909738     
   2.7040231590699326      -0.40905912452074772     
   2.7886748909426600      -0.50497388500072904     
   2.8729180921317092      -0.60370834513272609     
   2.9566520817159692      -0.70597564418955649     
   3.0397621566260971      -0.81261777368526056     
   3.1221147354402041      -0.92464550592634043     
   3.2035506121325947       -1.0432886109299191     
   3.2838753736082742       -1.1700573830989547     
   3.3628455110225071       -1.3068133016436851     
   3.4401479300569955       -1.4558377840445713     
   3.5153693018014271       -1.6198658131556025     
   3.5879498978502475       -1.8019991839219192     
   3.6571144762558068       -2.0052996175894808     
   3.7217720711932252       -2.2316364209099735     
   3.7803829908126625       -2.4790184668041650     
   3.8308203121528988       -2.7364937729169907     
   3.8703291052908533       -2.9772666899430429     
   3.8958023678124190       -3.1552462083368371     
   3.9046170710465398       -3.2206544637857903     
  0.71102035750834314        3.5327363665109472     
  0.72079979222701285        3.4368953626028618     
  0.74874102255156250        3.1881797174395756     
  0.79126520075782403        2.8735443456920291     
  0.84451013371105021        2.5599085214405228     
  0.90538829730576142        2.2759715630494854     
  0.97172668193476663        2.0277675576121981     
   1.0420625700570973        1.8120921782557806     
   1.1154126069477659        1.6233374187886267     
   1.1911022005063345        1.4560724879630547     
   1.2686545236132494        1.3057661141760042     
   1.3477210376733901        1.1688351569213551     
   1.4280381508255466        1.0424963391263724     
   1.5093998384044638       0.92459041749581339     
   1.5916399988715999       0.81342978889470929     
   1.6746208129394937       0.70767892686858858     
   1.7582248647976659       0.60626413176706895     
   1.8423496629820231       0.50830628431903857     
   1.9269037178151580       0.41307070806906604     
   2.0118036426700319       0.31992943011463892     
   2.0969719341502513       0.22833228719225754     
   2.1823352012855652       0.13778424841554598     
   2.2678226846046941        4.7827003588620666E-002
   2.3533649490189443       -4.1976662796667813E-002
   2.4388926593699680      -0.13205688233084614     
   2.5243353595781164      -0.22285008514323240     
   2.6096201781578738      -0.31481265934995756     
   2.6946703750178114      -0.40843579925348944     
   2.7794036256927961      -0.50426254284032834     
   2.8637299061537651      -0.60290816837262984     
   2.9475487879625857      -0.70508536476045591     
   3.0307458693529394      -0.81163588618321603     
   3.1131879355683325      -0.92357066569687751     
   3.1947162332194337       -1.0421203650292024     
   3.2751369127169641       -1.1687974916279444     
   3.3542071673462961       -1.3054680942481314     
   3.4316147682973130       -1.4544223057427934     
   3.5069474205622639       -1.6184109839459051     
   3.5796465412868383       -1.8005637686672793     
   3.6489379299523819       -2.0039889742670036     
   3.7137309779896230       -2.2306278169904439     
   3.7724843554700511       -2.4785826899944738     
   3.8230650481678770       -2.7369753234737777     
   3.8627042988218814       -2.9789465665676524     
   3.8882724173126677       -3.1580416156322322     
   3.8971220871605472       -3.2239058561145337     
  0.69853495773242491        3.5465525190481020     
  0.70838531224832713        3.4488501039086272     
  0.73650891148375786        3.1960084216804581     
  0.77926111393601893        2.8774238190869559     
  0.83273046959906916        2.5611059412222050     
  0.89380869027719134        2.2756494260823885     
  0.96031937648178411        2.0266929449675142     
   1.0308032128114646        1.8107082996045845     
   1.1042817804094074        1.6218841110204305     
   1.1800850378816894        1.4546736046930528     
   1.2577398424563400        1.3044819483007914     
   1.3369004938792530        1.1676918626093680     
   1.4173055464121884        1.0415020576039051     
   1.4987505908595002       0.92374405389893433     
   1.5810707449825838       0.81272578007977991     
   1.6641291159149079       0.70710982267430600     
   1.7478089982103038       0.60582197857842623     
   1.8320084512008965       0.50798334989170135     
   1.9166364179378241       0.41285984383373725     
   2.0016098571080949       0.31982423527201254     
   2.0868515460830825       0.22832716652732138     
   2.1722883274237894       0.13787441548751281     
   2.2578496413224896        4.8008458350814472E-002
   2.3434662291026163       -4.1707165866836440E-002
   2.4290689175247127      -0.13170186709080239     
   2.5145874055355346      -0.22241138396202484     
   2.5999489768093147      -0.31429144042466561     
   2.6850770535226518      -0.40783259432552421     
   2.7698894880259832      -0.50357728291742732     
   2.8542964561065678      -0.60214024189215010     
   2.9381977622305153      -0.70423372390897043     
   3.0214792830551143      -0.81069924671884641     
   3.1040081433200282      -0.92254787968442431     
   3.1856260095896762       -1.0410111054603561     
   3.2661395561360478       -1.1676034913314404     
   3.3453066302166108       -1.3041953589936321     
   3.4228158106035007       -1.4530850153617862     
   3.4982557685884910       -1.6170382450499472     
   3.5710689934868141       -1.7992109370437805     
   3.6404822600829818       -2.0027554580296569     
   3.7054052906743085       -2.2296812654206635     
   3.7642951985933086       -2.4781799851440738     
   3.8150131829201070       -2.7374445891193075     
   3.8547773183530216       -2.9805571753404512     
   3.8804362458084007       -3.1607167508407188     
   3.8893193939963608       -3.2270162953357806     
  0.68585017502199008        3.5608464550746124     
  0.69577204359603251        3.4612123484192492     
  0.72407898558447004        3.2041098681143660     
  0.76705924105200274        2.8814728893627111     
  0.82075176712855058        2.5624191589919927     
  0.88202786748254169        2.2754183427769106     
  0.94870818891966480        2.0256973012041253     
   1.0193371184032127        1.8093961711275230     
   1.0929413422470107        1.6204971407896998     
   1.1688554557634874        1.4533363479790848     
   1.2466100401520488        1.3032550120363970     
   1.3258622486098690        1.1666015732542978     
   1.4063527839619412        1.0405566673709323     
   1.4878788484734686       0.92294254338056125     
   1.5702767719882598       0.81206263496612596     
   1.6534105793194176       0.70657761915250850     
   1.7371642659916584       0.60541276974861913     
   1.8214364325289523       0.50768939292635762     
   1.9061364451046163       0.41267396416185581     
   1.9911815981913492       0.31973999205610670     
   2.0764949404829665       0.22833891131850659     
   2.1620035386673560       0.13797729573891654     
   2.2476370231613481        4.8198394874924354E-002
   2.3333263021231616       -4.1433511325765886E-002
   2.4190023543848027      -0.13134712560275530     
   2.5045950236383701      -0.22197751065457655     
   2.5900317378005560      -0.31377974288086602     
   2.6752360695099706      -0.40724376106124838     
   2.7601260349204448      -0.50291141908148196     
   2.8446119950150237      -0.60139692568315595     
   2.9285939704229182      -0.70341210801585075     
   3.0119580967105959      -0.80979824754016549     
   3.0945718150004158      -0.92156652944759643     
   3.1762771840737414       -1.0399491988366052     
   3.2568813684871798       -1.1664627566307075     
   3.3361428287430228       -1.3029815531929967     
   3.4137509022393178       -1.4518116237118406     
   3.4892951693931700       -1.6157328989143809     
   3.5622191294161341       -1.7979262040242061     
   3.6317504756126828       -2.0015858703761631     
   3.6967992363384417       -2.2287865904082582     
   3.7558210307536708       -2.4778057287457433     
   3.8066715149390284       -2.7379055292279566     
   3.8465561258981484       -2.9821132893741362     
   3.8723026538802197       -3.1632961506622226     
   3.8812180995536623       -3.2300142570519093     
  0.67293397030122115        3.5757261705068024     
  0.68292851969937096        3.4740724909607530     
  0.71142122550276754        3.2125379041038671     
  0.75463133588380438        2.8857133918932241     
  0.80854750916624007        2.5638500516518441     
  0.87002085830279863        2.2752697310192245     
  0.93686949588282187        2.0247673556963357     
   1.0076418375759781        1.8081409980196597     
   1.0813698786996193        1.6191618295988921     
   1.1573929685403408        1.4520469613066529     
   1.2352454771758310        1.3020728321709742     
   1.3145874459449265        1.1655532285478409     
   1.3951617436087018        1.0396505330762975     
   1.4767671912479998       0.92217763104748740     
   1.5592413322611869       0.81143341051252849     
   1.6424491071052478       0.70607660943620343     
   1.7262752081195074       0.60503196056873498     
   1.8106187715657669       0.50742096275322557     
   1.8953895804790533       0.41251065204612014     
   1.9805052583411120       0.31967526506839700     
   2.0658891180389451       0.22836702399301734     
   2.1514684429851005       0.13809329357493227     
   2.2371730461660650        4.8398091208857109E-002
   2.3229339946418013       -4.1153568740181203E-002
   2.4086824110397718      -0.13098968960598062     
   2.4943482750756374      -0.22154466732862424     
   2.5798591495973766      -0.31327294131200867     
   2.6651387476139301      -0.40666384291095686     
   2.7501052379610345      -0.50225865465043296     
   2.8346691543435671      -0.60067106930617231     
   2.9187307193114957      -0.70261249584243746     
   3.0021763107961363      -0.80892397843105035     
   3.0848736667784742      -0.92061680057413353     
   3.1666652149101435       -1.0389239216692741     
   3.2473585818596544       -1.1653636733240391     
   3.3267128072897232       -1.3018142361317935     
   3.4044179463229849       -1.4505890122514791     
   3.4800644407485088       -1.6144814473366793     
   3.5530967475240618       -1.7966962444512038     
   3.6227434303613890       -2.0004680239596229     
   3.6879148006955482       -2.2279343173530521     
   3.7470650295746490       -2.4774554805074249     
   3.7980444186552909       -2.7383615625112032     
   3.8380461789523213       -2.9836283262074015     
   3.8638778813657182       -3.1658023357821037     
   3.8728247308882020       -3.2329259475406884     
  0.65975338522414384        3.5913090591564343     
  0.66982237496463404        3.4875283349760977     
  0.69850474834655985        3.2213502893411801     
  0.74194830054565364        2.8901688646973276     
  0.79609030749681431        2.5654014037680617     
  0.85776178099710654        2.2751957749404288     
  0.92477871346940921        2.0238906535542402     
  0.99569390870189911        1.8069288678587623     
   1.0695449128575321        1.6178644194296976     
   1.1456759792168889        1.4507926149309609     
   1.2236253574062255        1.3009238439444262     
   1.3030560311890445        1.1645366413383855     
   1.3837130673794349        1.0387748460627919     
   1.4653969243296154       0.92144183505102439     
   1.5479463688754829       0.81083187842079862     
   1.6312272615172738       0.70560174005818976     
   1.7151249922367930       0.60467559630000289     
   1.7995392314961907       0.50717513372361700     
   1.8843801760615486       0.41236794933637422     
   1.9695657741976640       0.31962901051311265     
   2.0550195979823154       0.22841133025859311     
   2.1406691419719461       0.13822306723482944     
   2.2264443956764559        4.8609008544610768E-002
   2.3122765785952253       -4.0865096624531479E-002
   2.3980969502713907      -0.13062655347538724     
   2.4838356191010527      -0.22110909421924926     
   2.5694202749681105      -0.31276652597504478     
   2.6547747626695757      -0.40608757877417417     
   2.7398173942668542      -0.50161297064576749     
   2.8244588656061751      -0.59995588485111839     
   2.9085995891251506      -0.70182731605019411     
   2.9921261712089167      -0.80806806867216496     
   3.0749066303653763      -0.91968950919570236     
   3.1567837436874329       -1.0379252718207035     
   3.2375655766225906       -1.1642954361375324     
   3.3170117198825579       -1.3006818549568615     
   3.3948129126889093       -1.4494050115393735     
   3.4705604190066661       -1.6132713697810761     
   3.5436996106585821       -1.7955086833930871     
   3.6134598817125125       -1.9993905640563450     
   3.6787518056708102       -2.2271155531346611     
   3.7380281368046262       -2.4771249580965367     
   3.7891339604581780       -2.7388156716823491     
   3.8292505630793516       -2.9851145992644690     
   3.8551657514630970       -3.1682561831398242     
   3.8641433823503188       -3.2357757223086012     
  0.64627401611248114        3.6077248293457571     
  0.65641983084458488        3.5016874421558395     
  0.68529732266229071        3.2306099950616667     
  0.72897973307437969        2.8948650639507574     
  0.78335148025547452        2.5670769988403443     
  0.84522344590110132        2.2751893110679511     
  0.91240992250530850        2.0230553517465646     
  0.98346850211142245        1.8057465157965369     
   1.0574425657183104        1.6165918370673995     
   1.1336814554011290        1.4495611842632588     
   1.2117274176766708        1.2997971903553369     
   1.2912464529507517        1.1635423204919308     
   1.3719858730147334        1.0379214712381579     
   1.4537478029785218       0.92072831678966705     
   1.5363722512778923       0.81025241753854205     
   1.6197260091342689       0.70514852421189900     
   1.7036951698197655       0.60434024497677252     
   1.7881799402122400       0.50694945632886446     
   1.8730909306481582       0.41224432506107117     
   1.9583464123449166       0.31960056077421362     
   2.0438702135446722       0.22847197912680217     
   2.1295900360407454       0.13836754359183998     
   2.2154360412826133        4.8832820262458783E-002
   2.3013395960707497       -4.0565699556423168E-002
   2.3872320912308478      -0.13025461778003969     
   2.4730437577198976      -0.22066699987730815     
   2.5587024058143122      -0.31225601968169425     
   2.6441320048498373      -0.40550980659680319     
   2.7292510021286853      -0.50096851600149161     
   2.8139702467343350      -0.59924482362167830     
   2.8981903309206198      -0.70104931020867289     
   2.9817980779618734      -0.80722253626943952     
   3.0646617734164718      -0.91877593740612329     
   3.1466245279073060       -1.0369437904851841     
   3.2274948266912418       -1.1632478580806420     
   3.3070327888253539       -1.2995735432831963     
   3.3849298106225607       -1.4482481925135164     
   3.4607779468547020       -1.6120909136427071     
   3.5340234498683452       -1.7943518958950686     
   3.6038965115608530       -1.9983427947406691     
   3.6693079485150060       -2.2263218641608886     
   3.7287091162089747       -2.4768100006957741     
   3.7799399749762994       -2.7392704885482582     
   3.8201700843535176       -2.9865835448237186     
   3.8461677745340994       -3.1706772736690239     
   3.8551758234938767       -3.2385864808295706     
  0.63245942741763217        3.6251190733095111     
  0.64268512362428865        3.5166699803068746     
  0.67176482973021778        3.2403867387148702     
  0.71569342528163993        2.8998305525583743     
  0.77030058203494767        2.5688817208919650     
  0.83237691251876877        2.2752437082905126     
  0.89973544822339924        2.0222500088460862     
  0.97093901899936963        1.8045810876317054     
   1.0450371718131386        1.6153314609373222     
   1.1213845597942886        1.4483410345644512     
   1.1995275717556246        1.2986825306354499     
   1.2791353195975927        1.1625613049452810     
   1.3599574221493160        1.0370828064503039     
   1.4417977119231447       0.92003076442531151     
   1.5244974654141168       0.80968991992888517     
   1.6079244214779227       0.70471296874496070     
   1.6919653870673712       0.60402294375220200     
   1.7765211113479531       0.50674192144461627     
   1.8615026209291134       0.41213865632362856     
   1.9468285104334411       0.31958962086352066     
   2.0324228631012073       0.22854945399187962     
   2.1182135856110622       0.13852794310042604     
   2.2041310081100449        4.9071450131246634E-002
   2.2901066407618393       -4.0252777206700258E-002
   2.3760720011605940      -0.12987062590315526     
   2.4619574377947284      -0.22021448562363075     
   2.5476908758001677      -0.31173689021904449     
   2.6331964029824499      -0.40492536381258720     
   2.7183925952039325      -0.50031949598551095     
   2.8031904473711737      -0.59853145244836092     
   2.8874907232329647      -0.70027139686180173     
   2.9711804534908022      -0.80637963964704829     
   3.0541281798474711      -0.91786767261017466     
   3.1361773337260144       -1.0359703893429284     
   3.2171368051874984       -1.1622111860997810     
   3.2967672238673060       -1.2984789268145711     
   3.3747606222332611       -1.4471076651175558     
   3.4507098217145526       -1.6109288911734869     
   3.5240619287721193       -1.7932148115642454     
   3.5940479076714027       -1.9973145064927624     
   3.6595788011192298       -2.2255451505423576     
   3.7191045714528572       -2.4765065224189509     
   3.7704601012158316       -2.7397283631948661     
   3.8108033216608010       -2.9880459311089105     
   3.8368832118655929       -3.1730842239851702     
   3.8459215670020299       -3.2413800464910616     
  0.63232029379766730        3.6252974283461006     
  0.64254680180848622        3.5168234882757825     
  0.67162855947307365        3.2404867735262726     
  0.71555964568437047        2.8998813675334421     
  0.77016917705839183        2.5689003280808591     
  0.83224756359254781        2.2752445333033622     
  0.89960782654273863        2.0222421159236394     
  0.97081285027267805        1.8045695451237429     
   1.0449122448761829        1.6153189518350042     
   1.1212607175265576        1.4483289241410713     
   1.1994046990413880        1.2986714768738103     
   1.2790133327985693        1.1625515909659705     
   1.3598362609238348        1.0370745191745010     
   1.4416773331440189       0.92002389053517386     
   1.5243778387201974       0.80968439759967248     
   1.6078055260338746       0.70470871550907543     
   1.6918472092001866       0.60401987140421509     
   1.7764036428168202       0.50673994384827126     
   1.8613858576541538       0.41213769330745342     
   1.9467124515592866       0.31958959997433023     
   2.0323075103074379       0.22855031109432583     
   2.1180989426070735       0.13852962237418459     
   2.2040170802701287        4.9073903777984380E-002
   2.2899934348693676       -4.0249589370942022E-002
   2.3759595252398844      -0.12986673687526862     
   2.4618457010165216      -0.22020992161594757     
   2.5475798884525918      -0.31173167102988109     
   2.6330861765044267      -0.40491950318260328     
   2.7182831422827944      -0.50031300199709183     
   2.8030817821111631      -0.59852432808714051     
   2.8873828614066910      -0.70026364094189519     
   2.9710734128918115      -0.80637124845190933     
   3.0540219807687499      -0.91785864292634534     
   3.1360719995954853       -1.0359607239684923     
   3.2170323633941300       -1.1622009038817913     
   3.2966637068017990       -1.2984680806454638     
   3.3746580685240750       -1.4470963739788356     
   3.4506082775127540       -1.6109173961793557     
   3.5239614486117867       -1.7932035712176035     
   3.5939485536591866       -1.9973043492704654     
   3.6594806375311872       -2.2255374882772956     
   3.7190076487055523       -2.4765035496951993     
   3.7703644193446757       -2.7397329372897024     
   3.8107087652823446       -2.9880604697495432     
   3.8367894733334249       -3.1731081397830212     
   3.8458281299968591       -3.2414078006767726     
