  -3.5699880716796182        2.3791666916255334     
  -3.5671118884484252        2.3715931188576462     
  -3.5585083169266025        2.3485466074170027     
  -3.5442618611320631        2.3105926898486682     
  -3.5245098360717271        2.2584634280520106     
  -3.4994367269565592        2.1930955420592406     
  -3.4692679969588500        2.1155915053279237     
  -3.4342627694405494        2.0271559112892485     
  -3.3947062557379790        1.9290380625415173     
  -3.3509024129486269        1.8224803000187559     
  -3.3031672190475665        1.7086759259793871     
  -3.2518228278541157        1.5887378878107021     
  -3.1971927451276541        1.4636781203545381     
  -3.1395980637493963        1.3343964499163954     
  -3.0793547176284921        1.2016774205741707     
  -3.0167716620070939        1.0661932236669207     
  -2.9521498593863789       0.92851099370579870     
  -2.8857819403932843       0.78910297319790768     
  -2.8179524120494897       0.64835835824908616     
  -2.7489382970510872       0.50659595521690026     
  -2.6790101027371946       0.36407706870914491     
  -2.6084330344081792       0.22101828510177179     
  -2.5374683825036652        7.7604008459950580E-002
  -2.4663750255817045       -6.6001250409314649E-002
  -2.3954110003055513      -0.20964073064885735     
  -2.3248350953398158      -0.35315326019233118     
  -2.2549084279796960      -0.49636088503125786     
  -2.1858959603952615      -0.63905610272934976     
  -2.1180679065632364      -0.78098855620136054     
  -2.0517009713982559      -0.92185112919792334     
  -1.9870793506208784       -1.0612655233001957     
  -1.9244954042325220       -1.1987675983112462     
  -1.8642498994389249       -1.3337930334970192     
  -1.8066517026710938       -1.4656642171389518     
  -1.7520167882920292       -1.5935796842701189     
  -1.7006664281441519       -1.7166078579793544     
  -1.6529244367957960       -1.8336872358530441     
  -1.6091133780608426       -1.9436353865990952     
  -1.5695496940785423       -2.0451690341288127     
  -1.5345378012152089       -2.1369369525903421     
  -1.5043633046249441       -2.2175662334247828     
  -1.4792856065468050       -2.2857208440749153     
  -1.4595303058879501       -2.3401681908722809     
  -1.4452818745975122       -2.3798525238332862     
  -1.4366775001856193       -2.4039449820723626     
  -1.4338013244517149       -2.4117391131672510     
  -3.6310344710743161        2.4804941993293705     
  -3.6277186819203284        2.4703873494577469     
  -3.6178172164221527        2.4398439987077394     
  -3.6014804951838895        2.3900687387418151     
  -3.5789483183062591        2.3227600463223292     
  -3.5505335582102826        2.2399960079953156     
  -3.5166044121303179        2.1440749402550230     
  -3.4775656889760262        2.0373293003551551     
  -3.4338414398834898        1.9219805477981518     
  -3.3858602048489002        1.8000371950981828     
  -3.3340434876779841        1.6732370163153705     
  -3.2787975204395319        1.5430261870545650     
  -3.2205080082282325        1.4105654916624675     
  -3.1595373521345356        1.2767537334882457     
  -3.0962237937132326        1.1422601307977205     
  -3.0308819588808897        1.0075596904756512     
  -2.9638043597369927       0.87296766605566334     
  -2.8952635082804736       0.73867091553528919     
  -2.8255143876802800       0.60475520492681378     
  -2.7547971055050020       0.47122830883977745     
  -2.6833396162103402       0.33803923863138552     
  -2.6113604477897598       0.20509418407250013     
  -2.5390714019344891        7.2269870411170251E-002
  -2.4666802208300078       -6.0574927495837712E-002
  -2.3943932290956043      -0.19358896601605763     
  -2.3224179680624868      -0.32691846031346017     
  -2.2509658426285677      -0.46069660122132344     
  -2.1802547986611502      -0.59503188021864684     
  -2.1105120409574405      -0.72999440650094138     
  -2.0419767870051011      -0.86559936802512427     
  -1.9749030283938678       -1.0017867867928916     
  -1.9095622372972407       -1.1383967939440960     
  -1.8462459072473154       -1.2751398743948728     
  -1.7852677530852163       -1.4115620052177953     
  -1.7269653136708802       -1.5470054643179501     
  -1.6717006054628980       -1.6805674523623306     
  -1.6198593747463284       -1.8110606427775235     
  -1.5718484104652530       -1.9369823076203965     
  -1.5280903406639688       -2.0565014342438990     
  -1.4890153887554916       -2.1674754917288199     
  -1.4550497624203977       -2.2675089202996874     
  -1.4266007284405562       -2.3540626817408121     
  -1.4040389937040101       -2.4246149875844707     
  -1.3876796886968292       -2.4768699808719941     
  -1.3777643353159537       -2.5089429901911555     
  -1.3744441182920977       -2.5194338083501564     
  -3.6841133929630616        2.5690267770049755     
  -3.6803664897143480        2.5561342897967378     
  -3.6691984143728456        2.5174426764006830     
  -3.6508421280621701        2.4550931654851809     
  -3.6256617367347941        2.3721394324440550     
  -3.5941188280832215        2.2721495559114238     
  -3.5567374612761729        2.1588369839296768     
  -3.5140706638625612        2.0357092121226037     
  -3.4666726557950036        1.9058449131396396     
  -3.4150783966827380        1.7717862889893499     
  -3.3597903631392585        1.6355229929025858     
  -3.3012714578745848        1.4985347726358673     
  -3.2399425672316426        1.3618638783072994     
  -3.1761833165574833        1.2261963098596600     
  -3.1103348156817581        1.0919391964136744     
  -3.0427034915054825       0.95928801506430295     
  -2.9735653882575117       0.82828158860432077     
  -2.9031705443483862       0.69884521316146253     
  -2.8317472226621612       0.57082341439260931     
  -2.7595058866477733       0.44400421303026194     
  -2.6866428898640260       0.31813675583363504     
  -2.6133438933808586       0.19294396553302584     
  -2.5397870531237574        6.8131614042724761E-002
  -2.4661460348556772       -5.6605003504585555E-002
  -2.3925929228187970      -0.18157578786788842     
  -2.3193010921573514      -0.30709104406251231     
  -2.2464481168004249      -0.43345630192586948     
  -2.1742187840687768      -0.56096582028364483     
  -2.1028082844121867      -0.68989371387117993     
  -2.0324256377802929      -0.82048142966977844     
  -1.9632974041783371      -0.95292001453524966     
  -1.8956717001346424       -1.0873252865354937     
  -1.8298224979483926       -1.2237037141837275     
  -1.7660541107881198       -1.3619066571439025     
  -1.7047056514603254       -1.5015708782125881     
  -1.6461550824140312       -1.6420443114836303     
  -1.5908222392045304       -1.7822985632572768     
  -1.5391699120951445       -1.9208342522527972     
  -1.4917017429065937       -2.0555926314456427     
  -1.4489554204442752       -2.1838967578140558     
  -1.4114895927215443       -2.3024556919596977     
  -1.3798632804549256       -2.4074711991347151     
  -1.3546075993439122       -2.4948775629476030     
  -1.3361913614514949       -2.5607322610708287     
  -1.3249849239638660       -2.6016386795245952     
  -1.3212251309614678       -2.6151545174321678     
  -3.7301501103002312        2.6464459220732475     
  -3.7259858791058500        2.6305823333496932     
  -3.7135979771549046        2.5833008406164311     
  -3.6933168705122807        2.5079922307583962     
  -3.6656488654961965        2.4094352035226239     
  -3.6312178797588168        2.2929569365000866     
  -3.5907082630240201        2.1637763636305829     
  -3.5448150412830945        2.0264853295257708     
  -3.4942073249888841        1.8848022234893294     
  -3.4395054744980684        1.7415310138496285     
  -3.3812698430567916        1.5986486842920271     
  -3.3199979104016815        1.4574502856159783     
  -3.2561267573391905        1.3187039299841734     
  -3.1900384820733207        1.1827900765287476     
  -3.1220668990958020        1.0498151094087005     
  -3.0525044894575659       0.91969824573755432     
  -2.9816090301439755       0.79223503360013980     
  -2.9096096338334339       0.66714205170006924     
  -2.8367121156832931       0.54408732382994407     
  -2.7631037085214984       0.42271027854339838     
  -2.6889572017209331       0.30263427073476495     
  -2.6144346030663588       0.18347394264641237     
  -2.5396904307971671        6.4839109238177040E-002
  -2.4648747432178233       -5.3663583314641300E-002
  -2.3901360108469856      -0.17243026996682290     
  -2.3156239338631726      -0.29185996035057049     
  -2.2414923070488033      -0.41235437552259280     
  -2.1679020360423875      -0.53431672923872431     
  -2.0950244121913184      -0.65814847392826203     
  -2.0230447574401049      -0.78424271102705889     
  -1.9521665529129983      -0.91297247893046030     
  -1.8826161603915630       -1.0446714524593639     
  -1.8146482264714696       -1.1796037073976497     
  -1.7485518111119587       -1.3179181733283929     
  -1.6846571840604811       -1.4595824070554113     
  -1.6233430527651127       -1.6042898316271952     
  -1.5650436825457281       -1.7513355474051102     
  -1.5102548998845022       -1.8994598842410955     
  -1.4595373084209939       -2.0466684450790136     
  -1.4135142398537404       -2.1900550633244520     
  -1.3728612056263820       -2.3256804291640281     
  -1.3382833540100252       -2.4485889160266523     
  -1.3104783685583057       -2.5530586542744844     
  -1.2900851011101657       -2.6331719694683309     
  -1.2776237735754761       -2.6835666920873336     
  -1.2734343628311329       -2.7003753219613600     
  -3.7699784293637619        2.7142706368684832     
  -3.7654145439685167        2.6953149540738113     
  -3.7518646373494713        2.6391989272107743     
  -3.7297692807030978        2.5508689440154533     
  -3.6997902385670569        2.4371478256290087     
  -3.6627207557766135        2.3052914624603558     
  -3.6194027732454876        2.1619967197356060     
  -3.5706614541961876        2.0127577732343669     
  -3.5172629002006608        1.8616803263125203     
  -3.4598927572352656        1.7115831864696067     
  -3.3991501095314214        1.5642346375734979     
  -3.3355508602476482        1.4206153724791197     
  -3.2695360342895863        1.2811518747025621     
  -3.2014819597101258        1.1459005118339283     
  -3.1317105505561069        1.0146823132449008     
  -3.0604987935037253       0.88717651211935977     
  -2.9880870824006731       0.76298269821310272     
  -2.9146863465433235       0.64166040820545700     
  -2.8404840686734611       0.52275310652081941     
  -2.7656493512734732       0.40580165769361198     
  -2.6903372058982211       0.29035087214533306     
  -2.6146922344834236       0.17595157027557548     
  -2.5388518575426962        6.2159806767063515E-002
  -2.4629492292077741       -5.1465643349675703E-002
  -2.3871159668563013      -0.16536677682173018     
  -2.3114848153581575      -0.27999026115939030     
  -2.2361923635347525      -0.39579123190051041     
  -2.1613819335637650      -0.51323642388519009     
  -2.0872067727527086      -0.63280588629641599     
  -2.0138336908944359      -0.75499218209096475     
  -1.9414473039829163      -0.88029540386579219     
  -1.8702550633012784       -1.0092114691781346     
  -1.8004932612247626       -1.1422098890829449     
  -1.7324341985869505       -1.2796954410405941     
  -1.6663946492332840       -1.4219459090717383     
  -1.6027456238280779       -1.5690155196617310     
  -1.5419231498198358       -1.7205917441845220     
  -1.4844392499487220       -1.8757938108764858     
  -1.4308914005168358       -2.0329086612483875     
  -1.3819674004704066       -2.1890807968924357     
  -1.3384408757456407       -2.3400139608596628     
  -1.3011511071841346       -2.4798067071715693     
  -1.2709607417686191       -2.6011060364195391     
  -1.2486881624203197       -2.6957980851915693     
  -1.2350200718425595       -2.7561423118827029     
  -1.2304151209510203       -2.7764508601480955     
  -3.8043353452845134        2.7738095673286649     
  -3.7993922452165658        2.7517012389880944     
  -3.7847456358525364        2.6866836939898344     
  -3.7609559933602950        2.5855381161782338     
  -3.7288490175090785        2.4573800949113038     
  -3.6893884393966516        2.3114638946830710     
  -3.6435659257192290        2.1558473845271737     
  -3.5923220330673562        1.9967024973362053     
  -3.5365020484300977        1.8382833168849770     
  -3.4768395322853323        1.6832313301191772     
  -3.4139576102677025        1.5329826166886360     
  -3.3483795626106416        1.3881441495777271     
  -3.2805430019071258        1.2487896971670440     
  -3.2108143689678759        1.1146714525378953     
  -3.1395021636498450       0.98536187762716410     
  -3.0668683309926159       0.86034399086590185     
  -2.9931377502897272       0.73906604089657912     
  -2.9185060147882949       0.62097264301347710     
  -2.8431457737076768       0.50552084653893237     
  -2.7672119157604453       0.39218679320413641     
  -2.6908458484997966       0.28046662565928399     
  -2.6141790933621287       0.16987395053529900     
  -2.5373363830615996        5.9935275155574265E-002
  -2.4604384206663039       -4.9815723732920418E-002
  -2.3836044399020282      -0.15984457980113276     
  -2.3069546943874131      -0.27062272970322471     
  -2.2306129996210986      -0.38263424690268710     
  -2.1547094556695199      -0.49638230170087971     
  -2.0793834908744726      -0.61239486766272211     
  -2.0047873878534768      -0.73122886875446347     
  -1.9310904827260458      -0.85347140011749401     
  -1.8584842659954934      -0.97973573927334734     
  -1.7871886553858076       -1.1106484172825617     
  -1.7174597479928775       -1.2468214057658329     
  -1.6495993706513690       -1.3888002351339888     
  -1.5839666910974319       -1.5369744443338484     
  -1.5209919483488317       -1.6914315157614661     
  -1.4611918701729025       -1.8517310684089969     
  -1.4051853558409269       -2.0165772684789225     
  -1.3537062522109902       -2.1833842105218721     
  -1.3076073797326087       -2.3477779902382023     
  -1.2678467236344826       -2.5031778406720968     
  -1.2354444625661496       -2.6407338209851718     
  -1.2114017132490631       -2.7500295556744767     
  -1.1965834819673775       -2.8206013978661124     
  -1.1915801199888221       -2.8445572856938779     
  -3.8338679889214737        2.8261723474127689     
  -3.8285679428263775        2.8009053464443112     
  -3.8128944903112503        2.7270729405552898     
  -3.7875348487619460        2.6135283936616283     
  -3.7534826292731545        2.4718499309504960     
  -3.7118684996848619        2.3132728015936221     
  -3.6638227152018374        2.1470431873577271     
  -3.6103856701346912        1.9797822666528435     
  -3.5524656622215587        1.8156931139836494     
  -3.4908301032889448        1.6571079534337456     
  -3.4261154771123912        1.5050669822520109     
  -3.3588452912852036        1.3597913593965962     
  -3.2894496770010764        1.2210220212461447     
  -3.2182835315645439        1.0882429700996468     
  -3.1456420388005975       0.96081953422470578     
  -3.0717734030454871       0.83807920845707529     
  -2.9968890715114762       0.71935578252245658     
  -2.9211718636586439       0.60401090026114435     
  -2.8447824320992670       0.49144218515713672     
  -2.7678644310059100       0.38108361130545410     
  -2.6905487054995834       0.27240154191418325     
  -2.6129567567785332       0.16488843303175510     
  -2.5352036893427097        5.8055322594931152E-002
  -2.4574008100764972       -4.8576303896453080E-002
  -2.3796580237376985      -0.15548298747951031     
  -2.3020861546691895      -0.26314798982185744     
  -2.2247993196204350      -0.37207014829801238     
  -2.1479174812630744      -0.48277280387606070     
  -2.0715693267417308      -0.59581258195675213     
  -1.9958956414465236      -0.71178753033133801     
  -1.9210533865731785      -0.83134361646867938     
  -1.8472207412981596      -0.95517771808229734     
  -1.7746034365381598       -1.0840337795868962     
  -1.7034427831312826       -1.2186864057439497     
  -1.6340258686636449       -1.3599023360314038     
  -1.5666984280845100       -1.5083644165363443     
  -1.5018808042401388       -1.6645344937318012     
  -1.4400870465595410       -1.8284218313094167     
  -1.3819462626896024       -1.9992162332007961     
  -1.3282233945961577       -2.1747516675320435     
  -1.2798331297166705       -2.3508117815676561     
  -1.2378355844753448       -2.5204120993156209     
  -1.2033971914156791       -2.6734119714767592     
  -1.1776997471781030       -2.7970913342615975     
  -1.1617936689219330       -2.8780023106798112     
  -1.1564111907702881       -2.9056961916206765     
  -3.8591436979619473        2.8722978764130973     
  -3.8535100167353868        2.8439134727770239     
  -3.8368817420624866        2.7614800326021522     
  -3.8100767707149052        2.6361089451710593     
  -3.7742566558661990        2.4819332589941765     
  -3.7307119634186687        2.3120844393828461     
  -3.6806987093044841        2.1367989047864460     
  -3.6253421167997582        1.9629395071331892     
  -3.5655996231092599        1.7945072625627880     
  -3.5022616004864640        1.6334461435285357     
  -3.4359704399607729        1.4803797636599758     
  -3.3672455040117177        1.3351593873217793     
  -3.2965074711828097        1.1972271562654957     
  -3.2240994333068977        1.0658386817144676     
  -3.1503041286400197       0.94019077495029746     
  -3.0753575923541847       0.81948960942491444     
  -2.9994598120649321       0.70298327559438667     
  -2.9227830097841463       0.58997389238097020     
  -2.8454780996335987       0.47981844416612790     
  -2.7676797711361041       0.37192369504423095     
  -2.6895105535938768       0.26573819529515913     
  -2.6110841390783772       0.16074300175153663     
  -2.5325081817345589        5.6441917585182376E-002
  -2.4538867478862780       -4.7648412390844476E-002
  -2.3753225624886931      -0.15200847812065496     
  -2.2969191808024907      -0.25712601764275411     
  -2.2187832085016050      -0.36350638721715473     
  -2.1410266984004034      -0.47168329326088776     
  -2.0637698681815655      -0.58222989573113915     
  -1.9871443124940835      -0.69577007678863767     
  -1.9112969271114097      -0.81298925065133121     
  -1.8363948257789164      -0.93464332351617119     
  -1.7626316151877117       -1.0615630424539046     
  -1.6902355012518580       -1.1946485797658204     
  -1.6194798241842507       -1.3348451214886170     
  -1.5506967352613947       -1.4830835128616813     
  -1.4842947654688585       -1.6401595412494807     
  -1.4207808355182667       -1.8065106505389465     
  -1.3607864883464764       -1.9818321189540162     
  -1.3050961917939417       -2.1644669817029634     
  -1.2546715804497481       -2.3505356917626696     
  -1.2106587368550448       -2.5329037921297672     
  -1.1743569472693993       -2.7003823582670172     
  -1.1471225878915936       -2.8380319945367138     
  -1.1301942864764689       -2.9292476673905568     
  -1.1244534043622452       -2.9607180566405824     
  -3.8806600124906794        2.9129838190347952     
  -3.8747163960015647        2.8815626569967514     
  -3.8572055501734055        2.7908423250492507     
  -3.8290773261406916        2.6543233146948650     
  -3.7916580010843526        2.4887156983117165     
  -3.7463886495506000        2.3089161657882098     
  -3.6946377176700547        2.1259511766852208     
  -3.6376015660266185        1.9467512402708618     
  -3.5762753313508355        1.7750108113662362     
  -3.5114641846121910        1.6122477812661133     
  -3.4438114219402811        1.4586763287582383     
  -3.3738297811496025        1.3138081607672998     
  -3.3019298016695697        1.1768249298597397     
  -3.2284432517932822        1.0467915425548200     
  -3.1536416086026451       0.92276943166246417     
  -3.0777503058886646       0.80387083128503078     
  -3.0009596180407097       0.68927992206659017     
  -2.9234329710924341       0.57825623602251164     
  -2.8453133285441421       0.47012910680025349     
  -2.7667281563970589       0.36428799636248871     
  -2.6877933518103805       0.26017123416637250     
  -2.6086164270360008       0.15725440224549039     
  -2.5292991721491069        5.5038872867534547E-002
  -2.4499399722837705       -4.6959393702098416E-002
  -2.3706359236671135      -0.14922089880347175     
  -2.2914848748149317      -0.25223372073007383     
  -2.2125875130810826      -0.35650496185117214     
  -2.1340496218145151      -0.46257279172303645     
  -2.0559846503594983      -0.57101929021617648     
  -1.9785167700178239      -0.68248413992439316     
  -1.9017846372728404      -0.79767889102965162     
  -1.8259461559282659      -0.91740087990633346     
  -1.7511846284033128       -1.0425446633549196     
  -1.6777168191425569       -1.1741065739606635     
  -1.6058036215486688       -1.3131739262638078     
  -1.5357642107480638       -1.4608832519491355     
  -1.4679947248862009       -1.6183199120679272     
  -1.4029925014795464       -1.7863125880092712     
  -1.3413863600071787       -1.9650505017999995     
  -1.2839716626615842       -2.1534271751735519     
  -1.2317446777604164       -2.3480242204322863     
  -1.1859226121222382       -2.5417722849898388     
  -1.1479234234315645       -2.7226838413347934     
  -1.1192691114629412       -2.8737465480539250     
  -1.1013856150528312       -2.9751094504577731     
  -1.0953078264432679       -3.0103485920496564     
  -3.8988536377456580        2.9489122349726822     
  -3.8926236443164046        2.9145662663363385     
  -3.8743011933882467        2.8159478837471901     
  -3.8449670458706597        2.6690233659172082     
  -3.8061064679577430        2.4930434619810780     
  -3.7593002693214124        2.3045120998864186     
  -3.7060163056066417        2.1150589116557592     
  -3.6475100460391632        1.9315453335001245     
  -3.5848051500374734        1.7572943730074406     
  -3.5187156302489497        1.5933893384446078     
  -3.4498824661674217        1.4396584141638029     
  -3.3788105385231284        1.2953098441985229     
  -3.3059003151743735        1.1593021154205991     
  -3.2314730831013532        1.0305426039463299     
  -3.1557903157802016       0.90798461874416458     
  -3.0790682905247673       0.79066782740623087     
  -3.0014890654219570       0.67772877340541260     
  -2.9232087453462956       0.56839655255356158     
  -2.8443637603920928       0.46198180653453674     
  -2.7650757007073654       0.35786325682351305     
  -2.6854551114217151       0.25547382327561702     
  -2.6056045475187108       0.15428719126539941     
  -2.5256211144340508        5.3805064116187573E-002
  -2.4455986692449265       -4.6454989394449933E-002
  -2.3656298243090745      -0.14697135048151636     
  -2.2858078764909755      -0.24823017190284474     
  -2.2062287785938688      -0.35073758931433086     
  -2.1269932746462237      -0.45503271580363264     
  -2.0482093380275335      -0.56170178476146770     
  -1.9699950833410602      -0.67139370888320160     
  -1.8924823734971354      -0.78483708708736122     
  -1.8158214187883703      -0.90285818055231870     
  -1.7401867732069607       -1.0263983371118379     
  -1.6657852849739383       -1.1565272960630539     
  -1.5928667622203427       -1.2944449003454117     
  -1.5217383700993412       -1.4414565033000701     
  -1.4527840483322954       -1.5988944109513954     
  -1.3864904057828926       -1.7679358059423926     
  -1.3234802799443086       -1.9492341839533944     
  -1.2645536798173007       -2.1422408701424165     
  -1.2107316525888927       -2.3440756945729868     
  -1.1632894491457582       -2.5479049592791130     
  -1.1237496822915771       -2.7411791562276604     
  -1.0937892172557633       -2.9049985079668188     
  -1.0750174028276023       -3.0162517130976667     
  -1.0686244633344115       -3.0552122131107327     
  -3.9141082163062109        2.9806703531661531     
  -3.9076148445555972        2.9435350740580906     
  -3.8885493234902686        2.8374589240718242     
  -3.8581203582296810        2.6809005548922435     
  -3.8179646468028006        2.4955693235037741     
  -3.7697913398049732        2.2994070211391242     
  -3.7151554937344704        2.1044815702476996     
  -3.6553613918444228        1.9174841403885412     
  -3.5914540028746011        1.7413325141437506     
  -3.5242519342280190        1.5766862921974774     
  -3.4543918837528453        1.4230193678606577     
  -3.3823704392805642        1.2792732988454707     
  -3.3085784824978872        1.1442173030335716     
  -3.2333278019079486        1.0166293021351165     
  -3.1568710783724483       0.89537638355148552     
  -3.0794167129188339       0.77944211213952919     
  -3.0011398100189077       0.66792746664465585     
  -2.9221903566332275       0.56003980201200743     
  -2.8426993779061607       0.45507724492293344     
  -2.7627836416589218       0.35241211755079754     
  -2.6825493277960950       0.25147496250082169     
  -2.6020949666891804       0.15173969570278439     
  -2.5215138723676374        5.2709887235798357E-002
  -2.4408962433836749       -4.6094088114231942E-002
  -2.3603310702276410      -0.14514741296531875     
  -2.2799079689769663      -0.24493314607507777     
  -2.1997190541043872      -0.34595497564297201     
  -2.1198609682982146      -0.44875090455997024     
  -2.0404372045597983      -0.55390836499575680     
  -1.9615608882343569      -0.66208121404058018     
  -1.8833582385310708      -0.77400890984440307     
  -1.8059730075948250      -0.89053778460742872     
  -1.7295723105665228       -1.0126434727354230     
  -1.6543544259505660       -1.1414517501311241     
  -1.5805593775424387       -1.2782514083450884     
  -1.5084834179716919       -1.4244857037390000     
  -1.4384989052266488       -1.5816955721415604     
  -1.3710814036524070       -1.7513637986729300     
  -1.3068458476093969       -1.9345695413513302     
  -1.2465924973235090       -2.1313067738157105     
  -1.1913594733590351       -2.3392731686516837     
  -1.1424688718541720       -2.5519978321002825     
  -1.1015347187825104       -2.7565806641266564     
  -1.0703770469129379       -2.9324394110393155     
  -1.0507824154225816       -3.0532494144855682     
  -1.0440959077909790       -3.0958512013355350     
  -3.9267610079937101        3.0087669494181930     
  -3.9200263796300838        2.9689942673248431     
  -3.9002830657951764        2.8559318425702727     
  -3.8688632399938720        2.6905135719263673     
  -3.8275462674812339        2.4967921615695863     
  -3.7781581910328872        2.2939780448104603     
  -3.7223301399518407        2.0944380915933847     
  -3.6614065622677154        1.9046229902129079     
  -3.5964481525382084        1.7270344822966435     
  -3.5282751557527368        1.5619311218253200     
  -3.4575188891201996        1.4084672795503339     
  -3.3846677032037102        1.2653525712599283     
  -3.3101035889193597        1.1311965474428090     
  -3.2341298382213988        1.0046709118762551     
  -3.1569914498869687       0.88457391233963523     
  -3.0788900592646145       0.76984561445101296     
  -2.9999948743672893       0.65956036915440230     
  -2.9204507465622869       0.55291001325272915     
  -2.8403842001015955       0.44918441760653766     
  -2.7599080123866355       0.34775236837200318     
  -2.6791247687056199       0.24804391922241970     
  -2.5981296971039418       0.14953444170879493     
  -2.5170130079380115        5.1730169172262468E-002
  -2.4358619083917956       -4.5845165231842441E-002
  -2.3547624276765662      -0.14366308103747769     
  -2.2738011691788955      -0.24220301875303782     
  -2.1930670989011438      -0.34196547724059667     
  -2.1126534843223239      -0.44348620119730686     
  -2.0326601151211223      -0.54735202419846096     
  -1.9531959696890144      -0.65421897261952955     
  -1.8743825439034423      -0.76483315897247683     
  -1.7963581390656811      -0.88005472862926282     
  -1.7192835259794323       -1.0008844448886181     
  -1.6433495784102181       -1.1284909505005458     
  -1.5687877227970348       -1.2642334391973580     
  -1.4958844034801693       -1.4096677024529489     
  -1.4250012184655381       -1.5665101455862256     
  -1.3566028771105232       -1.7365090570214556     
  -1.2912954059464361       -1.9211276421625825     
  -1.2298763161522455       -2.1208738251429757     
  -1.1733948875397187       -2.3340349820856963     
  -1.1232106723467237       -2.5545917338251614     
  -1.0810169854940750       -2.7694738129024916     
  -1.0487650514020759       -2.9566255641244656     
  -1.0284107947332273       -3.0866035112125831     
  -1.0214517854261573       -3.1327407485170622     
  -3.9371086350921392        3.0336451659125108     
  -3.9301537662108812        2.9913971049822918     
  -3.9097941229067965        2.8718341750598784     
  -3.8774797530304554        2.6983121729971584     
  -3.8351232322236957        2.4970899204323671     
  -3.7846563865477010        2.2884852096067432     
  -3.7277764763707451        2.0850501807685866     
  -3.6658609418124692        1.8929502339065787     
  -3.5999819331571707        1.7142762885449900     
  -3.5309593285021430        1.5489148725721054     
  -3.4594185489035536        1.3957355152391417     
  -3.3858400524091032        1.2532473423016446     
  -3.3105977190502371        1.1199254979898536     
  -3.2339873014647127       0.99435445785106957     
  -3.1562471075053065       0.87527733947512099     
  -3.0775729594074912       0.76160033820925599     
  -2.9981290514115719       0.65237779609130875     
  -2.9180559035799312       0.54679049046360084     
  -2.8374762685349455       0.44412297198643341     
  -2.7564995966219370       0.34374236701531452     
  -2.6752254875463906       0.24507939025634584     
  -2.5937464340648821       0.14761153213463876     
  -2.5121500802471610        5.0848041323485270E-002
  -2.4305211617616860       -4.5683815377233497E-002
  -2.3489432607851852      -0.14245178435849859     
  -2.2675004885581740      -0.23993153861779862     
  -2.1862792015747030      -0.33862008698925489     
  -2.1053698620138488      -0.43905032755554024     
  -2.0248691701303292      -0.54180743899617734     
  -1.9448826286649914      -0.64754784315064828     
  -1.8655277520515134      -0.75702146206832166     
  -1.7869382146773525      -0.87109783592453516     
  -1.7092693556122427      -0.99079615689474476     
  -1.6327056409763245       -1.1173179787537222     
  -1.5574709554154222       -1.2520784073891431     
  -1.4838429816998924       -1.3967252195025208     
  -1.4121734544700948       -1.5531222329627135     
  -1.3429167087984877       -1.7232472648400943     
  -1.2766694706648329       -1.9089065231266813     
  -1.2142245290702316       -2.1110860386727572     
  -1.1566378543217373       -2.3286553304400717     
  -1.1052987029302668       -2.5561033371280488     
  -1.0619688248394299       -2.7803379208132548     
  -1.0287188603014841       -2.9780322823928849     
  -1.0076651807653152       -3.1167529196135031     
  -1.0004539551717011       -3.1663005778129039     
  -3.9454120442520075        3.0556925949406613     
  -3.9382566921820512        3.0111359434740304     
  -3.9173380341590081        2.8855589053595923     
  -3.8842176338376895        2.7046573702040568     
  -3.8409315404600184        2.4967464688240546     
  -3.7895068497345004        2.2831026960220915     
  -3.7316981977003416        2.0763735391010902     
  -3.6689101221435458        1.8824141874962756     
  -3.6022229956510845        1.7029205104272993     
  -3.5324550170289188        1.5374387090474824     
  -3.4602255791709999        1.3845862945770739     
  -3.3860077497446022        1.2426996469829565     
  -3.3101680886696516        1.1101407675061206     
  -3.2329956913902831       0.98542231890026344     
  -3.1547230456076814       0.86724307772437925     
  -3.0755409726530836       0.75448273022114998     
  -2.9956093900425782       0.64618052177435459     
  -2.9150651477586154       0.54150937045561021     
  -2.8340278192186577       0.43975052673407250     
  -2.7526040616150089       0.34027067235805142     
  -2.6708909757335753       0.24250185595455409     
  -2.5889787697085920       0.14592400146087947     
  -2.5069529468153351        5.0049460735853056E-002
  -2.4248961818947068       -4.5591006514216680E-002
  -2.3428900160408532      -0.14146146300815648     
  -2.2610164795700913      -0.23803387846481183     
  -2.1793597461767216      -0.33580173078283426     
  -2.0980079256275150      -0.43529482665533598     
  -2.0170551191921540      -0.53709610772124206     
  -1.9366038940607140      -0.64186128213264204     
  -1.8567683855813091      -0.75034217006752668     
  -1.7776783180720557      -0.86341459097615547     
  -1.6994843600359610      -0.98211126305865137     
  -1.6223654186844163       -1.1076591290987454     
  -1.5465387616689812       -1.2415179198111306     
  -1.4722742696378188       -1.3854108680565140     
  -1.3999147098106530       -1.5413257895365780     
  -1.3299046760409612       -1.7114385607794187     
  -1.2628315977694131       -1.8978598936465791     
  -1.1994823103214294       -2.1020152747428726     
  -1.1409161452114314       -2.3233360493120681     
  -1.0885457352018053       -2.5568510766517676     
  -1.0441917064223476       -2.7895642417842970     
  -1.0100328625149484       -2.9970659900909706     
 -0.98833650614271573       -3.1440840213802308     
 -0.98089237294404730       -3.1969038991803997     
  -3.9519008127572484        3.0752493092061957     
  -3.9445633856349760        3.0285512285855827     
  -3.9231387219691727        2.8974365220323652     
  -3.8892930831224839        2.7098383077161805     
  -3.8451762912319456        2.4959731180075027     
  -3.7929009423392639        2.2779424636720114     
  -3.7342714161010626        2.0684200766857748     
  -3.6707145335615081        1.8729409646396082     
  -3.6033164622419531        1.6928281460882231     
  -3.5328929046638051        1.5273194951381834     
  -3.4600573377736565        1.3748105899543992     
  -3.3852760141522222        1.2334891469646503     
  -3.3089089339612978        1.1016217812223692     
  -3.2312393309477203       0.97766182071395369     
  -3.1524946305844463       0.86027219517161224     
  -3.0728613440168830       0.74831172263994616     
  -2.9924957284946085       0.64080820847334052     
  -2.9115315100753296       0.53692901236384982     
  -2.8300855675840029       0.43595346960543824     
  -2.7482621985160227       0.33724858915968647     
  -2.6661563975440403       0.24024811894869225     
  -2.5838564503488959       0.14443451700688872     
  -2.5014460603132376        4.9323172967267959E-002
  -2.4190061699026018       -4.5551819972132868E-002
  -2.3366166036022098      -0.14065103698824979     
  -2.2543576396861074      -0.23644292487916568     
  -2.1723116109258704      -0.33341753822721731     
  -2.0905646386180923      -0.43210155555868585     
  -2.0092086208599644      -0.53307540115488883     
  -1.9283436276805239      -0.63699340144306194     
  -1.8480809078876224      -0.74460800480137090     
  -1.7685467944376774      -0.85679911808500564     
  -1.6898879212955658      -0.97460939535907531     
  -1.6122783575207387       -1.0992854802232548     
  -1.5359295569197797       -1.2323229408215646     
  -1.4611044598031917       -1.3755072176751608     
  -1.3881377195133362       -1.5309307438614279     
  -1.3174648859581179       -1.7009403656279463     
  -1.2496643432451835       -1.8879162972836807     
  -1.1855162674200379       -2.0936848165627753     
  -1.1260809046580429       -2.3182110732969083     
  -1.0727891408166821       -2.5570763785236004     
  -1.0275121601359609       -2.7974714400705505     
 -0.99252640143192017       -3.0140745263818363     
 -0.97024036800367308       -3.1689382948636062     
 -0.96258152302214062       -3.2248843613497415     
  -3.9567769022618977        3.0926143621251123     
  -3.9492744192062208        3.0439389156274026     
  -3.9273924336039814        2.9077451657846041     
  -3.8928948795729492        2.7140862131371364     
  -3.8480359192336011        2.4949256343871813     
  -3.7950046954652690        2.2730719297361124     
  -3.7356487265526894        2.0611735188359317     
  -3.6714131997109356        1.8644460713069069     
  -3.6033882698093547        1.6838653993252668     
  -3.5323866755850899        1.5183918963300116     
  -3.4590162387812176        1.3662262201748396     
  -3.3837369926849235        1.2254281178276154     
  -3.3069030861448780        1.0941835855141628     
  -3.2287925989360957       0.97089671311302361     
  -3.1496285504552750       0.85420128515892058     
  -3.0695937286913777       0.74293958928727710     
  -2.9888412475436477       0.63613072259716774     
  -2.9075021624590542       0.53293814299212661     
  -2.8256910567331817       0.43264021426552662     
  -2.7435102229099102       0.33460474714329347     
  -2.6610528695055615       0.23826735737315635     
  -2.5784056537112012       0.14311300901182283     
  -2.4956507550454434        4.8659979313179523E-002
  -2.4128676491683425       -4.5554524282114872E-002
  -2.3301347061899005      -0.13998783655944341     
  -2.2475307182693145      -0.23510511917829335     
  -2.1651364540894598      -0.33139319116185123     
  -2.0830363418920248      -0.42937568849546598     
  -2.0013203990011497      -0.52963042776155156     
  -1.9200865570202068      -0.63280997750854040     
  -1.8394435836890455      -0.73966658550826958     
  -1.7595148840855650      -0.85108270999277957     
  -1.6804435905102424      -0.96810831019595289     
  -1.6023995456437334       -1.0920054217116684     
  -1.5255890833927039       -1.2242986025724714     
  -1.4502689679404057       -1.3668248941469483     
  -1.3767665287673612       -1.5217653801638911     
  -1.3055089786881726       -1.6916147958210181     
  -1.2370660524990531       -1.8789916789241117     
  -1.1722109271881342       -2.0860861143381935     
  -1.1120029914564684       -2.3133650005086124     
  -1.0578872610962025       -2.5569607854595451     
  -1.0117783027641325       -2.8043186877005786     
 -0.97604049516664493       -3.0293559405741952     
 -0.95321389072192952       -3.1916185311026752     
 -0.94535733072994665       -3.2505415277577465     
  -3.9602179424338306        3.1080511449190422     
  -3.9525660332982562        3.0575566638920986     
  -3.9302711672692698        2.9167191575645939     
  -3.8951879211732914        2.7175858262591466     
  -3.8496657933063156        2.4937175489401544     
  -3.7959623531384925        2.2685270584503074     
  -3.7359625697484073        2.0546002445761817     
  -3.6711268163395521        1.8568417810511177     
  -3.6025479000105394        1.6759072804233566     
  -3.5310353708217632        1.5105085268821101     
  -3.4571917397004963        1.3586751846038205     
  -3.3814714050174897        1.2183567053392244     
  -3.3042233113260844        1.0876707276097539     
  -3.2257210086419574       0.96498028386852797     
  -3.1461836766608329       0.84889531813039210     
  -3.0657908794106423       0.73824493754894782     
  -2.9846930222009265       0.63204157979936493     
  -2.9030188679488749       0.52944599470136178     
  -2.8208810350976314       0.42973621100215309     
  -2.7383801037147419       0.33228111701991414     
  -2.6556077589384541       0.23651824060030957     
  -2.5726492702148178       0.14193494938171608     
  -2.4895855188156339        4.8052215591466690E-002
  -2.4064947304202051       -4.5589882801208084E-002
  -2.3234540347894734      -0.13944570529999692     
  -2.2405409550961166      -0.23397738848077110     
  -2.1578349222292488      -0.32966874178324351     
  -2.0754189133278382      -0.42704051259558246     
  -1.9933813297311389      -0.52666793658978683     
  -1.9118182603498497      -0.62920164008881052     
  -1.8308363277454869      -0.73539314459572769     
  -1.7505563954709618      -0.84612639005858814     
  -1.6711185419584795      -0.96245671265513555     
  -1.5926889030803135       -1.0856582690979935     
  -1.5154692907123173       -1.2172792612943262     
  -1.4397109649743818       -1.3591998365100380     
  -1.3657346491776641       -1.5136766052359705     
  -1.2939599027789974       -1.6833326554417571     
  -1.2249482830145186       -1.8709974552745208     
  -1.1594658767191048       -2.0791905367857542     
  -1.0985699521458618       -2.3088470285977083     
  -1.0437163501266804       -2.5566396054431162     
 -0.99685686782373517       -2.8103166381106450     
 -0.96043500396080284       -3.0431660066214494     
 -0.93711300510465578       -3.2123939796045788     
 -0.92907448256756620       -3.2741452764317791     
  -3.9623801108113739        3.1217918782293896     
  -3.9545930458288954        3.0696290610113177     
  -3.9319256556937709        2.9245561536246192     
  -3.8963162799077642        2.7204846903016153     
  -3.8502012829755552        2.4924304810016702     
  -3.7958993555384266        2.2643219687064362     
  -3.7353280354582625        2.0486567219719691     
  -3.6699603021194647        1.8500416861937783     
  -3.6008906374090843        1.6688392421825271     
  -3.5289253429210468        1.5035390573804301     
  -3.4546620034534592        1.3520208039637109     
  -3.3785499370049150        1.2121386811743824     
  -3.3009334669726687        1.0819521507188521     
  -3.2220821611104831       0.95978983223257197     
  -3.1422118476154259       0.84424204511618595     
  -3.0614992916105006       0.73412731541525778     
  -2.9800925566562357       0.62845296425641850     
  -2.8981184299490605       0.52637789356910492     
  -2.8156878406850958       0.42718021960159563     
  -2.7328998992158100       0.33023005210710743     
  -2.6498449847304908       0.23496679873828746     
  -2.5666071776735682       0.14088008839225202     
  -2.4832662470374198        4.7493378979486425E-002
  -2.3998993470830947       -4.5650628238004469E-002
  -2.3165825434330198      -0.13900358128724791     
  -2.2333922690952841      -0.23302485327096173     
  -2.1504068037061814      -0.32819548279159022     
  -2.0677078730544638      -0.42503351683799179     
  -1.9853824815830245      -0.52411170655071693     
  -1.9035251209346018      -0.62607867619996260     
  -1.8222405483378725      -0.73168490308728962     
  -1.7416474093507714      -0.84181507122242771     
  -1.6618831059996224      -0.95752848094268084     
  -1.5831105091195989       -1.0801089215290189     
  -1.5055274228683662       -1.2111240549252518     
  -1.4293801910530388       -1.3524903216781861     
  -1.3549835745813366       -1.5065290803954308     
  -1.2827501216641108       -1.6759753041124692     
  -1.2132337135932276       -1.8638455534546567     
  -1.1471934198463472       -2.0729575208513893     
  -1.0856835054295400       -2.3046813199014893     
  -1.0301679938152801       -2.5562126848094451     
 -0.98263066100266527       -2.8156365418858482     
 -0.94558617833663039       -3.0557246443594770     
 -0.92181008161420697       -3.2315046770832585     
 -0.91360409208286186       -3.2959394169628911     
  -3.9634006629319511        3.1340414359747002     
  -3.9554914040009770        3.0803520665308879     
  -3.9324879679912002        2.9314231376678084     
  -3.8964058413535683        2.7229006579942565     
  -3.8497603794312139        2.4911220896396196     
  -3.7949248627014409        2.2604559292167621     
  -3.7338452159168516        2.0432945357940104     
  -3.6680049314303380        1.8439633783060934     
  -3.5984994576570939        1.6625576322708653     
  -3.5261318973404410        1.4973688244809060     
  -3.4514953057205182        1.3461449582984937     
  -3.3750344354020734        1.2066577619042966     
  -3.2970895094627237        1.0769169838288286     
  -3.2179265918979243       0.95522224517719756     
  -3.1377585800555789       0.84014760652177389     
  -3.0567598026982785       0.73050304003647193     
  -2.9750762921713445       0.62529191697704944     
  -2.8928331265897778       0.52367191066203134     
  -2.8101397768374059       0.42492149861008399     
  -2.7270940862748589       0.32841206921756549     
  -2.6437853092538597       0.23358483242049169     
  -2.5602965024618398       0.13993151794672073     
  -2.4767064770453668        4.6977859009299537E-002
  -2.3930914640295082       -4.5731058569769750E-002
  -2.3095266110979238      -0.13864442300181001     
  -2.2260874094962007      -0.23221909527704732     
  -2.1428511425229027      -0.32693357951822938     
  -2.0598984506978670      -0.42330342348946259     
  -1.9773151240380806      -0.52189902881792438     
  -1.8951942618046753      -0.62336703704864338     
  -1.8136389902477452      -0.72845670490355729     
  -1.7327660089828920      -0.83805295922627177     
  -1.6527103627446502      -0.95321803081583933     
  -1.5736320334700140       -1.0752434441787861     
  -1.4957252597030748       -1.2057130382238670     
  -1.4192319809784131       -1.3465740731517259     
  -1.3444615680617416       -1.5002038018524042     
  -1.2718201489607759       -1.6694352366144998     
  -1.2018544306818211       -1.8574514273424161     
  -1.1353166412622151       -2.0673401483660752     
  -1.0732574403240551       -2.3008746478190720     
  -1.0171469236230217       -2.5557528446282300     
 -0.96899637525567683       -2.8204177648536035     
 -0.93138453186412062       -3.0672214037280701     
 -0.90719186550871600       -3.2491651430582635     
 -0.89883166028100070       -3.3161447352442330     
  -3.9634001575320910        3.1449806419018418     
  -3.9553804243039412        3.0898968164394192     
  -3.9320737808310038        2.9374614304876325     
  -3.8955665889758997        2.7249279243857756     
  -3.8484459417544685        2.4898321611218153     
  -3.7931338988645247        2.2569184103974131     
  -3.7316011937185274        2.0384637245418138     
  -3.6653401315673837        1.8385299042379872     
  -3.5954466205822002        1.6569694573799196     
  -3.5227206840025302        1.4918972560671797     
  -3.4477512378230504        1.3409455574907692     
  -3.3709789404378139        1.2018144737163960     
  -3.2927403768718126        1.0724710896819167     
  -3.2132985246316568       0.95119045585911577     
  -3.1328637127376604       0.83653307409568423     
  -3.0516081434041635       0.72730195202132675     
  -2.9696760814558862       0.62249739690457939     
  -2.8871911212618904       0.52127629832491429     
  -2.8042614698412138       0.42291766570273132     
  -2.7209838737863570       0.32679416747799989     
  -2.6374466143747357       0.23234871366812898     
  -2.5537318628037102       0.13907496983745712     
  -2.4699176014716455        4.6500742107792058E-002
  -2.3860792619729900       -4.5826722821279239E-002
  -2.3022911961802803      -0.13835438721453491     
  -2.2186280775636056      -0.23153683471198050     
  -2.1351663225758446      -0.32585026022748786     
  -2.0519856254124123      -0.42180791338559692     
  -1.9691707145157238      -0.51997799990173410     
  -1.8868134687031604      -0.62100524649104949     
  -1.8050155803953654      -0.72563760848028080     
  -1.7238920328786760      -0.83475992249842212     
  -1.6435757841015453      -0.94943659558536098     
  -1.5642242477967518       -1.0709654382524203     
  -1.4860284767899978       -1.2009438833071182     
  -1.4092264511663959       -1.3413456036162212     
  -1.3341226568229039       -1.4945964687710045     
  -1.2611173377830232       -1.6636159074318628     
  -1.1907505096395792       -1.8517357406912391     
  -1.1237677948907550       -2.0622888996342459     
  -1.0612158501947972       -2.2974219937717821     
  -1.0045691577745621       -2.5553124442076141     
 -0.95586270991236533       -2.8247739519152320     
 -0.91773299116955576       -3.0778201449509734     
 -0.89315767039139859       -3.2655675758736775     
 -0.88465528803445026       -3.3349616155143615     
  -3.9624844145455049        3.1547691392633030     
  -3.9543647597901157        3.0984128969014071     
  -3.9307843621777292        2.9427908721407010     
  -3.8938945833997942        2.7266418555014842     
  -3.8463476265947825        2.4885872449082260     
  -3.7906091815172758        2.2536927006287906     
  -3.7286717299181644        2.0341149389221345     
  -3.6620350070304628        1.8336704322180011     
  -3.5917950240270642        1.6519917701591871     
  -3.5187488857306191        1.4870362867893496     
  -3.4434817418121950        1.3363342941482850     
  -3.3664305830285932        1.1975235098542756     
  -3.2879287648049895        1.0685342410190031     
  -3.2082365415346374       0.94762060278324522     
  -3.1275619865175854       0.83333171509587756     
  -3.0460754406838770       0.72446487375511737     
  -2.9639196259216591       0.62001799746923614     
  -2.8812168440005133       0.51914751048746188     
  -2.7980742025208185       0.42113305370031401     
  -2.7145874949412971       0.32534854214706449     
  -2.6308441573135442       0.23123847239650416     
  -2.5469255916909272       0.13829828454864543     
  -2.4629090602735317        4.6057668214179934E-002
  -2.3788692992812286       -4.5934174498733438E-002
  -2.2948799674048557      -0.13812219346389229     
  -2.2110150245381250      -0.23095891014578948     
  -2.1273501291463872      -0.32491841977485020     
  -2.0439641459706488      -0.42051186703273835     
  -1.9609408705603242      -0.51830542105566324     
  -1.8783711062281154      -0.61894198963006575     
  -1.7963552780636460      -0.72316820936542359     
  -1.7150068474329860      -0.83186861300035075     
  -1.6344569153231017      -0.94610923601408270     
  -1.5548606010038366       -1.0671930665806875     
  -1.4764060979308551       -1.1967290941542630     
  -1.3993278122867010       -1.3367138488104660     
  -1.3239257888334142       -1.4896158299988393     
  -1.2505948687360775       -1.6584311364632294     
  -1.1798688288946115       -1.8466251837711571     
  -1.1124869518558476       -2.0577541247863231     
  -1.0494916404776489       -2.2943106113206921     
 -0.99236041459218449       -2.5549284595234871     
 -0.94314874695979789       -2.8287980566392155     
 -0.90454528314130711       -3.0876630297175951     
 -0.87961779366097304       -3.2808846473416837     
 -0.87098410495857748       -3.3525723445963584     
  -3.9607462381199454        3.1635479062574481     
  -3.9525361280220728        3.1060311715374294     
  -3.9287083045695210        2.9475133095176731     
  -3.8914736791052911        2.7281028407943300     
  -3.8435435493369670        2.4874041672149696     
  -3.7874226866837195        2.2507584681180424     
  -3.7251227039255457        2.0302007848493706     
  -3.6581496391569619        1.8293204188038255     
  -3.5875993608657271        1.6475508712369906     
  -3.5142662387618637        1.4827088562303012     
  -3.4387320053347947        1.3322346832911875     
  -3.3614303669026402        1.1937115160993585     
  -3.2826918090293042        1.0650378107663265     
  -3.2027741791848525       0.94444974358078615     
  -3.1218835647226535       0.83048681625519127     
  -3.0401886728392782       0.72194160546332919     
  -2.9578308742846109       0.61781015841440490     
  -2.8749313409261568       0.51724866068219988     
  -2.7915962205679938       0.41953743567123047     
  -2.7079204752646060       0.32405159097162356     
  -2.6239908040520996       0.23023709340342488     
  -2.5398879382272654       0.13759100481687239     
  -2.4556885115339311        4.5644724311899761E-002
  -2.3714666527313559       -4.6050776738864131E-002
  -2.2872954140225774      -0.13793862841634230     
  -2.2032481297420232      -0.23046948463782069     
  -2.1193997923299657      -0.32411553256949532     
  -2.0358285358314503      -0.41938599285086553     
  -1.9526173316987274      -0.51684515502337069     
  -1.8698560303846583      -0.61713421807425017     
  -1.7876439307181577      -0.72099852374167983     
  -1.7060931371740864      -0.82932217150556797     
  -1.6253330893906537      -0.94317243022322916     
  -1.5455168460303523       -1.0638566176324886     
  -1.4668300214102059       -1.1929936698345771     
  -1.3895037812761659       -1.3326001007215889     
  -1.3138341171467642       -1.4851821110928611     
  -1.2402108951453070       -1.6538043050689515     
  -1.1691620696986464       -1.8420527373379942     
  -1.1014208576610831       -2.0536876198809630     
  -1.0380252603114735       -2.2915229512545672     
 -0.98045475240008251       -2.5546263939526477     
 -0.93078254508909208       -2.8325664305675753     
 -0.89174452537096771       -3.0968739238032601     
 -0.86649212302546075       -3.2952719694167909     
 -0.85773688483724742       -3.3691431724117828     
  -3.9582669324823798        3.1714414718055606     
  -3.9499748285347005        3.1128662297144478     
  -3.9259230397287905        2.9517155028606545     
  -3.8883770145250116        2.7293593590921787     
  -3.8401017165844893        2.4862926816240396     
  -3.7836369921524482        2.2480935523803640     
  -3.7210113461198571        2.0266766071484117     
  -3.6537361987979522        1.8254214696170747     
  -3.5829071120085021        1.6435814430379383     
  -3.5093159124528461        1.4788475331523467     
  -3.4335412375821628        1.3285803710034090     
  -3.3560138514980471        1.1903152397493522     
  -3.2770616859800366        1.0619228795508178     
  -3.1969404565840049       0.94162400745101316     
  -3.1158544977207745       0.82794994282640744     
  -3.0339710783983351       0.71968933407874502     
  -2.9514303824337951       0.61583675433168228     
  -2.8683525906971821       0.51554831054723549     
  -2.7848430101572599       0.41810502708870761     
  -2.7009958750284753       0.32288313901800986     
  -2.6168972393003465       0.22932996972326383     
  -2.5326272470765434       0.13694406113578361     
  -2.4482619815294262        4.5258364140010762E-002
  -2.3638750385708294       -4.6174547547833115E-002
  -2.2795389374787760      -0.13779615631359893     
  -2.1953264617028898      -0.23005542283018421     
  -2.1113120156728247      -0.32342279929698337     
  -2.0275730865171444      -0.41840574867421731     
  -1.9441919138997397      -0.51556683059888619     
  -1.8612574995149802      -0.61554565048887511     
  -1.7788681357642748      -0.71908630468446644     
  -1.6971347105944912      -0.82707238914171477     
  -1.6161851689930744      -0.94057212413345581     
  -1.5361707088658119       -1.0608965083303175     
  -1.4572746058399921       -1.1896731504551152     
  -1.3797250730041313       -1.3289362232289907     
  -1.3038143862378890       -1.4812255704538912     
  -1.2299278140435446       -1.6496674699908032     
  -1.1585878650672510       -1.8379575935449719     
  -1.0905219590510560       -2.0500435830457731     
  -1.0267636181062161       -2.2890387447506559     
 -0.96879339846191315       -2.5544232772349451     
 -0.91869991830248210       -2.8361421396304674     
 -0.87926199090570256       -3.1055612991658772     
 -0.85370890783490350       -3.3088702892772175     
 -0.84484082219307355       -3.3848261815506535     
  -3.9551176348903718        3.1785598734977696     
  -3.9467510749004742        3.1190185106016597     
  -3.9224961619691001        2.9554715476050188     
  -3.8846683061428449        2.7304504144938626     
  -3.8360812631228036        2.4852574592075776     
  -3.7793064326738892        2.2456751956532099     
  -3.7163872959860647        2.0235008939626389     
  -3.6488399018897848        1.8219210210761656     
  -3.5777594012109062        1.6400256839828522     
  -3.5039352695054293        1.4753932812295585     
  -3.4279433431977262        1.3253136845118778     
  -3.3502117484117000        1.1872799831009910     
  -3.2710661403473682        1.0591386807986181     
  -3.1907603417766794       0.93909709492117110     
  -3.1094971355776573       0.82567953707301001     
  -3.0274425208787390       0.71767136070514270     
  -2.9447356354562100       0.61406597152588716     
  -2.8614957880923311       0.51401950970942445     
  -2.7778275465892275       0.41681369757704412     
  -2.6938245057291281       0.32182582798905124     
  -2.6095721529033455       0.22850447308226879     
  -2.5251501162645789       0.13634952551184662     
  -2.4406339947914457        4.4895346456044233E-002
  -2.3560969151206153       -4.6304036515327759E-002
  -2.2716109262660087      -0.13768861074334718     
  -2.1872483243820282      -0.22970579853845680     
  -2.1030829923007395      -0.32282447200022490     
  -2.0191918415336358      -0.41755048734006084     
  -1.9356564584974547      -0.51444481385395835     
  -1.8525650846996164      -0.61414557773636136     
  -1.7700151080962159      -0.71739569424339922     
  -1.6881163196401558      -0.82507822646709295     
  -1.6069953118047611      -0.93826214795687002     
  -1.5268015924833944       -1.0582616431235441     
  -1.4477163046619346       -1.1867119847666667     
  -1.3699649564749694       -1.3256631224854547     
  -1.2938364006863241       -1.4776852026701031     
  -1.2197116386550069       -1.6459604707300381     
  -1.1481080695408605       -1.8342848726623882     
  -1.0797475692789322       -2.0467791453775801     
  -1.0156591487710174       -2.2868364673661579     
 -0.95732373592791509       -2.5543299564545947     
 -0.90684337103578083       -2.8395776500297552     
 -0.86703602256152068       -3.1138207125450652     
 -0.84120367272326080       -3.3218074576013135     
 -0.83223044823093051       -3.3997610042437718     
  -3.9513604868976380        3.1850003906514481     
  -3.9429261633212764        3.1245761487438162     
  -3.9184865841942118        2.9588448930856304     
  -3.8804029726860154        2.7314074693981669     
  -3.8315335210935304        2.4842995751692305     
  -3.7744780950519119        2.2434808693226134     
  -3.7112935123185244        2.0206354277027301     
  -3.6434998318600438        1.8187719259392026     
  -3.5721917323158876        1.6368324816759727     
  -3.4981565237995937        1.4722943661221037     
  -3.4219675077938367        1.3223843933620234     
  -3.3440504419278798        1.1845583100559134     
  -3.2647289475737944        1.0566413185695001     
  -3.1842551626136113       0.93682905316133336     
  -3.1028304926162229       0.82363978268775895     
  -3.0206198118974181       0.71585607537694995     
  -2.9377613333113044       0.61247040710957112     
  -2.8543735955817837       0.51263902821798135     
  -2.7705605144653864       0.41564434243110315     
  -2.6864151210025264       0.32086463034145013     
  -2.6020224031111967       0.22774961271878280     
  -2.5174615339289845       0.13580041622159697     
  -2.4328076849999181        4.4552686406558351E-002
  -2.3481335680305024       -4.6438226517310187E-002
  -2.2635108153178360      -0.13761094940287558     
  -2.1790112900372804      -0.22941150290209308     
  -2.0947084101194666      -0.32230731646367750     
  -2.0106785722884779      -0.41680277501314522     
  -1.9270027766808269      -0.51345738542859398     
  -1.8437685800978594      -0.61290790435820375     
  -1.7610725529349460      -0.71589613764623228     
  -1.6790234909949187      -0.82330461403939170     
  -1.5977467554035587      -0.93620292425416762     
  -1.5173903097666348       -1.0559080618082231     
  -1.4381333406403078       -1.1840621658919188     
  -1.3601988637157629       -1.3227294407985355     
  -1.2838725608369368       -1.4745075900122711     
  -1.2095314533762023       -1.6426300731314774     
  -1.1376881273887307       -1.8309852265960149     
  -1.0690591467957036       -2.0438546138477562     
  -1.0046690063658357       -2.2848943499387917     
 -0.94599842303584025       -2.5543528398978261     
 -0.89516116602037021       -2.8429170030073960     
 -0.85501107550770039       -3.1217369279894438     
 -0.82891825410023456       -3.3342002067239433     
 -0.81984666732673728       -3.4140764162038715     
  -3.9470496625877192        3.1908490801801563     
  -3.9385534969563993        3.1296165795405528     
  -3.9139455471427187        2.9618900264832604     
  -3.8756291117055826        2.7322559776037583     
  -3.8265029446538672        2.4834176129968006     
  -3.7691926761973744        2.2414888093173695     
  -3.7057670571619257        2.0180452700506448     
  -3.6377496482807019        1.8159319960251690     
  -3.5662346256372426        1.6339566446982272     
  -3.4920073097334354        1.4695053955349859     
  -3.4156387063033833        1.3197486524550133     
  -3.3375524424481018        1.1821089619609189     
  -3.2580703180151418        1.0543927058410401     
  -3.1774429666961947       0.93478527062350780     
  -3.0958705675416089       0.82179967855585889     
  -3.0135169952304328       0.71421612487267472     
  -2.9305196419803736       0.61102634042792425     
  -2.8469963641736551       0.51138673756490616     
  -2.7630505003444576       0.41458037682102433     
  -2.6787745827549725       0.31998645878986898     
  -2.5942531574385419       0.22705576138028255     
  -2.5095649947824668       0.13529054093121903     
  -2.4247848875667497        4.4227616118023581E-002
  -2.3399851791533361       -4.6576455469350748E-002
  -2.2552371310027870      -0.13755905811686542     
  -2.1706122198198758      -0.22916493074114699     
  -2.0861834471389922      -0.32186018124239335     
  -2.0020267468867026      -0.41614784371205943     
  -1.9182225900939769      -0.51258607829304503     
  -1.8348579132337974      -0.61181037472484257     
  -1.7520285431800966      -0.71456150338099844     
  -1.6698423673204692      -0.82172147558417241     
  -1.5884236186030638      -0.93436040895703454     
  -1.5079188404673185       -1.0537978214295227     
  -1.4285054132811876       -1.1816820893518896     
  -1.3504040418334957       -1.3200904433257949     
  -1.2738974531854179       -1.4716458939665744     
  -1.1993589361211181       -1.6396291714029017     
  -1.1272965213538364       -1.8280143880945237     
  -1.0584216671813620       -2.0412335223664089     
 -0.99375436067289358       -2.2831910595863789     
 -0.93477462305581582       -2.5544952199482065     
 -0.88360650462923629       -2.8461975777399098     
 -0.84313686970151924       -3.1293857420782221     
 -0.81679994253423627       -3.3461557700443634     
 -0.80763589762829158       -3.4278918307525532     
  -3.9422322701911510        3.1961821385111366     
  -3.9336794828359434        3.1342079372753262     
  -3.9089174998166021        2.9646538794822579     
  -3.8703883476211343        2.7330166000783125     
  -3.8210279097153079        2.4826084788795217     
  -3.7634852232973026        2.2396783437177215     
  -3.6998397713116686        2.0156986417625276     
  -3.6316181976592565        1.8133635355062498     
  -3.5599141671645316        1.6313582013530281     
  -3.4855111745134919        1.4669864802427572     
  -3.4089781435092172        1.3173680998890873     
  -3.3307367802917609        1.1798959462654344     
  -3.2511072486262216        1.0523596811826539     
  -3.1703388350252282       0.93293564684917107     
  -3.0886306225738949       0.82013227811192235     
  -3.0061455944182138       0.71272773212221985     
  -2.9230204120442940       0.60971313901367685     
  -2.8393723250238505       0.51024510709447934     
  -2.7553041590490959       0.41360732488010366     
  -2.6709080034759540       0.31917984925590859     
  -2.5862680119696440       0.22641443272297287     
  -2.5014625970978024       0.13481436883301540     
  -2.4165662147073772        4.3917551710433579E-002
  -2.3316508798391906       -4.6718354324061830E-002
  -2.2467875225100227      -0.13752959373988127     
  -2.1620472728498408      -0.22895972826331559     
  -2.0775027575558704      -0.32147365020133567     
  -1.9932294922384184      -0.41557314897326114     
  -1.9093074676630024      -0.51181514137726958     
  -1.8258230548782675      -0.61083394447466555     
  -1.7428714002830947      -0.71336936592988098     
  -1.6605595566074824      -0.82030292813472638     
  -1.5790107162652203      -0.93270521913886428     
  -1.4983701079071212       -1.0518980681955177     
  -1.4188134332578262       -1.1795355949336281     
  -1.3405592404122009       -1.3177070693543405     
  -1.2638874855103650       -1.4690589743281168     
  -1.1891679357571077       -1.6369160582191735     
  -1.1169042873978419       -1.8253327029331554     
  -1.0478030718156330       -2.0388825580667467     
 -0.98287977989108710       -2.2817061420106790     
 -0.92361332688035480       -2.5547582733446790     
 -0.87213680234233371       -2.8494515242500067     
 -0.83136763612625175       -3.1368355630397113     
 -0.80480071611948423       -3.3577733703856709     
 -0.79554930128712342       -3.4413187139155297     
  -3.9369491415301310        3.2010671094079406     
  -3.9283443161349116        3.1384102741043307     
  -3.9034408666694480        2.9671770051680033     
  -3.8647165675612820        2.7337061694309956     
  -3.8151414052945372        2.4818679973542785     
  -3.7573857720695267        2.2380300734921961     
  -3.6935388561174349        2.0135667387412677     
  -3.6251300394697861        1.8110328851860313     
  -3.5532524818816515        1.6290017667591168     
  -3.4786880028934761        1.4647025026362419     
  -3.4020036345845259        1.3152090860266654     
  -3.3236193462233352        1.1778877676001243     
  -3.2438538272584134        1.0505132701415154     
  -3.1629551533806981       0.93125390270347208     
  -3.0811214247493299       0.81861406033644768     
  -2.9985148263857475       0.71137013530894111     
  -2.9152713666205572       0.60851277021897832     
  -2.8315077533313380       0.50919879063228413     
  -2.7473263548435241       0.41271248264058535     
  -2.6628188657383580       0.31843470072771346     
  -2.5780690899643961       0.22581809830504732     
  -2.4931551209663216       0.13436692483619261     
  -2.4081511136762113        4.3620064710692581E-002
  -2.3231287892585404       -4.6863798368978277E-002
  -2.2381587801600786      -0.13751985802741862     
  -2.1533119042004234      -0.22879058932982654     
  -2.0686604488751366      -0.32113976098633623     
  -1.9842795495450603      -0.41506801049433079     
  -1.9002487584153493      -0.51113110266655493     
  -1.8166539278839529      -0.60996226703091072     
  -1.7335895774590364      -0.71230041777941422     
  -1.6511619877612147      -0.81902662356595779     
  -1.5694933848442891      -0.93121191110937729     
  -1.4887277716025662       -1.0501802638913713     
  -1.4090392787354893       -1.1775911604372238     
  -1.3306444276392841       -1.3155451230262551     
  -1.2538205584391779       -1.4667106218949801     
  -1.1789340944781661       -1.6344537649854864     
  -1.1064845834342614       -1.8229046679558674     
  -1.0371737796015137       -2.0367714092810876     
 -0.97201268455388967       -2.2804202922352799     
 -0.91247875288914670       -2.5551418152069640     
 -0.86071304432632278       -2.8527069335845576     
 -0.81966144273934616       -3.1441487884603321     
 -0.79287655159830195       -3.3691456027498035     
 -0.78354209142781617       -3.4544619394077536     
  -3.9312355219826318        3.2055639557611157     
  -3.9225826647460345        3.1422766240978217     
  -3.8975487150630097        2.9694945650506739     
  -3.8586445589788614        2.7343384555644104     
  -3.8088716304437011        2.4811913421679495     
  -3.7509198964546209        2.2365259503876609     
  -3.6868873738357366        2.0116235128270343     
  -3.6183058982784493        1.8089099894068517     
  -3.5462681405663377        1.6268559757672238     
  -3.4715543822792601        1.4626224796653289     
  -3.3947299322288766        1.3132420130727940     
  -3.3162131841114206        1.1760567763866610     
  -3.2363214939598817        1.0488280642764751     
  -3.1553018449692525       0.92971700366311283     
  -3.0733514522207610       0.81722440585746692     
  -2.9906317833341958       0.71012512200040323     
  -2.9072782604560028       0.60740939629403667     
  -2.8234071059516483       0.50823428406253957     
  -2.7391202786308915       0.41188463881739290     
  -2.6545091198143740       0.31774205945302753     
  -2.5696571205214953       0.22526003522633933     
  -2.4846420884480800       0.13394370056515134     
  -2.3995379086663307        4.3332856379270195E-002
  -2.3144160381437415       -4.7012869529517685E-002
  -2.2293468409124397      -0.13752769641735790     
  -2.1444008519257607      -0.22865309046810525     
  -2.0596500500346564      -0.32085177598442777     
  -1.9751692229075091      -0.41462331877651398     
  -1.8910375197516933      -0.51052241147665400     
  -1.8073403140704198      -0.60918127184018800     
  -1.7241715438736691      -0.71133798481137611     
  -1.6416367704820318      -0.81787320366307170     
  -1.5598573160127471      -0.92985837995086396     
  -1.4789760323023331       -1.0486195382901076     
  -1.3991655690575857       -1.1758212208753451     
  -1.3206405294238746       -1.3135745817247038     
  -1.2436757663493705       -1.4645688907612082     
  -1.1686345065311345       -1.6322094698895664     
  -1.0960123019370520       -1.8206984883860993     
  -1.0265062502042859       -2.0348725669725911     
 -0.96112286002553848       -2.2793155031943537     
 -0.90133781088503750       -2.5556448660232780     
 -0.84929920803213099       -2.8559888002496279     
 -0.80797958762986322       -3.1513830207812901     
 -0.78098680136832399       -3.3803597356791770     
 -0.77157290423869473       -3.4674211026475841     
  -3.9251216720890305        3.2097260115093347     
  -3.9164242654513104        3.1458539336447511     
  -3.8912693346817955        2.9716371589821740     
  -3.8521985609903830        2.7349247741881229     
  -3.8022425085584177        2.4805733433985444     
  -3.7441091809193101        2.2351492839962201     
  -3.6799046767202430        2.0098454360409512     
  -3.6111630509729116        1.8069679916753241     
  -3.5389765078515443        1.6248929770817371     
  -3.4641239148002141        1.4607190075857215     
  -3.3871690059209301        1.3114407677204041     
  -3.3085287402870733        1.1743786144231283     
  -3.2285192630226582        1.0472816960769284     
  -3.1473865673849524       0.92830467435995290     
  -3.0653270680176066       0.81594515740569429     
  -2.9825015848790559       0.70897663906353559     
  -2.8990450117511961       0.60638903571064606     
  -2.8150731339778603       0.50733963898326906     
  -2.7306875421524421       0.41111384107946181     
  -2.6459792601693848       0.31709393787018153     
  -2.5610314978773228       0.22473419754751237     
  -2.4759218060337993       0.13354057817051618     
  -2.3907238266501025        4.3053733829377910E-002
  -2.3055087780872161       -4.7165827899106762E-002
  -2.2203467810652717      -0.13755141704928706     
  -2.1353081129692684      -0.22854355710443475     
  -2.0504644701865229      -0.32060399540180656     
  -1.9658903204919651      -0.41423129466931075     
  -1.8816644403402101      -0.50997914416457535     
  -1.7978717580033075      -0.60847881623920341     
  -1.7146056682511754      -0.71046762483523074     
  -1.6319710574010520      -0.81682584682568993     
  -1.5500883957421516      -0.92862535760712961     
  -1.4690994461068547       -1.0471941445119719     
  -1.3891754516314716       -1.1742015913803105     
  -1.3105291863781787       -1.3117690033983760     
  -1.2334331213763403       -1.4626055169605503     
  -1.1582474058564456       -1.6301539690833033     
  -1.0854637177234909       -1.8186856614049569     
  -1.0157745888938046       -2.0331611012723996     
 -0.95018201666548330       -2.2783751282020264     
 -0.89015961859654880       -2.5562660773629262     
 -0.83786174123295254       -2.8593198220785969     
 -0.79628604815730120       -3.1585921552194334     
 -0.76909362558062233       -3.3914989550994763     
 -0.75960322557247717       -3.4802918139290511     
  -3.9186333905112432        3.2136008272094552     
  -3.9098944415244103        3.1491838766907181     
  -3.8846267389871372        2.9736315253208270     
  -3.8454007396272885        2.7354744711057601     
  -3.7952741290116974        2.4800087018607155     
  -3.7369716247116362        2.2338847009052123     
  -3.6726067733175998        2.0082112607834066     
  -3.6037156565614072        1.8051828612692722     
  -3.5313900379925447        1.6230879829182920     
  -3.4564074818194701        1.4589677772808705     
  -3.3793302778768686        1.3097822317892143     
  -3.3005740734091034        1.1728317405544968     
  -3.2204539089062107        1.0458543922147356     
  -3.1392148764319967       0.92699898709008077     
  -3.0570526633206376       0.81476024809710379     
  -2.9741275020732729       0.70791046325744422     
  -2.8905738080034902       0.60543927728981406     
  -2.8065069712795876       0.50650422081852431     
  -2.7220282499274258       0.41039119827023779     
  -2.6372283813569033       0.31648316075168031     
  -2.5521903216748374       0.22423510621625553     
  -2.4669913895831859       0.13315376383831828     
  -2.3817050071670023        4.2780587063522529E-002
  -2.2964021762481615       -4.7323091133971561E-002
  -2.2111527958412061      -0.13758972642252607     
  -2.1260269074777991      -0.22845895518158707     
  -2.0410959474730244      -0.32039160444421649     
  -1.9564340873768242      -0.41388529165441595     
  -1.8721197565067056      -0.50949276107337660     
  -1.7882374662465528      -0.60784439677289070     
  -1.7048801001320197      -0.70967679337002232     
  -1.6221519062845464      -0.81586988912023117     
  -1.5401725461594153      -0.92749599122049586     
  -1.4590827444080532       -1.0458849987948584     
  -1.3790523980690854       -1.1727109758478056     
  -1.3002925239266254       -1.3101050169145450     
  -1.2230732948938303       -1.4607954114120811     
  -1.1477518760163521       -1.6282612050071719     
  -1.0748161632339575       -1.8168405890379471     
  -1.0049541842805267       -2.0316144272411805     
 -0.93916338805897615       -2.2775838836843776     
 -0.87891506054393875       -2.5570040516776311     
 -0.82636908510187390       -2.8627210745376948     
 -0.78454697582767874       -3.1658273713502263     
 -0.75716146935213824       -3.4026435751138635     
 -0.74759686219924337       -3.4931669930307403     
  -3.9117924667736714        3.2172309235876524     
  -3.9030145502711218        3.1523035707737956     
  -3.8776410973593651        2.9755011337972683     
  -3.8382695956428199        2.7359953083937869     
  -3.7879831244651170        2.4794921342838019     
  -3.7295219858408193        2.2327180722108304     
  -3.6650066389704845        2.0067017836708847     
  -3.5959750346872963        1.8035330509031979     
  -3.5235185236283626        1.6214188681767618     
  -3.4484134653639309        1.4573471499402841     
  -3.3712208194622089        1.3082458582193539     
  -3.2923550279342577        1.1713970224841330     
  -3.2121301185678952        1.0445285907874611     
  -3.1307903588485133       0.92578401033030178     
  -3.0485307718673087       0.81365538447458097     
  -2.9655110545666963       0.70691392049735224     
  -2.8818651868060869       0.60454903645294278     
  -2.7977081996651756       0.50571850231061721     
  -2.7131410493611274       0.40970871098385236     
  -2.6282542135312976       0.31590323272317561     
  -2.5431304182292260       0.22375775327432246     
  -2.4578467715908943       0.13277972854720674     
  -2.3724764957431512        4.2511366202084691E-002
  -2.2870903949886427       -4.7485220697904229E-002
  -2.2017581652138949      -0.13764167892540055     
  -2.1165496307020151      -0.22839680366767823     
  -2.0315359867894118      -0.32021054837398749     
  -1.9467911288644260      -0.41357963293917416     
  -1.8623931606694262      -0.50905590513736398     
  -1.7784262003674463      -0.60726890885961449     
  -1.6949826467498186      -0.70895456414433133     
  -1.6121661399148079      -0.81499250590003591     
  -1.5300955673652425      -0.92645548708949932     
  -1.4489106563457452       -1.0446752895720894     
  -1.3687800057101944       -1.1713305465881489     
  -1.2899129310159556       -1.3085618819000360     
  -1.2125773711971761       -1.4591162162721079     
  -1.1371275763162825       -1.6265078455580277     
  -1.0640477243332414       -1.8151402205881422     
 -0.99402137108531397       -2.0302120690705698     
 -0.92804135865604220       -2.2769278110774676     
 -0.86757638001970327       -2.5578575835468933     
 -0.81479123279379373       -2.8662125902882782     
 -0.77273022737435193       -3.1731380570228871     
 -0.74515657568426352       -3.4138722416738712     
 -0.73551944836541949       -3.5061381907894087     
  -3.9046170710465362        3.2206544637860306     
  -3.8958023678124141        3.1552462083365449     
  -3.8703291052908502        2.9772666899431504     
  -3.8308203121528961        2.7364937729171044     
  -3.7803829908126598        2.4790184668034065     
  -3.7217720711932225        2.2316364209113848     
  -3.6571144762558037        2.0052996175908060     
  -3.5879498978502458        1.8019991839191605     
  -3.5153693018014271        1.6198658131571708     
  -3.4401479300569942        1.4558377840441414     
  -3.3628455110225066        1.3068133016439645     
  -3.2838753736082738        1.1700573830984913     
  -3.2035506121325943        1.0432886109305168     
  -3.1221147354402028       0.92464550592531014     
  -3.0397621566260962       0.81261777368621091     
  -2.9566520817159683       0.70597564418923875     
  -2.8729180921317088       0.60370834513322880     
  -2.7886748909426591       0.50497388500091966     
  -2.7040231590699317       0.40905912452046056     
  -2.6190531374215480       0.31534822240933646     
  -2.5338473424438241       0.22329751699385161     
  -2.4484826902551915       0.13241515404573623     
  -2.3630322202459682        4.2244058256226034E-002
  -2.2775665555733657       -4.7652914230550285E-002
  -2.1921552049388380      -0.13770663814621084     
  -2.1068677912696936      -0.22835510448087729     
  -2.0217752851329585      -0.32005743060618386     
  -1.9369513226547996      -0.41330947718872102     
  -1.8524736999930085      -0.50866223465387539     
  -1.7684261616205201      -0.60674444602234057     
  -1.6849006431727811      -0.70829139437196353     
  -1.6020002009737788      -0.81418244302641485     
  -1.5198429761755590      -0.92549080844696952     
  -1.4385677303219648       -1.0435501436077255     
  -1.3583418005879266       -1.1700435826866791     
  -1.2793728429355113       -1.3071211066338144     
  -1.2019266082754139       -1.4575479150556181     
  -1.1263544783124098       -1.6248729076292594     
  -1.0531369500790897       -1.8135637232294946     
 -0.98295311062380775       -2.0289354281162892     
 -0.91679111278315850       -2.2763942115431983     
 -0.85611679557196940       -2.5588258435788944     
 -0.80309931456799222       -2.8698138698398141     
 -0.76080492295528535       -3.1805726918914408     
 -0.73304652499659240       -3.4252631577733670     
 -0.72333797857687288       -3.5192969676453369     
  -3.8971220871547385        3.2239058557226827     
  -3.8882724173097598        3.1580416156884010     
  -3.8627042988246454        2.9789465665852770     
  -3.8230650481633117        2.7369753234290002     
  -3.7724843554701004        2.4785826900160117     
  -3.7137309779874883        2.2306278169693421     
  -3.6489379299511620        2.0039889742706318     
  -3.5796465412854666        1.8005637686613334     
  -3.5069474205611408        1.6184109839428733     
  -3.4316147682963498        1.4544223057427663     
  -3.3542071673455442        1.3054680942469152     
  -3.2751369127164276        1.1687974916253299     
  -3.1947162332191232        1.0421203650299546     
  -3.1131879355682557       0.92357066569630408     
  -3.0307458693531011       0.81163588618349014     
  -2.9475487879629894       0.70508536476083172     
  -2.8637299061544153       0.60290816837287986     
  -2.7794036256936945       0.50426254284135430     
  -2.6946703750189593       0.40843579925517448     
  -2.6096201781592723       0.31481265935113245     
  -2.5243353595797648       0.22285008514489194     
  -2.4388926593718669       0.13205688233266855     
  -2.3533649490210924        4.1976662799242219E-002
  -2.2678226846070890       -4.7827003586263191E-002
  -2.1823352012882049      -0.13778424841312606     
  -2.0969719341531334      -0.22833228718928653     
  -2.0118036426731525      -0.31992943011106301     
  -1.9269037178185127      -0.41307070806575291     
  -1.8423496629856073      -0.50830628431518210     
  -1.7582248648014731      -0.60626413176313210     
  -1.6746208129435169      -0.70767892686377587     
  -1.5916399988758303      -0.81342978888970485     
  -1.5093998384088909      -0.92459041749010884     
  -1.4280381508301576       -1.0424963391196105     
  -1.3477210376781708       -1.1688351569132480     
  -1.2686545236181763       -1.3057661141689059     
  -1.1911022005113931       -1.4560724879517914     
  -1.1154126069528816       -1.6233374187799143     
  -1.0420625700623594       -1.8120921782395782     
 -0.97172668193963596       -2.0277675576052983     
 -0.90538829731167869       -2.2759715630074453     
 -0.84451013371329431       -2.5599085214740409     
 -0.79126520076782170       -2.8735443455765930     
 -0.74874102254663333       -3.1881797174925706     
 -0.72079979223453094       -3.4368953627217893     
 -0.71102035752250936       -3.5327363655583182     
  -3.8893193939896542        3.2270162948783137     
  -3.8804362458053308        3.1607167509045437     
  -3.8547773183560579        2.9805571753675810     
  -3.8150131829154086        2.7374445890670525     
  -3.7642951985933433        2.4781799851682398     
  -3.7054052906721275        2.2296812653980438     
  -3.6404822600817295        2.0027554580314235     
  -3.5710689934854201        1.7992109370392200     
  -3.4982557685873585        1.6170382450479905     
  -3.4228158106025401        1.4530850153592545     
  -3.3453066302158754        1.3041953589953585     
  -3.2661395561355406        1.1676034913287234     
  -3.1856260095894111        1.0410111054603519     
  -3.1040081433200122       0.92254787968530494     
  -3.0214792830553523       0.81069924671741378     
  -2.9381977622310123       0.70423372391080929     
  -2.8542964561073267       0.60214024189232640     
  -2.7698894880270064       0.50357728291874548     
  -2.6850770535239401       0.40783259432642621     
  -2.5999489768108699       0.31429144042684554     
  -2.5145874055373563       0.22241138396369209     
  -2.4290689175267999       0.13170186709323603     
  -2.3434662291049682        4.1707165869015135E-002
  -2.2578496413251044       -4.8008458347911127E-002
  -2.1722883274266649      -0.13787441548470086     
  -2.0868515460862156      -0.22832716652385454     
  -2.0016098571114815      -0.31982423526873904     
  -1.9166364179414592      -0.41285984382994739     
  -1.8320084512047750      -0.50798334988698290     
  -1.7478089982144189      -0.60582197857395692     
  -1.6641291159192519      -0.70710982266901135     
  -1.5810707449871468      -0.81272578007411578     
  -1.4987505908642713      -0.92374405389280057     
  -1.4173055464171533       -1.0415020575961145     
  -1.3369004938843954       -1.1676918626011552     
  -1.2577398424616348       -1.3044819482917263     
  -1.1800850378871199       -1.4546736046830242     
  -1.1042817804148943       -1.6218841110091053     
  -1.0308032128170967       -1.8107082995861632     
 -0.96031937648700672       -2.0266929449592173     
 -0.89380869028345711       -2.2756494260375946     
 -0.83273046960154240       -2.5611059412572779     
 -0.77926111394649378       -2.8774238189502008     
 -0.73650891147800657       -3.1960084217653493     
 -0.70838531225666379       -3.4488501040355111     
 -0.69853495774960928       -3.5465525178964414     
  -3.8812180995467451        3.2300142566068795     
  -3.8723026538770888        3.1632961507239994     
  -3.8465561259013246        2.9821132894017972     
  -3.8066715149342736        2.7379055291735561     
  -3.7558210307537210        2.4778057287680126     
  -3.6967992363362354        2.2287865903895363     
  -3.6317504756114189        2.0015858703764033     
  -3.5622191294147276        1.7979262040165505     
  -3.4892951693920322        1.6157328989158168     
  -3.4137509022383599        1.4518116237067644     
  -3.3361428287422981        1.3029815531931443     
  -3.2568813684866926        1.1664627566279377     
  -3.1762771840735038        1.0399491988387652     
  -3.0945718150004353       0.92156652944710027     
  -3.0119580967108783       0.80979824753990959     
  -2.9285939704234685       0.70341210801666387     
  -2.8446119950158453       0.60139692568440306     
  -2.7601260349215395       0.50291141908323689     
  -2.6752360695113393       0.40724376106247206     
  -2.5900317378022009       0.31377974288201466     
  -2.5045950236402894       0.22197751065721152     
  -2.4190023543869974       0.13134712560496511     
  -2.3333263021256294        4.1433511328109102E-002
  -2.2476370231640872       -4.8198394871837719E-002
  -2.1620035386703647      -0.13797729573589340     
  -2.0764949404862407      -0.22833891131491083     
  -1.9911815981948853      -0.31973999205254983     
  -1.9061364451084091      -0.41267396415728325     
  -1.8214364325329961      -0.50768939292186255     
  -1.7371642659959465      -0.60541276974400982     
  -1.6534105793239413      -0.70657761914589035     
  -1.5702767719930093      -0.81206263496075315     
  -1.4878788484784318      -0.92294254337335624     
  -1.4063527839671026       -1.0405566673639308     
  -1.3258622486152116       -1.1666015732458399     
  -1.2466100401575455       -1.3032550120250774     
  -1.1688554557691195       -1.4533363479691421     
  -1.0929413422526963       -1.6204971407757558     
  -1.0193371184090387       -1.8093961711098485     
 -0.94870818892506026       -2.0256973011925816     
 -0.88202786748898698       -2.2754183427317449     
 -0.82075176713104658       -2.5624191590264140     
 -0.76705924106271595       -2.8814728892175010     
 -0.72407898557815975       -3.2041098682107498     
 -0.69577204360479239       -3.4612123485474244     
 -0.68585017504029766       -3.5608464538405928     
  -3.8728247308811405        3.2329259470870713     
  -3.8638778813625301        3.1658023358395813     
  -3.8380461789555960        2.9836283262439176     
  -3.7980444186504654        2.7383615624502968     
  -3.7470650295747081        2.4774554805329343     
  -3.6879148006933136        2.2279343173311039     
  -3.6227434303601083        2.0004680239616874     
  -3.5530967475226420        1.7966962444457026     
  -3.4800644407473649        1.6144814473338620     
  -3.4044179463220265        1.4505890122503264     
  -3.3267128072890064        1.3018142361287315     
  -3.2473585818591837        1.1653636733256576     
  -3.1666652149099321        1.0389239216681743     
  -3.0848736667785288       0.92061680057445483     
  -3.0021763107964636       0.80892397843098340     
  -2.9187307193120997       0.70261249584301244     
  -2.8346691543444509       0.60067106930747860     
  -2.7501052379622011       0.50225865465176878     
  -2.6651387476153805       0.40666384291308599     
  -2.5798591495991121       0.31327294131328226     
  -2.4943482750776576       0.22154466733122952     
  -2.4086824110420761       0.13098968960852092     
  -2.3229339946443881        4.1153568742832214E-002
  -2.2371730461689330       -4.8398091206038683E-002
  -2.1514684429882460      -0.13809329357143529     
  -2.0658891180423655      -0.22836702398906461     
  -1.9805052583448026      -0.31967526506473631     
  -1.8953895804830094      -0.41251065204131676     
  -1.8106187715699820      -0.50742096274836956     
  -1.7262752081239736      -0.60503196056334230     
  -1.6424491071099572      -0.70607660943126371     
  -1.5592413322661278      -0.81143341050463458     
  -1.4767671912531604      -0.92217763104110440     
  -1.3951617436140658       -1.0396505330674737     
  -1.3145874459504745       -1.1655532285390433     
  -1.2352454771815355       -1.3020728321597070     
  -1.1573929685461815       -1.4520469612950049     
  -1.0813698787055106       -1.6191618295840715     
  -1.0076418375820040       -1.8081409980016685     
 -0.93686949588839485       -2.0247673556836152     
 -0.87002085830942744       -2.2752697309692298     
 -0.80854750916876372       -2.5638500516870413     
 -0.75463133589481612       -2.8857133917411901     
 -0.71142122549595221       -3.2125379042088311     
 -0.68292851970851676       -3.4740724910916607     
 -0.67293397032050406       -3.5757261691959625     
  -3.8641433823430895        3.2357757218323684     
  -3.8551657514598445        3.1682561832059370     
  -3.8292505630827183        2.9851145992951436     
  -3.7891339604532752        2.7388156716291601     
  -3.7380281368046906        2.4771249581147727     
  -3.6787518056685435        2.2271155531176041     
  -3.6134598817112167        1.9993905640571275     
  -3.5436996106571477        1.7955086833886686     
  -3.4705604190055177        1.6132713697771766     
  -3.3948129126879545        1.4494050115384891     
  -3.3170117198818532        1.3006818549546870     
  -3.2375655766221416        1.1642954361373563     
  -3.1567837436872530        1.0379252718213583     
  -3.0749066303654740       0.91968950919436376     
  -2.9921261712092968       0.80806806867410497     
  -2.9085995891258185       0.70182731605089732     
  -2.8244588656071339       0.59995588485157514     
  -2.7398173942681066       0.50161297064724530     
  -2.6547747626711224       0.40608757877610269     
  -2.5694202749699526       0.31276652597732835     
  -2.4838356191031901       0.22110909422141120     
  -2.3980969502738230       0.13062655347819849     
  -2.3122765785979511        4.0865096627475672E-002
  -2.2264443956794722       -4.8609008541480259E-002
  -2.1406691419752502      -0.13822306723108871     
  -2.0550195979859036      -0.22841133025467789     
  -1.9695657742015320      -0.31962901050882209     
  -1.8843801760656913      -0.41236794933164417     
  -1.7995392315006014      -0.50717513371811329     
  -1.7151249922414635      -0.60467559629445389     
  -1.6312272615221945      -0.70560174005244813     
  -1.5479463688806427      -0.81083187841261228     
  -1.4653969243350016      -0.92144183504404653     
  -1.3837130673850297       -1.0387748460532533     
  -1.3030560311948287       -1.1645366413291949     
  -1.2236253574121692       -1.3009238439331621     
  -1.1456759792229692       -1.4507926149171302     
  -1.0695449128636583       -1.6178644194147580     
 -0.99569390870815555       -1.8069288678384348     
 -0.92477871347518903       -2.0238906535412209     
 -0.85776178100394940       -2.2751957748872798     
 -0.79609030749939891       -2.5654014038042114     
 -0.74194830055702388       -2.8901688645363333     
 -0.69850474833924880       -3.2213502894540240     
 -0.66982237497420516       -3.4875283351118740     
 -0.65975338524445981       -3.5913090577683415     
  -3.8551758234864795        3.2385864803428839     
  -3.8461677745307674        3.1706772737373043     
  -3.8201700843569499        2.9865835448547347     
  -3.7799399749712985        2.7392704884923957     
  -3.7287091162090316        2.4768100007129168     
  -3.6693079485126985        2.2263218641446190     
  -3.6038965115595336        1.9983427947415480     
  -3.5340234498668925        1.7943518958902078     
  -3.4607779468535456        1.6120909136382415     
  -3.3849298106216086        1.4482481925133874     
  -3.3070327888246629        1.2995735432801621     
  -3.2274948266908172        1.1632478580813579     
  -3.1466245279071616        1.0369437904848344     
  -3.0646617734166166       0.91877593740683827     
  -2.9817980779623134       0.80722253627075580     
  -2.8981903309213592       0.70104931020931349     
  -2.8139702467353778       0.59924482362306430     
  -2.7292510021300336       0.50096851600312176     
  -2.6441320048514929       0.40550980659898833     
  -2.5587024058162755       0.31225601968411282     
  -2.4730437577221687       0.22066699987948604     
  -2.3872320912334253       0.13025461778298306     
  -2.3013395960736323        4.0565699559843710E-002
  -2.2154360412857987       -4.8832820258922147E-002
  -2.1295900360442301      -0.13836754358790740     
  -2.0438702135484532      -0.22847197912274539     
  -1.9583464123489884      -0.31960056076970172     
  -1.8730909306525154      -0.41224432505566416     
  -1.7881799402168757      -0.50694945632365207     
  -1.7036951698246703      -0.60434024497038363     
  -1.6197260091394337      -0.70514852420493568     
  -1.5363722512833047      -0.81025241753119126     
  -1.4537478029841679      -0.92072831678197042     
  -1.3719858730205956       -1.0379214712281026     
  -1.2912464529568073       -1.1635423204808593     
  -1.2117274176828894       -1.2997971903439249     
  -1.1336814554074848       -1.4495611842485501     
  -1.0574425657247091       -1.6165918370524839     
 -0.98346850211794723       -1.8057465157739483     
 -0.91240992251133635       -2.0230553517321384     
 -0.84522344590820175       -2.2751893110129067     
 -0.78335148025815959       -2.5670769988782394     
 -0.72897973308617203       -2.8948650637791542     
 -0.68529732265448151       -3.2306099951824092     
 -0.65641983085464706       -3.5016874422975408     
 -0.64627401613394342       -3.6077248278674459     
  -3.8459215669944413        3.2413800459883793     
  -3.8368832118621610        3.1730842240571104     
  -3.8108033216642831        2.9880459311414294     
  -3.7704601012107202        2.7397283631333478     
  -3.7191045714528941        2.4765065224430765     
  -3.6595788011168726        2.2255451505239785     
  -3.5940479076700531        1.9973145064906594     
  -3.5240619287706423        1.7932148115600781     
  -3.4507098217133843        1.6109288911714628     
  -3.3747606222323099        1.4471076651158112     
  -3.2967672238666292        1.2984789268136734     
  -3.2171368051871010        1.1622111860996902     
  -3.1361773337259109        1.0359703893414109     
  -3.0541281798476700       0.91786767261273339     
  -2.9711804534913115       0.80637963964651793     
  -2.8874907232337872       0.70027139686391804     
  -2.8031904473723142       0.59853145244947625     
  -2.7183925952053931       0.50031949598731962     
  -2.6331964029842316       0.40492536381455790     
  -2.5476908758022714       0.31173689022167789     
  -2.4619574377971536       0.22021448562626519     
  -2.3760720011633407       0.12987062590636869     
  -2.2901066407649044        4.0252777210085182E-002
  -2.2041310081134267       -4.9071450127353769E-002
  -2.1182135856147566      -0.13852794309629818     
  -2.0324228631052108      -0.22854945398727117     
  -1.9468285104377481      -0.31958962085865245     
  -1.8615026209337178      -0.41213865631835273     
  -1.7765211113528476      -0.50674192143803731     
  -1.6919653870725466      -0.60402294374566723     
  -1.6079244214833686      -0.70471296873803158     
  -1.5244974654198209      -0.80968991991983608     
  -1.4417977119290912      -0.92003076441734999     
  -1.3599574221554855       -1.0370828064399407     
  -1.2791353196039623       -1.1625613049324870     
  -1.1995275717621616       -1.2986825306237575     
  -1.1213845598009653       -1.4483410345489001     
  -1.0450371718198577       -1.6153314609208627     
 -0.97093901900621105       -1.8045810876077801     
 -0.89973544822972162       -2.0222500088302664     
 -0.83237691252617807       -2.2752437082314358     
 -0.77030058203777840       -2.5688817209303911     
 -0.71569342529391977       -2.8998305523784951     
 -0.67176482972190488       -3.2403867388429015     
 -0.64268512363492702       -3.5166699804555490     
 -0.63245942744038508       -3.6251190717352699     
  -3.8458281299892692        3.2414078001821149     
  -3.8367894733299912        3.1731081398467280     
  -3.8107087652858271        2.9880604697849313     
  -3.7703644193395629        2.7397329372311408     
  -3.7190076487055892        2.4765035497189118     
  -3.6594806375288305        2.2255374882578844     
  -3.5939485536578371        1.9973043492694214     
  -3.5239614486103101        1.7932035712111956     
  -3.4506082775115856        1.6109173961809429     
  -3.3746580685231233        1.4470963739767435     
  -3.2966637068011226        1.2984680806426641     
  -3.2170323633937330        1.1622009038801537     
  -3.1360719995953823        1.0359607239699031     
  -3.0540219807689497       0.91785864292648389     
  -2.9710734128923209       0.80637124845193586     
  -2.8873828614075143       0.70026364094368698     
  -2.8030817821123044       0.59852432808829270     
  -2.7182831422842555       0.50031300199900575     
  -2.6330861765062097       0.40491950318485709     
  -2.5475798884546967       0.31173167103287480     
  -2.4618457010189485       0.22020992161825581     
  -2.3759595252426320       0.12986673687870615     
  -2.2899934348724345        4.0249589374096062E-002
  -2.2040170802735117       -4.9073903774039238E-002
  -2.1180989426107697      -0.13852962236998509     
  -2.0323075103114432      -0.22855031108977136     
  -1.9467124515635954      -0.31958959996933922     
  -1.8613858576587603      -0.41213769330141031     
  -1.7764036428217167      -0.50673994384278720     
  -1.6918472092053640      -0.60401987139750535     
  -1.6078055260393231      -0.70470871550199321     
  -1.5243778387259042      -0.80968439759193955     
  -1.4416773331499679      -0.92002389052656686     
  -1.3598362609300074       -1.0370745191638360     
  -1.2790133328049413       -1.1625515909543649     
  -1.1994046990479281       -1.2986714768599446     
  -1.1212607175332374       -1.4483289241260229     
  -1.0449122448829047       -1.6153189518188902     
 -0.97081285027952302       -1.8045695450999168     
 -0.89960782654906402       -2.0222421159075727     
 -0.83224756359996055       -2.2752445332449178     
 -0.77016917706122412       -2.5689003281192759     
 -0.71555964569665509       -2.8998813673523811     
 -0.67162855946475553       -3.2404867736546437     
 -0.64254680181913049       -3.5168234884242708     
 -0.63232029382043398       -3.6252974267713625     
