   1.4338013244517158        0.0000000000000000     
   1.4366775001856187      -0.10286482012811536     
   1.4452818745975125      -0.20442959667746410     
   1.4595303058879514      -0.30397757755469079     
   1.4792856065468063      -0.40050181574492488     
   1.5043633046249452      -0.49318584078273681     
   1.5345378012152091      -0.58134889161474690     
   1.5695496940785416      -0.66445817393680351     
   1.6091133780608453      -0.74212691127708663     
   1.6529244367957978      -0.81410389582328124     
   1.7006664281441561      -0.88025684448788144     
   1.7520167882920303      -0.94055220668662087     
   1.8066517026710944      -0.99503378189982528     
   1.8642498994389258       -1.0438019736015904     
   1.9244954042325224       -1.0869949087356829     
   1.9870793506208790       -1.1247721004888371     
   2.0517009713982564       -1.1573008921975174     
   2.1180679065632360       -1.1847456112552261     
   2.1858959603952615       -1.2072591750167447     
   2.2549084279796965       -1.2249768018253850     
   2.3248350953398162       -1.2380114620295077     
   2.3954110003055518       -1.2464507316613715     
   2.4663750255817045       -1.2503547654363600     
   2.5374683825036652       -1.2497551730915635     
   2.6084330344081796       -1.2446546554222810     
   2.6790101027371951       -1.2350273290713656     
   2.7489382970510872       -1.2208197403069974     
   2.8179524120494897       -1.2019526366321087     
   2.8857819403932847       -1.1783236299151516     
   2.9521498593863806       -1.1498109439066513     
   3.0167716620070952       -1.1162784878509404     
   3.0793547176284930       -1.0775825293591184     
   3.1395980637493972       -1.0335802427455552     
   3.1971927451276554      -0.98414036829577300     
   3.2518228278541170      -0.92915611601547521     
   3.3031672190475669      -0.86856026608020509     
   3.3509024129486269      -0.80234214386089442     
   3.3947062557379821      -0.73056578030432129     
   3.4342627694405503      -0.65338813047484201     
   3.4692679969588505      -0.57107576935230853     
   3.4994367269565632      -0.48401810234040826     
   3.5245098360717271      -0.39273494925137903     
   3.5442618611320658      -0.29787670182445869     
   3.5585083169266007      -0.20021224621835079     
   3.5671118884484221      -0.10068342285192208     
   3.5699880716796177        0.0000000000000000     
   1.3744441182920952        0.0000000000000000     
   1.3777643353159521      -0.12167119949509604     
   1.3876796886968270      -0.24113495101768939     
   1.4040389937040092      -0.35693860079884615     
   1.4266007284405571      -0.46743911361736457     
   1.4550497624203986      -0.57142780898164469     
   1.4890153887554916      -0.66805928963156902     
   1.5280903406639696      -0.75684387640356054     
   1.5718484104652541      -0.83760370420272312     
   1.6198593747463290      -0.91041125925531130     
   1.6717006054628996      -0.97552274805108219     
   1.7269653136708816       -1.0333154909873878     
   1.7852677530852168       -1.0842346590333047     
   1.8462459072473154       -1.1287513811182086     
   1.9095622372972398       -1.1673319871463823     
   1.9749030283938671       -1.2004168937613957     
   2.0419767870051007       -1.2284071509634360     
   2.1105120409574396       -1.2516566652095242     
   2.1802547986611494       -1.2704683639342664     
   2.2509658426285668       -1.2850929071021207     
   2.3224179680624859       -1.2957288916434855     
   2.3943932290956034       -1.3025237904911509     
   2.4666802208300069       -1.3055751065749794     
   2.5390714019344882       -1.3049314068895612     
   2.6113604477897594       -1.3005930435679234     
   2.6833396162103398       -1.2925124814155107     
   2.7547971055050016       -1.2805942486201840     
   2.8255143876802786       -1.2646946229804108     
   2.8952635082804727       -1.2446212731182165     
   2.9638043597369919       -1.2201332052057552     
   3.0308819588808893       -1.1909415317144529     
   3.0962237937132318       -1.1567117870056407     
   3.1595373521345338       -1.1170687648631674     
   3.2205080082282316       -1.0716051292756084     
   3.2787975204395297       -1.0198953091042815     
   3.3340434876779810      -0.96151634595415436     
   3.3858602048488993      -0.89607728392033958     
   3.4338414398834902      -0.82325817499829035     
   3.4775656889760289      -0.74285859952675681     
   3.5166044121303170      -0.65485359469592996     
   3.5505335582102808      -0.55945206043508755     
   3.5789483183062583      -0.45714947608533574     
   3.6014804951838890      -0.34876418714792018     
   3.6178172164221509      -0.23544112170721443     
   3.6277186819203240      -0.11872116347097954     
   3.6310344710743121        0.0000000000000000     
   1.3212251309614691        0.0000000000000000     
   1.3249849239638669      -0.14040498825185979     
   1.3361913614514971      -0.27742516064114781     
   1.3546075993439146      -0.40867572059925750     
   1.3798632804549269      -0.53181771625035501     
   1.4114895927215443      -0.64533118335364792     
   1.4489554204442758      -0.74838839949433522     
   1.4917017429065940      -0.84077073821689896     
   1.5391699120951456      -0.92272792893299216     
   1.5908222392045310      -0.99482670229815395     
   1.6461550824140334       -1.0578158420347759     
   1.7047056514603274       -1.1125203863841404     
   1.7660541107881207       -1.1597669829160393     
   1.8298224979483937       -1.2003363540797001     
   1.8956717001346424       -1.2349365692472376     
   1.9632974041783371       -1.2641908395988775     
   2.0324256377802925       -1.2886346152243457     
   2.1028082844121867       -1.3087180886810243     
   2.1742187840687772       -1.3248114100819857     
   2.2464481168004244       -1.3372108595237580     
   2.3193010921573514       -1.3461448964780649     
   2.3925929228187965       -1.3517794579160460     
   2.4661460348556772       -1.3542221639745951     
   2.5397870531237565       -1.3535252630165771     
   2.6133438933808586       -1.3496872476886472     
   2.6866428898640260       -1.3426531305704714     
   2.7595058866477729       -1.3323134058618671     
   2.8317472226621607       -1.3185017621273329     
   2.9031705443483857       -1.3009916695688821     
   2.9735653882575117       -1.2794920656243249     
   3.0427034915054820       -1.2536425323927363     
   3.1103348156817576       -1.2230086328899588     
   3.1761833165574838       -1.1870784924048463     
   3.2399425672316435       -1.1452623192329821     
   3.3012714578745830       -1.0968973820361341     
   3.3597903631392567       -1.0412619732904267     
   3.4150783966827372      -0.97760294453312491     
   3.4666726557950027      -0.90518213581172757     
   3.5140706638625625      -0.82334675111864208     
   3.5567374612761706      -0.73162641521539684     
   3.5941188280832175      -0.62985410149338839     
   3.6256617367347905      -0.51829876160291288     
   3.6508421280621652      -0.39778550904037141     
   3.6691984143728442      -0.26976267188826919     
   3.6803664897143498      -0.13641874533120404     
   3.6841133929630616        0.0000000000000000     
   1.2734343628311351        0.0000000000000000     
   1.2776237735754781      -0.15880766247680569     
   1.2900851011101684      -0.31279195860288672     
   1.3104783685583059      -0.45846763969470722     
   1.3382833540100267      -0.59279642119271458     
   1.3728612056263829      -0.71408951697579381     
   1.4135142398537419      -0.82175475839390932     
   1.4595373084209955      -0.91606312035242632     
   1.5102548998845036      -0.99785807777468494     
   1.5650436825457290       -1.0682927348502436     
   1.6233430527651134       -1.1286302768978469     
   1.6846571840604818       -1.1801121977023716     
   1.7485518111119593       -1.2238827745191041     
   1.8146482264714703       -1.2609536636625898     
   1.8826161603915639       -1.2921939869806991     
   1.9521665529129990       -1.3183348849772241     
   2.0230447574401054       -1.3399811320113451     
   2.0950244121913193       -1.3576252572078713     
   2.1679020360423880       -1.3716615866270436     
   2.2414923070488033       -1.3823988745461735     
   2.3156239338631726       -1.3900709311012636     
   2.3901360108469856       -1.3948450575156992     
   2.4648747432178233       -1.3968282976189486     
   2.5396904307971671       -1.3960715904257441     
   2.6144346030663579       -1.3925719173730606     
   2.6889572017209327       -1.3862725124900610     
   2.7631037085214980       -1.3770611654801765     
   2.8367121156832926       -1.3647666120465118     
   2.9096096338334334       -1.3491529883819395     
   2.9816090301439750       -1.3299123480805481     
   3.0525044894575655       -1.3066553313742371     
   3.1220668990958020       -1.2789002882834006     
   3.1900384820733207       -1.2460615652592719     
   3.2561267573391905       -1.2074383799148438     
   3.3199979104016810       -1.1622068752166930     
   3.3812698430567889       -1.1094197166107971     
   3.4395054744980667       -1.0480200552824210     
   3.4942073249888832      -0.97687964669137539     
   3.5448150412830914      -0.89487358878023937     
   3.5907082630240161      -0.80100463237282515     
   3.6312178797588128      -0.69458495826379907     
   3.6656488654961938      -0.57546860918494391     
   3.6933168705122750      -0.44430104622284250     
   3.7135979771549024      -0.30271150510300721     
   3.7259858791058527      -0.15353436664291228     
   3.7301501103002357        0.0000000000000000     
   1.2304151209510226        0.0000000000000000     
   1.2350200718425597      -0.17668799341242428     
   1.2486881624203217      -0.34687273150907455     
   1.2709607417686228      -0.50583770916489557     
   1.3011511071841346      -0.64989480329330229     
   1.3384408757456434      -0.77736819606912977     
   1.3819674004704094      -0.88812045349852575     
   1.4308914005168392      -0.98309031165492278     
   1.4844392499487244       -1.0638152995395711     
   1.5419231498198367       -1.1320584347022677     
   1.6027456238280779       -1.1895651922984947     
   1.6663946492332828       -1.2379307364745382     
   1.7324341985869491       -1.2785436558440255     
   1.8004932612247624       -1.3125756074219384     
   1.8702550633012784       -1.3409948548025377     
   1.9414473039829163       -1.3645898973820341     
   2.0138336908944363       -1.3839954212616301     
   2.0872067727527090       -1.3997166610817919     
   2.1613819335637654       -1.4121505029297772     
   2.2361923635347529       -1.4216028523034643     
   2.3114848153581575       -1.4283023624712596     
   2.3871159668563013       -1.4324108438022458     
   2.4629492292077741       -1.4340307182986383     
   2.5388518575426962       -1.4332098380923892     
   2.6146922344834236       -1.4299439014203255     
   2.6903372058982207       -1.4241765991619009     
   2.7656493512734732       -1.4157975217215815     
   2.8404840686734607       -1.4046377566717585     
   2.9146863465433230       -1.3904630195810297     
   2.9880870824006722       -1.3729640965804084     
   3.0604987935037244       -1.3517443633711919     
   3.1317105505561065       -1.3263042303387040     
   3.2014819597101254       -1.2960226354730842     
   3.2695360342895872       -1.2601363178300227     
   3.3355508602476478       -1.2177187964814244     
   3.3991501095314223       -1.1676631080429429     
   3.4598927572352669       -1.1086758571333695     
   3.5172629002006608       -1.0392953520950281     
   3.5706614541961885      -0.95795327399311969     
   3.6194027732454885      -0.86310554006885931     
   3.6627207557766108      -0.75345854354127206     
   3.6997902385670538      -0.62830235469155205     
   3.7297692807030929      -0.48792126359557292     
   3.7518646373494660      -0.33397482837898179     
   3.7654145439685101      -0.16989764174105124     
   3.7699784293637579        0.0000000000000000     
   1.1915801199888230        0.0000000000000000     
   1.1965834819673793      -0.19390496232971663     
   1.2114017132490653      -0.37941487372119537     
   1.2354444625661540      -0.55049219730193388     
   1.2678467236344875      -0.70289087355198132     
   1.3076073797326131      -0.83514563138587494     
   1.3537062522109951      -0.94776890260755375     
   1.4051853558409306       -1.0424917667977562     
   1.4611918701729063       -1.1215857810748526     
   1.5209919483488337       -1.1873994514888953     
   1.5839666910974337       -1.2421011928291763     
   1.6495993706513705       -1.2875696800090761     
   1.7174597479928786       -1.3253715486103057     
   1.7871886553858083       -1.3567828179041226     
   1.8584842659954943       -1.3828275226839564     
   1.9310904827260462       -1.4043194395546941     
   2.0047873878534772       -1.4219003757126305     
   2.0793834908744735       -1.4360726240824642     
   2.1547094556695203       -1.4472252223249753     
   2.2306129996210990       -1.4556545242172714     
   2.3069546943874135       -1.4615798688894239     
   2.3836044399020282       -1.4651551306263131     
   2.4604384206663048       -1.4664768118561367     
   2.5373363830616000       -1.4655891827234897     
   2.6141790933621292       -1.4624868057190850     
   2.6908458484997975       -1.4571146249067142     
   2.7672119157604458       -1.4493656474531063     
   2.8431457737076773       -1.4390760981121844     
   2.9185060147882957       -1.4260177833050509     
   2.9931377502897281       -1.4098872636760444     
   3.0668683309926164       -1.3902913176614786     
   3.1395021636498450       -1.3667281212679774     
   3.2108143689678763       -1.3385636520279316     
   3.2805430019071262       -1.3050032081971767     
   3.3483795626106421       -1.2650589103959295     
   3.4139576102677034       -1.2175161265651775     
   3.4768395322853345       -1.1609057142608987     
   3.5365020484301009       -1.0934958231796656     
   3.5923220330673580       -1.0133275505582955     
   3.6435659257192299      -0.91833217914835363     
   3.6893884393966481      -0.80657846958534374     
   3.7288490175090723      -0.67669204543175521     
   3.7609559933602923      -0.52844001407347840     
   3.7847456358525320      -0.36335450323039686     
   3.7993922452165640      -0.18539200965813871     
   3.8043353452845121        0.0000000000000000     
   1.1564111907702892        0.0000000000000000     
   1.1617936689219328      -0.21035768573555810     
   1.1776997471781050      -0.41025255428439872     
   1.2033971914156818      -0.59227645027135878     
   1.2378355844753484      -0.75174625414124496     
   1.2798331297166756      -0.88760035860302289     
   1.3282233945961626       -1.0011576006582261     
   1.3819462626896064       -1.0950125502376562     
   1.4400870465595439       -1.1721644379944429     
   1.5018808042401410       -1.2354951651304342     
   1.5666984280845122       -1.2875281703012285     
   1.6340258686636477       -1.3303606403523591     
   1.7034427831312851       -1.3656835422742983     
   1.7746034365381618       -1.3948366442401030     
   1.8472207412981616       -1.4188708885936605     
   1.9210533865731803       -1.4386057905449587     
   1.9958956414465254       -1.4546776163960740     
   2.0715693267417326       -1.4675778709175695     
   2.1479174812630761       -1.4776831280774960     
   2.2247993196204363       -1.4852776532555814     
   2.3020861546691909       -1.4905702071872606     
   2.3796580237377003       -1.4937061922433059     
   2.4574008100764986       -1.4947760338997251     
   2.5352036893427106       -1.4938204361784266     
   2.6129567567785346       -1.4908329233442841     
   2.6905487054995847       -1.4857598785428212     
   2.7678644310059108       -1.4784981042680823     
   2.8447824320992678       -1.4688897488406609     
   2.9211718636586448       -1.4567142576362384     
   2.9968890715114771       -1.4416768116480678     
   3.0717734030454875       -1.4233925117933524     
   3.1456420388005979       -1.4013653775650716     
   3.2182835315645448       -1.3749611152130401     
   3.2894496770010777       -1.3433727174630363     
   3.3588452912852040       -1.3055785832391644     
   3.4261154771123916       -1.2602945713452987     
   3.4908301032889448       -1.2059252648910908     
   3.5524656622215609       -1.1405273772579412     
   3.6103856701346926       -1.0618117752408474     
   3.6638227152018357      -0.96723124485341394     
   3.7118684996848619      -0.85422493857284421     
   3.7534826292731545      -0.72070014223213053     
   3.7875348487619442      -0.56578677890274898     
   3.8128944903112463      -0.39074120779317195     
   3.8285679428263779      -0.19994356241662900     
   3.8338679889214742        0.0000000000000000     
   1.1244534043622454        0.0000000000000000     
   1.1301942864764698      -0.22597846191128701     
   1.1471225878915956      -0.43928965126645986     
   1.1743569472694018      -0.63114145798990795     
   1.2106587368550508      -0.79655001814594628     
   1.2546715804497535      -0.93503136942037313     
   1.3050961917939456       -1.0488235710126055     
   1.3607864883464793       -1.1414101076562633     
   1.4207808355182703       -1.2164805871020437     
   1.4842947654688612       -1.2773860591608726     
   1.5506967352613978       -1.3269393122823516     
   1.6194798241842543       -1.3674011374518209     
   1.6902355012518617       -1.4005458227451226     
   1.7626316151877148       -1.4277484819851309     
   1.8363948257789195       -1.4500684180736523     
   1.9112969271114131       -1.4683194182667898     
   1.9871443124940864       -1.4831255429335879     
   2.0637698681815682       -1.4949639494369980     
   2.1410266984004065       -1.5041971027072063     
   2.2187832085016082       -1.5110966411644415     
   2.2969191808024934       -1.5158607841175675     
   2.3753225624886953       -1.5186267346072342     
   2.4538867478862807       -1.5194791405184953     
   2.5325081817345616       -1.5184553482954575     
   2.6110841390783799       -1.5155479114480586     
   2.6895105535938790       -1.5107045844770688     
   2.7676797711361067       -1.5038258240691718     
   2.8454780996336013       -1.4947596157967193     
   2.9227830097841485       -1.4832932294929564     
   2.9994598120649347       -1.4691412660580156     
   3.0753575923541869       -1.4519290837784820     
   3.1503041286400215       -1.4311703888380949     
   3.2240994333069009       -1.4062374811616196     
   3.2965074711828128       -1.3763224763748856     
   3.3672455040117213       -1.3403880502666001     
   3.4359704399607751       -1.2971074644611358     
   3.5022616004864648       -1.2447970138747873     
   3.5655996231092622       -1.1813517413231636     
   3.6253421167997608       -1.1042106585406144     
   3.6806987093044863       -1.0104045327437559     
   3.7307119634186714      -0.89677702737255949     
   3.7742566558662007      -0.76050189470295682     
   3.8100767707149084      -0.59999030850420909     
   3.8368817420624874      -0.41609487599991934     
   3.8535100167353900      -0.21351282932259183     
   3.8591436979619522        0.0000000000000000     
   1.0953078264432683        0.0000000000000000     
   1.1013856150528325      -0.24072734655520439     
   1.1192691114629443      -0.46648608548186965     
   1.1479234234315692      -0.66711729678660470     
   1.1859226121222437      -0.83747631492062558     
   1.2317446777604191      -0.97780289301046286     
   1.2839716626615876       -1.0913249254294315     
   1.3413863600071827       -1.1824051443317680     
   1.4029925014795506       -1.2553684842440986     
   1.4679947248862053       -1.3139689079877725     
   1.5357642107480680       -1.3612502754615259     
   1.6058036215486731       -1.3995929920069219     
   1.6777168191425602       -1.4308244859090649     
   1.7511846284033159       -1.4563359301402472     
   1.8259461559282693       -1.4771834389721967     
   1.9017846372728435       -1.4941686609209048     
   1.9785167700178272       -1.5079002789241278     
   2.0559846503595023       -1.5188398709651731     
   2.1340496218145182       -1.5273356463790779     
   2.2125875130810861       -1.5336470102361108     
   2.2914848748149352       -1.5379622342869037     
   2.3706359236671171       -1.5404109097017036     
   2.4499399722837740       -1.5410723669503428     
   2.5292991721491100       -1.5399808628512537     
   2.6086164270360044       -1.5371280296900030     
   2.6877933518103840       -1.5324628292193596     
   2.7667281563970620       -1.5258890304364183     
   2.8453133285441452       -1.5172600110600021     
   2.9234329710924372       -1.5063704470086221     
   3.0009596180407123       -1.4929441808304551     
   3.0777503058886673       -1.4766172304712224     
   3.1536416086026482       -1.4569145033584328     
   3.2284432517932853       -1.4332183313454712     
   3.3019298016695728       -1.4047265171161265     
   3.3738297811496061       -1.3703974083202570     
   3.4438114219402833       -1.3288801472195593     
   3.5114641846121928       -1.2784309097753239     
   3.5762753313508369       -1.2168231331670147     
   3.6376015660266230       -1.1412758791011064     
   3.6946377176700582       -1.0484559493206047     
   3.7463886495506062      -0.93466028889223263     
   3.7916580010843548      -0.79634285687760487     
   3.8290773261406934      -0.63115010490832812     
   3.8572055501734086      -0.43942887594713675     
   3.8747163960015674      -0.22608810560491224     
   3.8806600124906843        0.0000000000000000     
   1.0686244633344115        0.0000000000000000     
   1.0750174028276034      -0.25458754145860524     
   1.0937892172557682      -0.49184632082405455     
   1.1237496822915831      -0.70029171823122693     
   1.1632894491457630      -0.87475265936964663     
   1.2107316525888980       -1.0163070744798006     
   1.2645536798173058       -1.1292064775278448     
   1.3234802799443135       -1.2186586962933112     
   1.3864904057828984       -1.2895610319437985     
   1.4527840483323009       -1.3460079592901266     
   1.5217383700993463       -1.3912252378038654     
   1.5928667622203476       -1.4276787871949053     
   1.6657852849739432       -1.4572275097646865     
   1.7401867732069656       -1.4812658628596937     
   1.8158214187883743       -1.5008398480395573     
   1.8924823734971399       -1.5167356792436666     
   1.9699950833410647       -1.5295454976136649     
   2.0482093380275375       -1.5397153086646214     
   2.1269932746462277       -1.5475796485625872     
   2.2062287785938728       -1.5533864865629843     
   2.2858078764909791       -1.5573149467281151     
   2.3656298243090785       -1.5594876884195126     
   2.4455986692449310       -1.5599792176532341     
   2.5256211144340552       -1.5588209736551919     
   2.6056045475187148       -1.5560037062013954     
   2.6854551114217196       -1.5514773935316224     
   2.7650757007073699       -1.5451487168946045     
   2.8443637603920973       -1.5368758788854013     
   2.9232087453462996       -1.5264603028425772     
   3.0014890654219615       -1.5136344532713404     
   3.0790682905247717       -1.4980446454502927     
   3.1557903157802056       -1.4792272414698691     
   3.2314730831013572       -1.4565760502957692     
   3.3059003151743780       -1.4292981010432917     
   3.3788105385231328       -1.3963544127412912     
   3.4498824661674261       -1.3563824299104825     
   3.5187156302489542       -1.3075986316150092     
   3.5848051500374796       -1.2476861109367718     
   3.6475100460391707       -1.1736879322691922     
   3.7060163056066471       -1.0819616017310998     
   3.7593002693214168      -0.96831241136819757     
   3.8061064679577483      -0.82850793258198929     
   3.8449670458706682      -0.65941391901054769     
   3.8743011933882534      -0.46079682321829490     
   3.8926236443164108      -0.23767972991304795     
   3.8988536377456606        0.0000000000000000     
   1.0440959077909844        0.0000000000000000     
   1.0507824154225855      -0.26756129015873642     
   1.0703770469129401      -0.51540949307976514     
   1.1015347187825164      -0.73079291475499120     
   1.1424688718541784      -0.90863658310823103     
   1.1913594733590418       -1.0509395469518947     
   1.2465924973235156       -1.1629809285325561     
   1.3068458476094040       -1.2507641248151451     
   1.3710814036524139       -1.3196945703487843     
   1.4384989052266555       -1.3741514983412717     
   1.5084834179716984       -1.4175023744051281     
   1.5805593775424449       -1.4522727678545406     
   1.6543544259505727       -1.4803377952461771     
   1.7295723105665293       -1.5030869575326202     
   1.8059730075948315       -1.5215522272849114     
   1.8833582385310770       -1.5365029808673001     
   1.9615608882343638       -1.5485147837689464     
   2.0404372045598049       -1.5580187100970060     
   2.1198609682982212       -1.5653365299875079     
   2.1997190541043943       -1.5707057161103462     
   2.2799079689769739       -1.5742970862262256     
   2.3603310702276481       -1.5762270420390905     
   2.4408962433836825       -1.5765657371503217     
   2.5215138723676449       -1.5753420474850570     
   2.6020949666891879       -1.5725458723203898     
   2.6825493277961021       -1.5681280191606337     
   2.7627836416589289       -1.5619976858870759     
   2.8426993779061678       -1.5540173184353763     
   2.9221903566332346       -1.5439943626432138     
   3.0011398100189153       -1.5316691142563914     
   3.0794167129188410       -1.5166974670557836     
   3.1568710783724554       -1.4986268291336207     
   3.2333278019079557       -1.4768627907580731     
   3.3085784824978943       -1.4506232880261500     
   3.3823704392805709       -1.4188761286032103     
   3.4543918837528529       -1.3802552375130248     
   3.5242519342280265       -1.3329519636992875     
   3.5914540028746074       -1.2745829674596190     
   3.6553613918444277       -1.2020514288033137     
   3.7151554937344762       -1.1114544784383122     
   3.7697913398049807      -0.99816158047788706     
   3.8179646468028157      -0.85729928099025610     
   3.8581203582296930      -0.68496014387604265     
   3.8885493234902784      -0.48028153327461059     
   3.9076148445556016      -0.24831507872119632     
   3.9141082163062149        0.0000000000000000     
   1.0214517854261609        0.0000000000000000     
   1.0284107947332315      -0.27966617081426420     
   1.0487650514020797      -0.53724093227382563     
   1.0810169854940794      -0.75877580187679050     
   1.1232106723467292      -0.93939881091343724     
   1.1733948875397231       -1.0820841097205476     
   1.2298763161522499       -1.1931198429837486     
   1.2912954059464417       -1.2792471944559185     
   1.3566028771105274       -1.3463182904660438     
   1.4250012184655427       -1.3989489535050224     
   1.4958844034801744       -1.4406161740069239     
   1.5687877227970399       -1.4738858498376017     
   1.6433495784102237       -1.5006387483240968     
   1.7192835259794370       -1.5222542799094858     
   1.7963581390656860       -1.5397484026226376     
   1.8743825439034474       -1.5538733823900601     
   1.9531959696890195       -1.5651887897894248     
   2.0326601151211277       -1.5741117062427279     
   2.1126534843223288       -1.5809521558718431     
   2.1930670989011487       -1.5859380670208130     
   2.2738011691789004       -1.5892327591130668     
   2.3547624276765711       -1.5909470032907402     
   2.4358619083918005       -1.5911470314202758     
   2.5170130079380173       -1.5898593853462137     
   2.5981296971039471       -1.5870731414570582     
   2.6791247687056252       -1.5827397649600881     
   2.7599080123866409       -1.5767706048883088     
   2.8403842001016013       -1.5690318018522944     
   2.9204507465622926       -1.5593361144925710     
   2.9999948743672951       -1.5474308433120798     
   3.0788900592646202       -1.5329806021663785     
   3.1569914498869744       -1.5155431111580080     
   3.2341298382214045       -1.4945354110250539     
   3.3101035889193655       -1.4691868992407637     
   3.3846677032037165       -1.4384744204761992     
   3.4575188891202058       -1.4010336297535748     
   3.5282751557527434       -1.3550409974287534     
   3.5964481525382128       -1.2980648012304057     
   3.6614065622677199       -1.2268974461413282     
   3.7223301399518478       -1.1374180868620387     
   3.7781581910328979       -1.0246136096902183     
   3.8275462674812433      -0.88302098184250044     
   3.8688632399938743      -0.70798427315682566     
   3.9002830657951835      -0.49798585412219598     
   3.9200263796300927      -0.25803419967863095     
   3.9267610079937154        0.0000000000000000     
   1.0004539551717051        0.0000000000000000     
   1.0076651807653185      -0.29093176363295803     
   1.0287188603014890      -0.55742495967121175     
   1.0619688248394339      -0.78441128272438132     
   1.1052987029302712      -0.96731146276909075     
   1.1566378543217413       -1.1101037025108078     
   1.2142245290702354       -1.2200505811831441     
   1.2766694706648365       -1.3045702105059547     
   1.3429167087984910       -1.3699049665900032     
   1.4121734544700990       -1.4208665537455472     
   1.4838429816998968       -1.4610160742967953     
   1.5574709554154265       -1.4929454886385571     
   1.6327056409763296       -1.5185340375866019     
   1.7092693556122478       -1.5391480101042616     
   1.7869382146773578       -1.5557865858073292     
   1.8655277520515186       -1.5691853032184186     
   1.9448826286649961       -1.5798886296845065     
   2.0248691701303336       -1.5883007038579098     
   2.1053698620138532       -1.5947208271836217     
   2.1862792015747079       -1.5993682880788387     
   2.2675004885581789       -1.6023996507782623     
   2.3489432607851897       -1.6039206213382367     
   2.4305211617616904       -1.6039938936450888     
   2.5121500802471655       -1.6026438784593484     
   2.5937464340648866       -1.5998588537338279     
   2.6752254875463954       -1.5955907902713964     
   2.7564995966219414       -1.5897528615199792     
   2.8374762685349499       -1.5822144051775571     
   2.9180559035799356       -1.5727928339511357     
   2.9981290514115764       -1.5612416565566067     
   3.0775729594074952       -1.5472333229911834     
   3.1562471075053100       -1.5303349950060541     
   3.2339873014647176       -1.5099744982524725     
   3.3105977190502416       -1.4853925786666602     
   3.3858400524091090       -1.4555761686179813     
   3.4594185489035589       -1.4191659023480929     
   3.5309593285021466       -1.3743304919701587     
   3.5999819331571730       -1.3186033355344977     
   3.6658609418124728       -1.2486892434067263     
   3.7277764763707490       -1.1602853936115833     
   3.7846563865477076       -1.0480449929790434     
   3.8351232322237014      -0.90596878234145228     
   3.8774797530304608      -0.72868872435141474     
   3.9097941229068036      -0.51402519461562457     
   3.9301537662108861      -0.26688605998020581     
   3.9371086350921454        0.0000000000000000     
  0.98089237294405140        0.0000000000000000     
  0.98833650614272051      -0.30139670034526728     
   1.0100328625149528      -0.57605887091241437     
   1.0441917064223505      -0.80787802073641113     
   1.0885457352018071      -0.99264006349272704     
   1.1409161452114345       -1.1353356371974401     
   1.1994823103214327       -1.2441567094366659     
   1.2628315977694173       -1.3271379208057561     
   1.3299046760409656       -1.3908614211623123     
   1.3999147098106575       -1.4403008984463181     
   1.4722742696378228       -1.4790816852756763     
   1.5465387616689852       -1.5098113741749977     
   1.6223654186844205       -1.5343629158259957     
   1.6994843600359655       -1.5540878543362648     
   1.7776783180720599       -1.5699685843069295     
   1.8567683855813135       -1.5827246613978712     
   1.9366038940607186       -1.5928864743421398     
   2.0170551191921584       -1.6008462779996617     
   2.0980079256275195       -1.6068936231363411     
   2.1793597461767260       -1.6112399885065740     
   2.2610164795700958       -1.6140358511475266     
   2.3428900160408581       -1.6153823535723806     
   2.4248961818947121       -1.6153389893935968     
   2.5069529468153404       -1.6139282163984701     
   2.5889787697085977       -1.6111375360337401     
   2.6708909757335810       -1.6069192920728019     
   2.7526040616150143       -1.6011881952055109     
   2.8340278192186630       -1.5938163381764574     
   2.9150651477586211       -1.5846251931238975     
   2.9956093900425840       -1.5733737399777190     
   3.0755409726530893       -1.5597414136482599     
   3.1547230456076876       -1.5433039156920263     
   3.2329956913902893       -1.5234990342092054     
   3.3101680886696574       -1.4995783702824570     
   3.3860077497446079       -1.4705392390679379     
   3.4602255791710066       -1.4350291496728800     
   3.5324550170289251       -1.3912139273074033     
   3.6022229956510903       -1.3366021245416646     
   3.6689101221435512       -1.2678292773514936     
   3.7316981977003483       -1.1804407482907771     
   3.7895068497345084       -1.0687998598989374     
   3.8409315404600259      -0.92642359552276921     
   3.8842176338376961      -0.74727540843654094     
   3.9173380341590156      -0.52852157381479381     
   3.9382566921820565      -0.27492539280661460     
   3.9454120442520133        0.0000000000000000     
  0.96258152302214428        0.0000000000000000     
  0.97024036800367641      -0.31110610489704449     
  0.99252640143192417      -0.59324801257945281     
   1.0275121601359642      -0.82935629009488199     
   1.0727891408166854       -1.0156383869061869     
   1.1260809046580462       -1.1580896384839665     
   1.1855162674200403       -1.2657803211688696     
   1.2496643432451864       -1.3473039202119428     
   1.3174648859581206       -1.4095380405029962     
   1.3881377195133384       -1.4575904016987287     
   1.4611044598031941       -1.4951351112161777     
   1.5359295569197831       -1.5247878390823377     
   1.6122783575207422       -1.5484121865675611     
   1.6898879212955695       -1.5673442585955861     
   1.7685467944376805       -1.5825501122286290     
   1.8480809078876257       -1.5947342440893855     
   1.9283436276805279       -1.6044140184647240     
   2.0092086208599680       -1.6119708201534793     
   2.0905646386180958       -1.6176853448321409     
   2.1723116109258740       -1.6217620090804457     
   2.2543576396861114       -1.6243457952529947     
   2.3366166036022138       -1.6255337229962588     
   2.4190061699026049       -1.6253823807393515     
   2.5014460603132407       -1.6239124287296669     
   2.5838564503488999       -1.6211106116029594     
   2.6661563975440443       -1.6169295313984493     
   2.7482621985160263       -1.6112851858554096     
   2.8300855675840069       -1.6040520344825149     
   2.9115315100753336       -1.5950550803252395     
   2.9924957284946125       -1.5840581079694107     
   3.0728613440168879       -1.5707467464164806     
   3.1524946305844508       -1.5547043604609248     
   3.2312393309477243       -1.5353778256256925     
   3.3089089339613018       -1.5120289033548318     
   3.3852760141522258       -1.4836651213162162     
   3.4600573377736605       -1.4489418524052275     
   3.5328929046638100       -1.4060253031306960     
   3.6033164622419562       -1.3524065972050352     
   3.6707145335615130       -1.2846664114319217     
   3.7342714161010688       -1.1982233508862328     
   3.7929009423392697       -1.0871894255807386     
   3.8451762912319514      -0.94464771303282857     
   3.8892930831224901      -0.76394049943521447     
   3.9231387219691785      -0.54159900850112053     
   3.9445633856349778      -0.28221011356894565     
   3.9519008127572484        0.0000000000000000     
  0.94535733072995021        0.0000000000000000     
  0.95321389072193330      -0.32010942435311007     
  0.97604049516664870      -0.60910184625271846     
   1.0117783027641361      -0.84902351708814194     
   1.0578872610962069       -1.0365453722050562     
   1.1120029914564729       -1.1786476836556519     
   1.1722109271881376       -1.2852253011310095     
   1.2370660524990567       -1.3653768993926030     
   1.3055089786881759       -1.4262371203213826     
   1.3767665287673638       -1.4730248140609343     
   1.4502689679404090       -1.5094509005372092     
   1.5255890833927075       -1.5381337103687236     
   1.6023995456437374       -1.5609256284610653     
   1.6804435905102462       -1.5791472274847438     
   1.7595148840855690       -1.5937489309816124     
   1.8394435836890490       -1.6054211676916947     
   1.9200865570202108       -1.6146693023851775     
   2.0013203990011541       -1.6218647911710165     
   2.0830363418920292       -1.6272802846780137     
   2.1651364540894646       -1.6311138021873510     
   2.2475307182693185       -1.6335053526367245     
   2.3301347061899054       -1.6345482177466768     
   2.4128676491683474       -1.6342963374948090     
   2.4956507550454479       -1.6327687097088512     
   2.5784056537112066       -1.6299513397625522     
   2.6610528695055669       -1.6257969890500332     
   2.7435102229099155       -1.6202227253111781     
   2.8256910567331874       -1.6131050357981132     
   2.9075021624590605       -1.6042719888781896     
   2.9888412475436539       -1.5934915789936539     
   3.0695937286913839       -1.5804549098196012     
   3.1496285504552812       -1.5647521871673817     
   3.2287925989361019       -1.5458385064994706     
   3.3069030861448838       -1.5229850041168587     
   3.3837369926849297       -1.4952089747122645     
   3.4590162387812242       -1.4611740447034214     
   3.5323866755850966       -1.4190489346393462     
   3.6033882698093613       -1.3663127944388571     
   3.6714131997109414       -1.2995027590514052     
   3.7356487265526961       -1.2139313899253554     
   3.7950046954652774       -1.1034929722808045     
   3.8480359192336069      -0.96088293860092544     
   3.8928948795729603      -0.77887093014901954     
   3.9273924336039885      -0.55338004982881106     
   3.9492744192062306      -0.28879926266648132     
   3.9567769022619048        0.0000000000000000     
  0.92907448256756686        0.0000000000000000     
  0.93711300510465567      -0.32845863575485368     
  0.96043500396080339      -0.62373088366276608     
  0.99685686782373839      -0.86705117263332476     
   1.0437163501266844       -1.0555835260699642     
   1.0985699521458638       -1.1972649495448657     
   1.1594658767191059       -1.3027609509624563     
   1.2249482830145220       -1.3816264240721476     
   1.2939599027790003       -1.4412200420138026     
   1.3657346491776667       -1.4868530973934000     
   1.4397109649743847       -1.5222640918388792     
   1.5154692907123204       -1.5500701779652768     
   1.5926889030803166       -1.5721114822929554     
   1.6711185419584829       -1.5896933294749696     
   1.7505563954709653       -1.6037513421492433     
   1.8308363277454907       -1.6149628716310964     
   1.9118182603498541       -1.6238222468525452     
   1.9933813297311436       -1.6306918526971959     
   2.0754189133278427       -1.6358370184597097     
   2.1578349222292537       -1.6394499527363913     
   2.2405409550961219       -1.6416661471037850     
   2.3234540347894788       -1.6425754802534873     
   2.4064947304202104       -1.6422294663319028     
   2.4895855188156397       -1.6406455578014756     
   2.5726492702148240       -1.6378090361671913     
   2.6556077589384603       -1.6336727368279673     
   2.7383801037147477       -1.6281546094951638     
   2.8208810350976377       -1.6211328740563373     
   2.9030188679488811       -1.6124382561224833     
   2.9846930222009331       -1.6018424335386332     
   3.0657908794106485       -1.5890413386882074     
   3.1461836766608395       -1.5736312636311944     
   3.2257210086419636       -1.5550746971088627     
   3.3042233113260906       -1.5326513418431968     
   3.3814714050174959       -1.5053876627666389     
   3.4571917397005039       -1.4719555412652396     
   3.5310353708217708       -1.4305275459475244     
   3.6025479000105451       -1.3785748449896156     
   3.6711268163395574       -1.3125999105107318     
   3.7359625697484153       -1.2278263383423134     
   3.7959623531384996       -1.1179597146648361     
   3.8496657933063232      -0.97535004559382110     
   3.8951879211732998      -0.79224221333535361     
   3.9302711672692783      -0.56398328197154668     
   3.9525660332982637      -0.29475141896866119     
   3.9602179424338373        0.0000000000000000     
  0.91360409208286109        0.0000000000000000     
  0.92181008161420486      -0.33620680315399276     
  0.94558617833663106      -0.63724437229900277     
  0.98263066100266638      -0.88360272501481452     
   1.0301679938152810       -1.0729583673829499     
   1.0856835054295408       -1.2141714007140709     
   1.1471934198463469       -1.3186256383347421     
   1.2132337135932283       -1.3962881220287544     
   1.2827501216641122       -1.4547133784417947     
   1.3549835745813374       -1.4992899274598790     
   1.4293801910530408       -1.5337767440188932     
   1.5055274228683684       -1.5607871220393013     
   1.5831105091196014       -1.5821484500333587     
   1.6618831059996244       -1.5991513136628346     
   1.7416474093507739       -1.6127174134359958     
   1.8222405483378754       -1.6235119729426659     
   1.9035251209346045       -1.6320191716957000     
   1.9853824815830272       -1.6385930939800661     
   2.0677078730544665       -1.6434923887572352     
   2.1504068037061845       -1.6469039684120155     
   2.2333922690952877       -1.6489592044330068     
   2.3165825434330238       -1.6497448628940095     
   2.3998993470830983       -1.6493102245585125     
   2.4832662470374243       -1.6476712975091297     
   2.5666071776735726       -1.6448126525586846     
   2.6498449847304957       -1.6406871252407531     
   2.7328998992158144       -1.6352133842613579     
   2.8156878406851007       -1.6282711255298650     
   2.8981184299490654       -1.6196933752343312     
   2.9800925566562406       -1.6092550309610933     
   3.0614992916105055       -1.5966562786134602     
   3.1422118476154313       -1.5814988132073733     
   3.2220821611104884       -1.5632517479655692     
   3.3009334669726735       -1.5412025611733067     
   3.3785499370049208       -1.5143862200959803     
   3.4546620034534659       -1.4814826184343872     
   3.5289253429210525       -1.4406689495724403     
   3.6008906374090901       -1.3894113044897900     
   3.6699603021194704       -1.3241844614834946     
   3.7353280354582683       -1.2401371185209957     
   3.7958993555384342       -1.1308111213215513     
   3.8502012829755623      -0.98824911823253014     
   3.8963162799077682      -0.80421725743238870     
   3.9319256556937754      -0.57352160594445012     
   3.9545930458288994      -0.30012352149141874     
   3.9623801108113788        0.0000000000000000     
  0.89883166028100092        0.0000000000000000     
  0.90719186550871678      -0.34340695094540291     
  0.93138453186412196      -0.64974861337799883     
  0.96899637525567817      -0.89883240941519804     
   1.0171469236230235       -1.0888585848121799     
   1.0732574403240571       -1.2295737107938589     
   1.1353166412622167       -1.3330302840239510     
   1.2018544306818224       -1.4095682574536954     
   1.2718201489607779       -1.4669140618793020     
   1.3444615680617440       -1.5105210694663473     
   1.4192319809784155       -1.5441632618119696     
   1.4957252597030781       -1.5704482371948119     
   1.5736320334700173       -1.5911905416107246     
   1.6527103627446538       -1.6076666521444363     
   1.7327660089828956       -1.6207852198935573     
   1.8136389902477488       -1.6312002269603754     
   1.8951942618046793       -1.6393865062213500     
   1.9773151240380846       -1.6456905270565054     
   2.0598984506978715       -1.6503648219200948     
   2.1428511425229066       -1.6535914559685119     
   2.2260874094962051       -1.6554980253630509     
   2.3095266110979278       -1.6561684345451657     
   2.3930914640295131       -1.6556498966926128     
   2.4767064770453717       -1.6539570621752655     
   2.5602965024618447       -1.6510738019930882     
   2.6437853092538650       -1.6469528875189445     
   2.7270940862748643       -1.6415135649597949     
   2.8101397768374112       -1.6346367830567305     
   2.8928331265897831       -1.6261575571926556     
   2.9750762921713503       -1.6158535976035784     
   3.0567598026982847       -1.6034288343198912     
   3.1377585800555856       -1.5884897523959405     
   3.2179265918979305       -1.5705113859532056     
   3.2970895094627299       -1.5487882386687484     
   3.3750344354020800       -1.5223630922751743     
   3.4514953057205249       -1.4899234642240669     
   3.5261318973404476       -1.4496515647836488     
   3.5984994576571006       -1.3990105060397937     
   3.6680049314303447       -1.3344528490256513     
   3.7338452159168587       -1.2510639859727526     
   3.7949248627014485       -1.1422434166189166     
   3.8497603794312205      -0.99976045655199086     
   3.8964058413535727      -0.81494591022835117     
   3.9324879679912064      -0.58210114872583274     
   3.9554914040009908      -0.30497003466453554     
   3.9634006629319614        0.0000000000000000     
  0.88465528803445048        0.0000000000000000     
  0.89315767039139982      -0.35011121514256588     
  0.91773299116955709      -0.66134580171585333     
  0.95586270991236699      -0.91288461509147667     
   1.0045691577745650       -1.1034566656977873     
   1.0612158501947999       -1.2436573176455064     
   1.1237677948907572       -1.3461615941718432     
   1.1907505096395825       -1.4216477237467806     
   1.2611173377830269       -1.4779937502672715     
   1.3341226568229076       -1.5207078343407883     
   1.4092264511664001       -1.5535747631039669     
   1.4860284767900016       -1.5791952119453687     
   1.5642242477967556       -1.5993710217858663     
   1.6435757841015490       -1.6153652432190717     
   1.7238920328786800       -1.6280743122240671     
   1.8050155803953696       -1.6381417805665148     
   1.8868134687031650       -1.6460338528197216     
   1.9691707145157287       -1.6520899885985827     
   2.0519856254124176       -1.6565570968436856     
   2.1351663225758499       -1.6596127854602079     
   2.2186280775636109       -1.6613811732901413     
   2.3022911961802861       -1.6619435192427674     
   2.3860792619729958       -1.6613451111169146     
   2.4699176014716517       -1.6595993154231652     
   2.5537318628037160       -1.6566893118474384     
   2.6374466143747424       -1.6525677512269681     
   2.7209838737863636       -1.6471543340543924     
   2.8042614698412205       -1.6403310675699463     
   2.8871911212618970       -1.6319346846054519     
   2.9696760814558938       -1.6217453511715441     
   3.0516081434041706       -1.6094702919010750     
   3.1328637127376675       -1.5947202356201076     
   3.2132985246316634       -1.5769755004342862     
   3.2927403768718198       -1.5555369181215193     
   3.3709789404378214       -1.5294544089899469     
   3.4477512378230579       -1.4974226461827902     
   3.5227206840025387       -1.4576289874459922     
   3.5954466205822078       -1.4075350681628047     
   3.6653401315673912       -1.3435755436434005     
   3.7316011937185354       -1.2607820641329619     
   3.7931338988645287       -1.1524300900951965     
   3.8484459417544716       -1.0100458169406679     
   3.8955665889759090      -0.82456501974641161     
   3.9320737808310176      -0.58982065789406013     
   3.9553804243039541      -0.30934239514472450     
   3.9634001575321030        0.0000000000000000     
  0.87098410495857703        0.0000000000000000     
  0.87961779366097248      -0.35637023319369915     
  0.90454528314130778      -0.67213328812105566     
  0.94314874695979789      -0.92589373036544298     
  0.99236041459218438       -1.1169098219330527     
   1.0494916404776484       -1.2565884871201123     
   1.1124869518558473       -1.3581850005364009     
   1.1798688288946120       -1.4326855088110333     
   1.2505948687360795       -1.4881025176599527     
   1.3239257888334159       -1.5299907871779195     
   1.3993278122867023       -1.5621426815876494     
   1.4764060979308575       -1.5871511617980061     
   1.5548606010038395       -1.6068056485457423     
   1.6344569153231048       -1.6223564532471955     
   1.7150068474329891       -1.6346885732938372     
   1.7963552780636491       -1.6444358613670982     
   1.8783711062281190       -1.6520565300674186     
   1.9609408705603275       -1.6578835593371755     
   2.0439641459706519       -1.6621586631175043     
   2.1273501291463903       -1.6650553291374299     
   2.2110150245381290       -1.6666944553244456     
   2.2948799674048601       -1.6671548402337149     
   2.3788692992812326       -1.6664799675501751     
   2.4629090602735362       -1.6646819822547472     
   2.5469255916909321       -1.6617433787588536     
   2.6308441573135486       -1.6576166374579908     
   2.7145874949413025       -1.6522218054242308     
   2.7980742025208238       -1.6454417788880078     
   2.8812168440005190       -1.6371147708194487     
   2.9639196259216654       -1.6270230904274858     
   3.0460754406838828       -1.6148768611948330     
   3.1275619865175917       -1.6002905709520598     
   3.2082365415346445       -1.5827492496986795     
   3.2879287648049971       -1.5615594181941332     
   3.3664305830286003       -1.5357774905997250     
   3.4434817418122012       -1.5041047925977415     
   3.5187488857306257       -1.4647337861832068     
   3.5917950240270722       -1.4151256925981341     
   3.6620350070304708       -1.3517006633481192     
   3.7286717299181711       -1.2694445115535771     
   3.7906091815172829       -1.1615243095413113     
   3.8463476265947905       -1.0192498284924594     
   3.8938945833998049      -0.83319884961783541     
   3.9307843621777394      -0.59677126356655330     
   3.9543647597901317      -0.31328868307514851     
   3.9624844145455191        0.0000000000000000     
  0.85773688483724797        0.0000000000000000     
  0.86649212302546086      -0.36223273417780416     
  0.89174452537096771      -0.68220317766111349     
  0.93078254508909208      -0.93798431953043504     
  0.98045475240008284       -1.1293610891551302     
   1.0380252603114748       -1.2685163100141312     
   1.1014208576610840       -1.3692473039023676     
   1.1691620696986471       -1.4428216945265773     
   1.2402108951453081       -1.4973719792896436     
   1.3138341171467667       -1.5384928473258361     
   1.3895037812761677       -1.5699817567636112     
   1.4668300214102070       -1.5944234688033294     
   1.5455168460303534       -1.6135953495136690     
   1.6253330893906557       -1.6287356331551550     
   1.7060931371740886       -1.6407185865747145     
   1.7876439307181602       -1.6501690141430707     
   1.8698560303846612       -1.6575376949022038     
   1.9526173316987308       -1.6631515900259253     
   2.0358285358314538       -1.6672475885956661     
   2.1193997923299688       -1.6699953478177352     
   2.2032481297420268       -1.6715127640588376     
   2.2872954140225810       -1.6718763332175979     
   2.3714666527313604       -1.6711278374637342     
   2.4556885115339355       -1.6692782521525689     
   2.5398879382272699       -1.6663093899141865     
   2.6239908040521045       -1.6621735160311049     
   2.7079204752646109       -1.6567909295513747     
   2.7915962205679987       -1.6500452674597346     
   2.8749313409261616       -1.6417760154310677     
   2.9578308742846162       -1.6317673521231002     
   3.0401886728392835       -1.6197319519313538     
   3.1218835647226593       -1.6052876328724213     
   3.2027741791848583       -1.5879236258802107     
   3.2826918090293100       -1.5669515607204418     
   3.3614303669026460       -1.5414337426589950     
   3.4387320053348005       -1.5100776409813446     
   3.5142662387618695       -1.4710806668929295     
   3.5875993608657346       -1.4219043670115181     
   3.6581496391569694       -1.3589570800842599     
   3.7251227039255519       -1.2771853302996143     
   3.7874226866837275       -1.1696611797243288     
   3.8435435493369727       -1.0275014757801539     
   3.8914736791052968      -0.84095972514594952     
   3.9287083045695357      -0.60303651008252579     
   3.9525361280220874      -0.31685346782548296     
   3.9607462381199583        0.0000000000000000     
  0.84484082219307455        0.0000000000000000     
  0.85370890783490494      -0.36774529423352764     
  0.87926199090570245      -0.69164219035151608     
  0.91869991830248454      -0.94927153420994836     
  0.96879339846191459       -1.1409405131702188     
   1.0267636181062174       -1.2795745900060018     
   1.0905219590510569       -1.3794790336884479     
   1.1585878650672508       -1.4521800516244903     
   1.2299278140435448       -1.5059179457828968     
   1.3038143862378904       -1.5463218929155220     
   1.3797250730041326       -1.5771925308091541     
   1.4572746058399928       -1.6011061460789349     
   1.5361707088658123       -1.6198284492578887     
   1.6161851689930746       -1.6345862145499703     
   1.6971347105944918       -1.6462436126496491     
   1.7788681357642759       -1.6554169717728617     
   1.8612574995149818       -1.6625501227804620     
   1.9441919138997412       -1.6679644055989522     
   2.0275730865171466       -1.6718922017964977     
   2.1113120156728264       -1.6744995851769264     
   2.1953264617028916       -1.6759016368293178     
   2.2795389374787773       -1.6761726831674215     
   2.3638750385708307       -1.6753528907181783     
   2.4482619815294275       -1.6734521076168021     
   2.5326272470765452       -1.6704514655887193     
   2.6168972393003482       -1.6663029742829756     
   2.7009958750284770       -1.6609271011621134     
   2.7848430101572621       -1.6542080939345327     
   2.8683525906971843       -1.6459865293787013     
   2.9514303824337969       -1.6360482157676821     
   3.0339710783983369       -1.6241080727765369     
   3.1158544977207767       -1.6097868701325126     
   3.1969404565840076       -1.5925775852192607     
   3.2770616859800397       -1.5717964344684465     
   3.3560138514980493       -1.5465110587498070     
   3.4335412375821650       -1.5154345750092921     
   3.5093159124528484       -1.4767691205845239     
   3.5829071120085052       -1.4279770706535897     
   3.6537361987979557       -1.3654570857830679     
   3.7210113461198620       -1.2841218388333959     
   3.7836369921524518       -1.1769598184550669     
   3.8401017165844924       -1.0349155752857306     
   3.8883770145250161      -0.84794881814916645     
   3.9259230397287954      -0.60869257903312990     
   3.9499748285347116      -0.32007778532140213     
   3.9582669324823914        0.0000000000000000     
  0.83223044823093140        0.0000000000000000     
  0.84120367272326202      -0.37295222612162443     
  0.86703602256152301      -0.70053172351871684     
  0.90684337103578350      -0.95986168512326475     
  0.95732373592791686       -1.1517663653397296     
   1.0156591487710198       -1.2898836021275812     
   1.0797475692789342       -1.3889965459373603     
   1.1481080695408621       -1.4608702868276260     
   1.2197116386550091       -1.5138426859094869     
   1.2938364006863259       -1.5535729607431397     
   1.3699649564749721       -1.5838634467171360     
   1.4477163046619368       -1.6072818200496137     
   1.5268015924833969       -1.6255825354935811     
   1.6069953118047640       -1.6399814672409934     
   1.6881163196401592       -1.6513332489284713     
   1.7700151080962199       -1.6602462293829126     
   1.8525650846996204       -1.6671577087515801     
   1.9356564584974587       -1.6723837452639332     
   2.0191918415336398       -1.6761524825700929     
   2.1030829923007435       -1.6786266199740012     
   2.1872483243820322       -1.6799185799097014     
   2.2716109262660127       -1.6801006304979973     
   2.3560969151206197       -1.6792113934171975     
   2.4406339947914497       -1.6772596232642505     
   2.5251501162645829       -1.6742257690497526     
   2.6095721529033495       -1.6700615475041434     
   2.6938245057291321       -1.6646875201826863     
   2.7778275465892315       -1.6579884310442994     
   2.8614957880923351       -1.6498057886653230     
   2.9447356354562140       -1.6399268206746975     
   3.0274425208787430       -1.6280684236464229     
   3.1094971355776617       -1.6138539854900436     
   3.1907603417766834       -1.5967798271309463     
   3.2710661403473722       -1.5761662838946204     
   3.3502117484117049       -1.5510858256849127     
   3.4279433431977306       -1.5202567458442944     
   3.5039352695054324       -1.4818856473597777     
   3.5777594012109102       -1.4334360651672191     
   3.6488399018897892       -1.3712986797260935     
   3.7163872959860691       -1.2903568394018754     
   3.7793064326738914       -1.1835252406315306     
   3.8360812631228085       -1.0415941989917954     
   3.8846683061428489      -0.85425700358117695     
   3.9224961619691086      -0.61380864190106454     
   3.9467510749004853      -0.32299921157498312     
   3.9551176348903789        0.0000000000000000     
  0.81984666732673772        0.0000000000000000     
  0.82891825410023345      -0.37789557616767960     
  0.85501107550770006      -0.70894806683128231     
  0.89516116602037077      -0.96985291919262673     
  0.94599842303584103       -1.1619463487851207     
   1.0046690063658348       -1.2995517154076344     
   1.0690591467957036       -1.3979038859358424     
   1.1376881273887300       -1.4689899934180912     
   1.2095314533762016       -1.5212368642292347     
   1.2838725608369377       -1.5603301149973614     
   1.3601988637157643       -1.5900726226551876     
   1.4381333406403090       -1.6130234032290260     
   1.5173903097666359       -1.6309260331584525     
   1.5977467554035598       -1.6449859824363964     
   1.6790234909949200       -1.6560488319757640     
   1.7610725529349482       -1.6647153764670022     
   1.8437685800978618       -1.6714167398573283     
   1.9270027766808293       -1.6764639852543752     
   2.0106785722884801       -1.6800812446966920     
   2.0947084101194693       -1.6824280173889152     
   2.1790112900372827       -1.6836141970318375     
   2.2635108153178387       -1.6837100848176165     
   2.3481335680305051       -1.6827528146811070     
   2.4328076849999207       -1.6807500732957310     
   2.5174615339289872       -1.6776816223839111     
   2.6020224031111994       -1.6734988508949444     
   2.6864151210025295       -1.6681223478652332     
   2.7705605144653900       -1.6614372522926975     
   2.8543735955817868       -1.6532858644652286     
   2.9377613333113075       -1.6434566468219609     
   3.0206198118974212       -1.6316682371959024     
   3.1028304926162260       -1.6175463481125110     
   3.1842551626136149       -1.6005902877159948     
   3.2647289475737971       -1.5801240932192471     
   3.3440504419278834       -1.5552246054483809     
   3.4219675077938403       -1.5246148542423272     
   3.4981565237995969       -1.4865056314609126     
   3.5721917323158885       -1.4383618389396133     
   3.6434998318600460       -1.3765675318911621     
   3.7112935123185280       -1.2959805120661836     
   3.7744780950519159       -1.1894500526256349     
   3.8315335210935366       -1.0476280171468693     
   3.8804029726860234      -0.85996574020510719     
   3.9184865841942202      -0.61844729475175741     
   3.9429261633212862      -0.32565200389656751     
   3.9513604868976460        0.0000000000000000     
  0.80763589762829191        0.0000000000000000     
  0.81679994253423660      -0.38261520649228409     
  0.84313686970151980      -0.71696273142095401     
  0.88360650462923629      -0.97933596206953999     
  0.93477462305581471       -1.1715787721105464     
  0.99375436067289280       -1.3086768822391115     
   1.0584216671813624       -1.4062944427086088     
   1.1272965213538360       -1.4766263502093664     
   1.1993589361211177       -1.5281812088297160     
   1.2738974531854184       -1.5666680443459904     
   1.3504040418334962       -1.5958893623930090     
   1.4285054132811881       -1.6183955154755052     
   1.5079188404673192       -1.6359195410360521     
   1.5884236186030647       -1.6496569326066315     
   1.6698423673204699       -1.6604446297084883     
   1.7520285431800975       -1.6688762306981801     
   1.8348579132337983       -1.6753769795247138     
   1.9182225900939778       -1.6802531822202249     
   2.0020267468867039       -1.6837251461176557     
   2.0861834471389935       -1.6859493134398822     
   2.1706122198198772       -1.6870331548896595     
   2.2552371310027888       -1.6870450780795594     
   2.3399851791533375       -1.6860207737886399     
   2.4247848875667515       -1.6839668788471092     
   2.5095649947824690       -1.6808624602655757     
   2.5942531574385437       -1.6766585460822274     
   2.6787745827549747       -1.6712756925788173     
   2.7630505003444603       -1.6645993438348179     
   2.8469963641736578       -1.6564724683256438     
   2.9305196419803763       -1.6466846011067706     
   3.0135169952304350       -1.6349559143122192     
   3.0958705675416112       -1.6209141869001986     
   3.1774429666961974       -1.6040613997835580     
   3.2580703180151454       -1.5837249217109917     
   3.3375524424481049       -1.5589855527876095     
   3.4156387063033868       -1.5285706542482524     
   3.4920073097334376       -1.4906949282578781     
   3.5662346256372448       -1.4428247620484516     
   3.6377496482807046       -1.3813386698303702     
   3.7057670571619270       -1.3010720669220264     
   3.7691926761973775       -1.1948159663551123     
   3.8265029446538725       -1.0530975452204339     
   3.8756291117055870      -0.86514794253481486     
   3.9139455471427231      -0.62266503924261873     
   3.9385534969564082      -0.32806728709215260     
   3.9470496625877289        0.0000000000000000     
  0.79554930128712398        0.0000000000000000     
  0.80480071611948401      -0.38714894468322786     
  0.83136763612625275      -0.72464286369346942     
  0.87213680234233348      -0.98839489822700755     
  0.92361332688035347       -1.1807536778742123     
  0.98287977989108521       -1.3173480026479185     
   1.0478030718156324       -1.4142524219860280     
   1.1169042873978419       -1.4838576081852650     
   1.1891679357571063       -1.5347479552916701     
   1.2638874855103643       -1.5726534358866244     
   1.3405592404122009       -1.6013754499492845     
   1.4188134332578273       -1.6234556999709855     
   1.4983701079071219       -1.6406169745804164     
   1.5790107162652205       -1.6540451487789907     
   1.6605595566074829       -1.6645688614162921     
   1.7428714002830950       -1.6727748087701184     
   1.8258230548782675       -1.6790825969142165     
   1.9093074676630026       -1.6837939682068264     
   1.9932294922384184       -1.6871255561338852     
   2.0775027575558709       -1.6892308605151072     
   2.1620472728498408       -1.6902150127045961     
   2.2467875225100231       -1.6901445836066942     
   2.3316508798391911       -1.6890538538725295     
   2.4165662147073776       -1.6869484214666008     
   2.5014625970978028       -1.6838066483216123     
   2.5862680119696444       -1.6795791695430022     
   2.6709080034759549       -1.6741864536394839     
   2.7553041590490963       -1.6675141693620761     
   2.8393723250238514       -1.6594058440632822     
   2.9230204120442949       -1.6496519426257559     
   3.0061455944182147       -1.6379739896325554     
   3.0886306225738958       -1.6240016035588865     
   3.1703388350252291       -1.6072391610730237     
   3.2511072486262229       -1.5870170345639161     
   3.3307367802917618       -1.5624196156073693     
   3.4089781435092186       -1.5321782276872677     
   3.4855111745134937       -1.4945112125047282     
   3.5599141671645329       -1.4468864988654346     
   3.6316181976592583       -1.3856779302091147     
   3.6998397713116695       -1.3057011843212434     
   3.7634852232973044       -1.1996951461183010     
   3.8210279097153137       -1.0580742888531600     
   3.8703883476211329      -0.86986882225232154     
   3.9089174998165994      -0.62651278360416385     
   3.9336794828359438      -0.33027326727265832     
   3.9422322701911572        0.0000000000000000     
  0.78354209142781595        0.0000000000000000     
  0.79287655159830239      -0.39153278727452118     
  0.81966144273934693      -0.73205172229985471     
  0.86071304432632345      -0.99710797032595033     
  0.91247875288914759       -1.1895539208358610     
  0.97201268455388945       -1.3256461749308504     
   1.0371737796015135       -1.4218541629439363     
   1.1064845834342620       -1.4907543989422667     
   1.1789340944781672       -1.5410021053163259     
   1.2538205584391793       -1.5783461657478810     
   1.3306444276392859       -1.6065862676494034     
   1.4090392787354906       -1.6282554713699742     
   1.4887277716025680       -1.6450665502077202     
   1.5694933848442907       -1.6581960482258564     
   1.6511619877612156       -1.6684645763047328     
   1.7335895774590380       -1.6764521629814337     
   1.8166539278839542       -1.6825729681648729     
   1.9002487584153509       -1.6871243226536381     
   1.9842795495450618       -1.6903193037534858     
   2.0686604488751379       -1.6923085572092222     
   2.1533119042004252       -1.6931949383468494     
   2.2381587801600804       -1.6930432230146513     
   2.3231287892585417       -1.6918863039950522     
   2.4081511136762135       -1.6897287445875886     
   2.4931551209663234       -1.6865481882310414     
   2.5780690899643979       -1.6822948456320859     
   2.6628188657383598       -1.6768890467081670     
   2.7473263548435254       -1.6702166125057727     
   2.8315077533313397       -1.6621215321594451     
   2.9152713666205594       -1.6523950743925770     
   2.9985148263857488       -1.6407599563397610     
   3.0811214247493313       -1.6268474366672161     
   3.1629551533806994       -1.6101640441324550     
   3.2438538272584156       -1.5900428653195682     
   3.3236193462233374       -1.5655715561785188     
   3.4020036345845281       -1.5354850689837847     
   3.4786880028934779       -1.4980051282172619     
   3.5532524818816520       -1.4506012175499636     
   3.6251300394697861       -1.3896432101251528     
   3.6935388561174363       -1.3099292702666561     
   3.7573857720695294       -1.2041514030836127     
   3.8151414052945429       -1.0626217865400853     
   3.8647165675612882      -0.87418668558219503     
   3.9034408666694498      -0.63003634490793736     
   3.9283443161349108      -0.33229546020634909     
   3.9369491415301305        0.0000000000000000     
  0.77157290423869607        0.0000000000000000     
  0.78098680136832510      -0.39580114708635317     
  0.80797958762986477      -0.73924920354781343     
  0.84929920803213166       -1.0055483872144477     
  0.90133781088503784       -1.1980561965794099     
  0.96112286002553815       -1.3336458461633769     
   1.0265062502042850       -1.4291693223418502     
   1.0960123019370518       -1.4973808946501046     
   1.1686345065311343       -1.5470025326325367     
   1.2436757663493703       -1.5838003393888282     
   1.3206405294238746       -1.6115717696593599     
   1.3991655690575857       -1.6328412266716710     
   1.4789760323023333       -1.6493116397343801     
   1.5598573160127476       -1.6621504394193694     
   1.6416367704820323       -1.6721704157441093     
   1.7241715438736691       -1.6799451070961247     
   1.8073403140704198       -1.6858833716960333     
   1.8910375197516935       -1.6902782424370406     
   1.9751692229075088       -1.6933393272469239     
   2.0596500500346564       -1.6952144817699843     
   2.1444008519257607       -1.6960043297626053     
   2.2293468409124397       -1.6957718794501262     
   2.3144160381437415       -1.6945486478505187     
   2.3995379086663311       -1.6923381612666437     
   2.4846420884480800       -1.6891173280444869     
   2.5696571205214958       -1.6848359030784146     
   2.6545091198143740       -1.6794140301858311     
   2.7391202786308915       -1.6727376170524082     
   2.8234071059516483       -1.6646510279276299     
   2.9072782604560028       -1.6549462239577863     
   2.9906317833341958       -1.6433469741151621     
   3.0733514522207614       -1.6294860022088269     
   3.1553018449692529       -1.6128717750975408     
   3.2363214939598817       -1.5928398387420866     
   3.3162131841114215       -1.5684808238657681     
   3.3947299322288771       -1.5385330126042553     
   3.4715543822792609       -1.5012212732583614     
   3.5462681405663381       -1.4540166290861858     
   3.6183058982784502       -1.3932855483228550     
   3.6868873738357375       -1.3138105513966898     
   3.7509198964546235       -1.2082412526765414     
   3.8088716304437051       -1.0667965536322961     
   3.8586445589788632      -0.87815367914324027     
   3.8975487150630079      -0.63327693968427801     
   3.9225826647460296      -0.33415692461452035     
   3.9312355219826256        0.0000000000000000     
  0.75960322557247795        0.0000000000000000     
  0.76909362558062266      -0.39998713800901542     
  0.79628604815730031      -0.74629240641291605     
  0.83786174123295154       -1.0137851360414445     
  0.89015961859654824       -1.2063320254203993     
  0.95018201666548308       -1.3414158773243468     
   1.0157745888938039       -1.4362619480512702     
   1.0854637177234898       -1.5037958457666307     
   1.1582474058564454       -1.5528029638204572     
   1.2334331213763403       -1.5890652091808395     
   1.3105291863781796       -1.6163773377463966     
   1.3891754516314720       -1.6372550441115312     
   1.4690994461068552       -1.6533915187764254     
   1.5500883957421532       -1.6659452264439663     
   1.6319710574010537       -1.6757212799493626     
   1.7146056682511770       -1.6832868510354471     
   1.7978717580033090       -1.6890455960445914     
   1.8816644403402116       -1.6932863274332466     
   1.9658903204919669       -1.6962152416513332     
   2.0504644701865247       -1.6979774453620458     
   2.1353081129692706       -1.6986713574698089     
   2.2203467810652739       -1.6983582326018449     
   2.3055087780872183       -1.6970682144217673     
   2.3907238266501052       -1.6948037835237115     
   2.4759218060338024       -1.6915410932245574     
   2.5610314978773254       -1.6872294107676227     
   2.6459792601693874       -1.6817886488684293     
   2.7306875421524448       -1.6751047417735623     
   2.8150731339778630       -1.6670223510587392     
   2.8990450117511988       -1.6573340314628964     
   2.9825015848790590       -1.6457644798170790     
   3.0653270680176097       -1.6319477313958073     
   3.1473865673849555       -1.6153940035404166     
   3.2285192630226613       -1.5954410778790200     
   3.3085287402870764       -1.5711823046018061     
   3.3871690059209349       -1.5413590295618436     
   3.4641239148002181       -1.5041990458546821     
   3.5389765078515483       -1.4571748829992404     
   3.6111630509729165       -1.3966500618380604     
   3.6799046767202479       -1.3173930314340891     
   3.7441091809193150       -1.2120148500575927     
   3.8022425085584235       -1.0706489335353402     
   3.8521985609903875      -0.88181648107058019     
   3.8912693346817915      -0.63627165456611978     
   3.9164242654513175      -0.33587849351558974     
   3.9251216720890336        0.0000000000000000     
  0.74759686219924382        0.0000000000000000     
  0.75716146935213824      -0.40412289400469520     
  0.78454697582767752      -0.75323623355553149     
  0.82636908510187235       -1.0218837992068011     
  0.87891506054393664       -1.2144486997854831     
  0.93916338805897437       -1.3490205385978442     
   1.0049541842805254       -1.4431914626812514     
   1.0748161632339566       -1.5100535196668441     
   1.1477518760163523       -1.5584528581527750     
   1.2230732948938312       -1.5941859929381983     
   1.3002925239266256       -1.6210445417450901     
   1.3790523980690863       -1.6415353913075363     
   1.4590827444080534       -1.6573420289422556     
   1.5401725461594160       -1.6696140315366705     
   1.6221519062845473       -1.6791489166230575     
   1.7048801001320202       -1.6865075607792392     
   1.7882374662465537       -1.6920884756834897     
   1.8721197565067067       -1.6961762964224367     
   1.9564340873768256       -1.6989738384055737     
   2.0410959474730257       -1.7006234787769059     
   2.1260269074778004       -1.7012214414264406     
   2.2111527958412078       -1.7008272285695369     
   2.2964021762481628       -1.6994696035587480     
   2.3817050071670041       -1.6971499862486528     
   2.4669913895831876       -1.6938437514597917     
   2.5521903216748396       -1.6894996460839500     
   2.6372283813569051       -1.6840373085106020     
   2.7220282499274280       -1.6773426440006938     
   2.8065069712795898       -1.6692605412138510     
   2.8905738080034928       -1.6595840604836913     
   2.9741275020732751       -1.6480387171273785     
   3.0570526633206407       -1.6342597230350846     
   3.1392148764319998       -1.6177588817542805     
   3.2204539089062134       -1.5978760147840299     
   3.3005740734091065       -1.5737069677172943     
   3.3793302778768717       -1.5439959147754612     
   3.4564074818194732       -1.5069733757110166     
   3.5313900379925478       -1.4601133426291224     
   3.6037156565614112       -1.3997767600816811     
   3.6726067733176051       -1.3207193281735987     
   3.7369716247116394       -1.2155168178484543     
   3.7952741290117009       -1.0742238634915968     
   3.8454007396272947      -0.88521693719714145     
   3.8846267389871429      -0.63905389200647822     
   3.9098944415244143      -0.33747899934587772     
   3.9186333905112494        0.0000000000000000     
  0.73551944836541816        0.0000000000000000     
  0.74515657568426286      -0.40823992223551703     
  0.77273022737434993      -0.76013402953594356     
  0.81479123279379173       -1.0299073813766908     
  0.86757638001970139       -1.2224702061231945     
  0.92804135865604109       -1.3565204511530051     
  0.99402137108531230       -1.4500135769616196     
   1.0640477243332405       -1.5162045614342743     
   1.1371275763162827       -1.5639982076006151     
   1.2125773711971766       -1.5992046138693128     
   1.2899129310159554       -1.6256118242486945     
   1.3687800057101942       -1.6457177609037723     
   1.4489106563457452       -1.6611961709067971     
   1.5300955673652430       -1.6731877515831530     
   1.6121661399148084       -1.6824824463312895     
   1.6949826467498188       -1.6896348575004847     
   1.7784262003674465       -1.6950383681255079     
   1.8623931606694262       -1.6989734458941426     
   1.9467911288644264       -1.7016395292195103     
   2.0315359867894123       -1.7031762643322357     
   2.1165496307020151       -1.7036776736787260     
   2.2017581652138958       -1.7032014957938553     
   2.2870903949886432       -1.7017750975668307     
   2.3724764957431521       -1.6993988167389529     
   2.4578467715908952       -1.6960472224144523     
   2.5431304182292274       -1.6916685071185023     
   2.6282542135312994       -1.6861819928105095     
   2.7131410493611288       -1.6794735038452999     
   2.7977081996651774       -1.6713880920326460     
   2.8818651868060887       -1.6617192446435098     
   2.9655110545666985       -1.6501931988118348     
   3.0485307718673109       -1.6364462247177909     
   3.1307903588485155       -1.6199915686214936     
   3.2121301185678979       -1.6001709210709869     
   3.2923550279342604       -1.5760824273460139     
   3.3712208194622106       -1.5464728833927854     
   3.4484134653639331       -1.5095753585564662     
   3.5235185236283639       -1.4628652591287259     
   3.5959750346872976       -1.4027012550009388     
   3.6650066389704867       -1.3238274081282546     
   3.7295219858408228       -1.2187869795855006     
   3.7879831244651241       -1.0775615628419264     
   3.8382695956428274      -0.88839264431762222     
   3.8776410973593678      -0.64165378872484335     
   3.9030145502711231      -0.33897548968848201     
   3.9117924667736754        0.0000000000000000     
  0.72333797857687065        0.0000000000000000     
  0.73304652499659007      -0.41236949333383577     
  0.76080492295528357      -0.76703826211295933     
  0.80309931456799000       -1.0379171560816152     
  0.85611679557196829       -1.2304581351536044     
  0.91679111278315784       -1.3639734927063658     
  0.98295311062380653       -1.4567811520949960     
   1.0531369500790884       -1.5222967964349723     
   1.1263544783124093       -1.5694822763350647     
   1.2019266082754141       -1.6041603802995128     
   1.2793728429355122       -1.6301151266306593     
   1.3583418005879271       -1.6498352497156084     
   1.4385677303219648       -1.6649846431594031     
   1.5198429761755594       -1.6766950624535801     
   1.6020002009737793       -1.6857488376846124     
   1.6849006431727813       -1.6926942681130499     
   1.7684261616205204       -1.6979195838289562     
   1.8524736999930085       -1.7017010627711466     
   1.9369513226547996       -1.7042347446747408     
   2.0217752851329589       -1.7056575231020601     
   2.1068677912696940       -1.7060611966825059     
   2.1921552049388384       -1.7055017167424011     
   2.2775665555733662       -1.7040050283952402     
   2.3630322202459686       -1.7015703594316138     
   2.4484826902551919       -1.6981714419890104     
   2.5338473424438250       -1.6937558784648832     
   2.6190531374215489       -1.6882426327648601     
   2.7040231590699326       -1.6815173992065393     
   2.7886748909426600       -1.6734253340698766     
   2.8729180921317092       -1.6637602808701846     
   2.9566520817159692       -1.6522491129517207     
   3.0397621566260971       -1.6385290550156351     
   3.1221147354402041       -1.6221146709250298     
   3.2035506121325947       -1.6023493718441326     
   3.2838753736082742       -1.5783334327768916     
   3.3628455110225071       -1.5488160913018238     
   3.4401479300569955       -1.5120328100774363     
   3.5153693018014271       -1.4654603605318985     
   3.5879498978502475       -1.4054553835101944     
   3.6571144762558068       -1.3267512336357872     
   3.7217720711932252       -1.2218610112268404     
   3.7803829908126625       -1.0806981521094277     
   3.8308203121528988      -0.89137748382002358     
   3.8703291052908533      -0.64409860635264060     
   3.8958023678124190      -0.34038343235626178     
   3.9046170710465398        0.0000000000000000     
  0.71102035750834314        0.0000000000000000     
  0.72079979222701285      -0.41654307547144315     
  0.74874102255156250      -0.77400125730040337     
  0.79126520075782403       -1.0459735457228063     
  0.84451013371105021       -1.2384725971823571     
  0.90538829730576142       -1.3714356853666916     
  0.97172668193476663       -1.4635450303311943     
   1.0420625700570973       -1.5283759936839187     
   1.1154126069477659       -1.5749462977529456     
   1.1911022005063345       -1.6090906220957657     
   1.2686545236132494       -1.6345884721484705     
   1.3477210376733901       -1.6539190958327747     
   1.4280381508255466       -1.6687363399235002     
   1.5093998384044638       -1.6801628836742146     
   1.5916399988715999       -1.6889733438684256     
   1.6746208129394937       -1.6957096381029158     
   1.7582248647976659       -1.7007547791650079     
   1.8423496629820231       -1.7043808008306920     
   1.9269037178151580       -1.7067802969631702     
   2.0118036426700319       -1.7080873665150063     
   2.0969719341502513       -1.7083915460781429     
   2.1823352012855652       -1.7077469639557339     
   2.2678226846046941       -1.7061781088973000     
   2.3533649490189443       -1.7036830642324878     
   2.4388926593699680       -1.7002346895193468     
   2.5243353595781164       -1.6957799590578064     
   2.6096201781578738       -1.6902374369675470     
   2.6946703750178114       -1.6834926404052706     
   2.7794036256927961       -1.6753907757252766     
   2.8637299061537651       -1.6657259787756182     
   2.9475487879625857       -1.6542256830911017     
   3.0307458693529394       -1.6405279769065177     
   3.1131879355683325       -1.6241486329286596     
   3.1947162332194337       -1.6044326545739336     
   3.2751369127169641       -1.5804822999372157     
   3.3542071673462961       -1.5510490927112548     
   3.4316147682973130       -1.5143707527466677     
   3.5069474205622639       -1.4679253698593449     
   3.5796465412868383       -1.4080677561272588     
   3.6489379299523819       -1.3295213357708455     
   3.7137309779896230       -1.2247710220749695     
   3.7724843554700511       -1.0836662111286000     
   3.8230650481678770      -0.89420211004523276     
   3.8627042988218814      -0.64641309522700230     
   3.8882724173126677      -0.34171690942344840     
   3.8971220871605472        0.0000000000000000     
  0.69853495773242491        0.0000000000000000     
  0.70838531224832713      -0.42079282037892224     
  0.73650891148375786      -0.78107600451529280     
  0.77926111393601893       -1.0541370543752964     
  0.83273046959906916       -1.2465731622569096     
  0.89380869027719134       -1.3789620865299830     
  0.96031937648178411       -1.4703548538400446     
   1.0308032128114646       -1.5344866090819014     
   1.1042817804094074       -1.5804301467756312     
   1.1800850378816894       -1.6140313000198170     
   1.2577398424563400       -1.6390645209753552     
   1.3369004938792530       -1.6579991873882118     
   1.4173055464121884       -1.6724788207399530     
   1.4987505908595002       -1.6836168149229005     
   1.5810707449825838       -1.6921799112970755     
   1.6641291159149079       -1.6987035167602473     
   1.7478089982103038       -1.7035653219409823     
   1.8320084512008965       -1.7070330297491845     
   1.9166364179378241       -1.7092957152764110     
   2.0016098571080949       -1.7104846205574009     
   2.0868515460830825       -1.7106869658766575     
   2.1722883274237894       -1.7099550082012531     
   2.2578496413224896       -1.7083117357886306     
   2.3434662291026163       -1.7057540459973921     
   2.4290689175247127       -1.7022538854399212     
   2.5145874055355346       -1.6977575596529617     
   2.5999489768093147       -1.6921831905226339     
   2.6850770535226518       -1.6854160722251093     
   2.7698894880259832       -1.6773014101836177     
   2.8542964561065678       -1.6676335743685760     
   2.9381977622305153       -1.6561404907827566     
   3.0214792830551143       -1.6424610314444592     
   3.1040081433200282       -1.6261120836715020     
   3.1856260095896762       -1.6064401327977582     
   3.2661395561360478       -1.5825492945435460     
   3.3453066302166108       -1.5531932459047644     
   3.4228158106035007       -1.5166118472177710     
   3.4982557685884910       -1.4702844643098674     
   3.5710689934868141       -1.4105642440695259     
   3.6404822600829818       -1.3321653247685232     
   3.7054052906743085       -1.2275460757332861     
   3.7642951985933086       -1.0864952842213764     
   3.8150131829201070      -0.89689439846555030     
   3.8547773183530216      -0.64861983343214469     
   3.8804362458084007      -0.34298879969571339     
   3.8893193939963608        0.0000000000000000     
  0.68585017502199008        0.0000000000000000     
  0.69577204359603251      -0.42515212045841067     
  0.72407898558447004      -0.78831705379772476     
  0.76705924105200274       -1.0624692766800850     
  0.82075176712855058       -1.2548198504944257     
  0.88202786748254169       -1.3866077056223580     
  0.94870818891966480       -1.4772598936763448     
   1.0193371184032127       -1.5406725283163156     
   1.0929413422470107       -1.5859730054516679     
   1.1688554557634874       -1.6190176043987416     
   1.2466100401520488       -1.6435751119686715     
   1.3258622486098690       -1.6621045563678205     
   1.4063527839619412       -1.6762387639616814     
   1.4878788484734686       -1.6870815556785101     
   1.5702767719882598       -1.6953915707753386     
   1.6534105793194176       -1.7016975243816113     
   1.7371642659916584       -1.7063716385115364     
   1.8214364325289523       -1.7096771653518821     
   1.9061364451046163       -1.7117995619931063     
   1.9911815981913492       -1.7128671303305001     
   2.0764949404829665       -1.7129647035441085     
   2.1620035386673560       -1.7121426060142502     
   2.2476370231613481       -1.7104222714138912     
   2.3333263021231616       -1.7077993621688925     
   2.4190023543848027       -1.7042448663455037     
   2.5045950236383701       -1.6997043768341726     
   2.5900317378005560       -1.6940955295363682     
   2.6752360695099706       -1.6873033504059951     
   2.7601260349204448       -1.6791729955184642     
   2.8446119950150237       -1.6694990154902829     
   2.9285939704229182       -1.6580097682086161     
   3.0119580967105959       -1.6443448395948765     
   3.0945718150004158       -1.6280221502825503     
   3.1762771840737414       -1.6083895733941973     
   3.2568813684871798       -1.5845529761225359     
   3.3361428287430228       -1.5552680769243599     
   3.4137509022393178       -1.5187767784740345     
   3.4892951693931700       -1.4725596862406074     
   3.5622191294161341       -1.4129684156042577     
   3.6317504756126828       -1.3347083486882314     
   3.6967992363384417       -1.2302126605827772     
   3.7558210307536708       -1.0892123407892829     
   3.8066715149390284      -0.89947985867638458     
   3.8465561258981484      -0.65073954353242347     
   3.8723026538802197      -0.34421095249043060     
   3.8812180995536623        0.0000000000000000     
  0.67293397030122115        0.0000000000000000     
  0.68292851969937096      -0.42965625143313635     
  0.71142122550276754      -0.79578153640121674     
  0.75463133588380438       -1.0710340166535866     
  0.80854750916624007       -1.2632742015872660     
  0.87002085830279863       -1.3944284748137252     
  0.93686949588282187       -1.4843099133576958     
   1.0076418375759781       -1.5469778315102638     
   1.0813698786996193       -1.5916140413474391     
   1.1573929685403408       -1.6240845603815619     
   1.2352454771758310       -1.6481518066303682     
   1.3145874459449265       -1.6662638713538283     
   1.3951617436087018       -1.6800424167212646     
   1.4767671912479998       -1.6905813193772705     
   1.5592413322611869       -1.6986308216450883     
   1.6424491071052478       -1.7047127112012996     
   1.7262752081195074       -1.7091935514839427     
   1.8106187715657669       -1.7123319895142188     
   1.8953895804790533       -1.7143097376429430     
   1.9805052583411120       -1.7152520525697685     
   2.0658891180389451       -1.7152412922764815     
   2.1514684429851005       -1.7143257736739952     
   2.2371730461660650       -1.7125253111647472     
   2.3229339946418013       -1.7098342752595335     
   2.4086824110397718       -1.7062226440694910     
   2.4943482750756374       -1.7016352501461185     
   2.5798591495973766       -1.6959891977163539     
   2.6651387476139301       -1.6891691991928153     
   2.7501052379610345       -1.6810203146800502     
   2.8346691543435671       -1.6713372258062256     
   2.9187307193114957       -1.6598486678734243     
   3.0021763107961363       -1.6461948794816434     
   3.0848736667784742       -1.6298947448216008     
   3.1666652149101435       -1.6102974453366434     
   3.2473585818596544       -1.5865105111474873     
   3.3267128072897232       -1.5572916098155789     
   3.4044179463229849       -1.5208846059834820     
   3.4800644407485088       -1.4747713154768951     
   3.5530967475240618       -1.4153019315824005     
   3.6227434303613890       -1.3371735100144448     
   3.6879148006955482       -1.2327951192765392     
   3.7470650295746490       -1.0918421986382794     
   3.7980444186552909      -0.90198201862874594     
   3.8380461789523213      -0.65279139091706195     
   3.8638778813657182      -0.34539435176546035     
   3.8728247308882020        0.0000000000000000     
  0.65975338522414384        0.0000000000000000     
  0.66982237496463404      -0.43434313201950142     
  0.69850474834655985      -0.80353034918502597     
  0.74194830054565364       -1.0798985570414195     
  0.79609030749681431       -1.2720004622285601     
  0.85776178099710654       -1.4024823064275069     
  0.92477871346940921       -1.4915560960242580     
  0.99569390870189911       -1.5534476045742760     
   1.0695449128575321       -1.5973931205966156     
   1.1456759792168889       -1.6292676590385409     
   1.2236253574062255       -1.6528264522252243     
   1.3030560311890445       -1.6705059443060262     
   1.3837130673794349       -1.6839160549106806     
   1.4653969243296154       -1.6941402543569133     
   1.5479463688754829       -1.7019200200640285     
   1.6312272615172738       -1.7077699182488497     
   1.7151249922367930       -1.7120506175173535     
   1.7995392314961907       -1.7150159685219535     
   1.8843801760615486       -1.7168437829384429     
   1.9695657741976640       -1.7176561439969282     
   2.0550195979823154       -1.7175328279400068     
   2.1406691419719461       -1.7165200547524730     
   2.2264443956764559       -1.7146359434622223     
   2.3122765785952253       -1.7118735069042601     
   2.3980969502713907       -1.7082016553313621     
   2.4838356191010527       -1.7035644087908273     
   2.5694202749681105       -1.6978782915491519     
   2.6547747626695757       -1.6910276563558995     
   2.7398173942668542       -1.6828574217911341     
   2.8244588656061751       -1.6731623538815332     
   2.9085995891251506       -1.6616715160251048     
   2.9921261712089167       -1.6480257458772709     
   3.0749066303653763       -1.6317448317612586     
   3.1567837436874329       -1.6121791972496089     
   3.2375655766225906       -1.5884379630404579     
   3.3170117198825579       -1.5592806715923053     
   3.3948129126889093       -1.5229530862205003     
   3.4705604190066661       -1.4769382117910219     
   3.5436996106585821       -1.4175849091479651     
   3.6134598817125125       -1.3395822494136767     
   3.6787518056708102       -1.2353160458963164     
   3.7380281368046262       -1.0944079183229516     
   3.7891339604581780      -0.90442278581610058     
   3.8292505630793516      -0.65479326745212518     
   3.8551657514630970      -0.34654927425737408     
   3.8641433823503188        0.0000000000000000     
  0.64627401611248114        0.0000000000000000     
  0.65641983084458488      -0.43925423691356069     
  0.68529732266229071      -0.81162955827033101     
  0.72897973307437969       -1.0891351346859965     
  0.78335148025547452       -1.2810669396901935     
  0.84522344590110132       -1.4108302786953584     
  0.91240992250530850       -1.4990520703841945     
  0.98346850211142245       -1.5601288274692207     
   1.0574425657183104       -1.6033515815569479     
   1.1336814554011290       -1.6346035366606813     
   1.2117274176766708       -1.6576317836296779     
   1.2912464529507517       -1.6748602686427789     
   1.3719858730147334       -1.6878864685024741     
   1.4537478029785218       -1.6977828853533121     
   1.5363722512778923       -1.7052817838865819     
   1.6197260091342689       -1.7108901515240167     
   1.7036951698197655       -1.7149624756410440     
   1.7881799402122400       -1.7177475795958312     
   1.8730909306481582       -1.7194191868949069     
   1.9583464123449166       -1.7200960539236179     
   2.0438702135446722       -1.7198552486779430     
   2.1295900360407454       -1.7187407888903623     
   2.2154360412826133       -1.7167690096130133     
   2.3013395960707497       -1.7139314905394574     
   2.3872320912308478       -1.7101960088302484     
   2.4730437577198976       -1.7055057146189418     
   2.5587024058143122       -1.6997765005897483     
   2.6441320048498373       -1.6928923122148687     
   2.7292510021286853       -1.6846978812945332     
   2.8139702467343350       -1.6749880138646125     
   2.8981903309206198       -1.6634920564340139     
   2.9817980779618734       -1.6498513987168453     
   3.0646617734164718       -1.6335866829846051     
   3.1466245279073060       -1.6140495209028070     
   3.2274948266912418       -1.5903505663747697     
   3.3070327888253539       -1.5612511796027047     
   3.3849298106225607       -1.5249989757138833     
   3.4607779468547020       -1.4790781360067788     
   3.5340234498683452       -1.4198362625519161     
   3.6038965115608530       -1.3419547056058623     
   3.6693079485150060       -1.2377966595758010     
   3.7287091162089747       -1.0969311763722454     
   3.7799399749762994      -0.90682279230879459     
   3.8201700843535176      -0.65676206534406989     
   3.8461677745340994      -0.34768544337308227     
   3.8551758234938767        0.0000000000000000     
  0.63245942741763217        0.0000000000000000     
  0.64268512362428865      -0.44443571470150789     
  0.67176482973021778      -0.82015209669654088     
  0.71569342528163993       -1.0988226952077036     
  0.77030058203494767       -1.2905475849577739     
  0.83237691251876877       -1.4195380029231308     
  0.89973544822339924       -1.5068550799105809     
  0.97093901899936963       -1.5670713767304807     
   1.0450371718131386       -1.6095331007635858     
   1.1213845597942886       -1.6401307295974941     
   1.1995275717556246       -1.6626020875860923     
   1.2791353195975927       -1.6793576093045748     
   1.3599574221493160       -1.6919814905259798     
   1.4417977119231447       -1.7015345918292135     
   1.5244974654141168       -1.7087394287725206     
   1.6079244214779227       -1.7140949827146048     
   1.6919653870673712       -1.7179492181981433     
   1.7765211113479531       -1.7205456566875896     
   1.8615026209291134       -1.7220537113639396     
   1.9468285104334411       -1.7225886307966511     
   2.0324228631012073       -1.7222246262328356     
   2.1182135856110622       -1.7210033903300708     
   2.2041310081100449       -1.7189393716829817     
   2.2901066407618393       -1.7160226305017467     
   2.3760720011605940       -1.7122197372757657     
   2.4619574377947284       -1.7074729086827967     
   2.5476908758001677       -1.7016973500482977     
   2.6331964029824499       -1.6947765496559068     
   2.7183925952039325       -1.6865550068469999     
   2.8031904473711737       -1.6768275247286963     
   2.8874907232329647       -1.6653236914309970     
   2.9711804534908022       -1.6516854075444538     
   3.0541281798474711       -1.6354341274539337     
   3.1361773337260144       -1.6159226079813174     
   3.2171368051874984       -1.5922629928694896     
   3.2967672238673060       -1.5632184190878877     
   3.3747606222332611       -1.5270383227147684     
   3.4507098217145526       -1.4812080582406455     
   3.5240619287721193       -1.4220740297113201     
   3.5940479076714027       -1.3443100603070801     
   3.6595788011192298       -1.2402571635956925     
   3.7191045714528572       -1.0994326259951663     
   3.7704601012158316      -0.90920173099937751     
   3.8108033216608010      -0.65871394663070371     
   3.8368832118655929      -0.34881218189641305     
   3.8459215670020299        0.0000000000000000     
  0.63232029379766730        0.0000000000000000     
  0.64254680180848622      -0.44448874734613880     
  0.67162855947307365      -0.82023920545472517     
  0.71555964568437047       -1.0989215434187389     
  0.77016917705839183       -1.2906441716158699     
  0.83224756359254781       -1.4196266019258781     
  0.89960782654273863       -1.5069343901610666     
  0.97081285027267805       -1.5671418772631847     
   1.0449122448761829       -1.6095958217095578     
   1.1212607175265576       -1.6401867683163465     
   1.1994046990413880       -1.6626524430093854     
   1.2790133327985693       -1.6794031403652581     
   1.3598362609238348       -1.6920229194146346     
   1.4416773331440189       -1.7015725212233930     
   1.5243778387201974       -1.7087743614223876     
   1.6078055260338746       -1.7141273393876166     
   1.6918472092001866       -1.7179793529075218     
   1.7764036428168202       -1.7205738692013757     
   1.8613858576541538       -1.7220802573679475     
   1.9467124515592866       -1.7226137300973294     
   2.0323075103074379       -1.7222484694114770     
   2.1180989426070735       -1.7210261441779044     
   2.2040170802701287       -1.7189611836731353     
   2.2899934348693676       -1.7160436325302875     
   2.3759595252398844       -1.7122400488432947     
   2.4618457010165216       -1.7074926396682106     
   2.5475798884525918       -1.7017166032021813     
   2.6330861765044267       -1.6947954229235604     
   2.7182831422827944       -1.6865735956311472     
   2.8030817821111631       -1.6768459241886873     
   2.8873828614066910       -1.6653419989336333     
   2.9710734128918115       -1.6517037253391416     
   3.0540219807687499       -1.6354525656816230     
   3.1360719995954853       -1.6159412879887705     
   3.2170323633941300       -1.5922820506397934     
   3.2966637068017990       -1.5632380081133157     
   3.3746580685240750       -1.5270586144770257     
   3.4506082775127540       -1.4812292359092893     
   3.5239614486117867       -1.4220962648168842     
   3.5939485536591866       -1.3443334503090485     
   3.6594806375311872       -1.2402815870349135     
   3.7190076487055523       -1.0994574494222409     
   3.7703644193446757      -0.90922533728150823     
   3.8107087652823446      -0.65873331716763972     
   3.8367894733334249      -0.34882336538946163     
   3.8458281299968591        0.0000000000000000     
