  -3.5699880716796182        0.0000000000000000     
  -3.5671118884484252      -0.10068342285434526     
  -3.5585083169266025      -0.20021224621575112     
  -3.5442618611320631      -0.29787670182198672     
  -3.5245098360717271      -0.39273494925092728     
  -3.4994367269565592      -0.48401810234497961     
  -3.4692679969588500      -0.57107576935369120     
  -3.4342627694405494      -0.65338813046906419     
  -3.3947062557379790      -0.73056578030410635     
  -3.3509024129486269      -0.80234214386219826     
  -3.3031672190475665      -0.86856026608506254     
  -3.2518228278541157      -0.92915611601943993     
  -3.1971927451276541      -0.98414036829434004     
  -3.1395980637493963       -1.0335802427431109     
  -3.0793547176284921       -1.0775825293608718     
  -3.0167716620070939       -1.1162784878498035     
  -2.9521498593863789       -1.1498109439028181     
  -2.8857819403932843       -1.1783236299123538     
  -2.8179524120494897       -1.2019526366313729     
  -2.7489382970510872       -1.2208197403082646     
  -2.6790101027371946       -1.2350273290725038     
  -2.6084330344081792       -1.2446546554233586     
  -2.5374683825036652       -1.2497551730915326     
  -2.4663750255817045       -1.2503547654367932     
  -2.3954110003055513       -1.2464507316608531     
  -2.3248350953398158       -1.2380114620283402     
  -2.2549084279796960       -1.2249768018257072     
  -2.1858959603952615       -1.2072591750178339     
  -2.1180679065632364       -1.1847456112535990     
  -2.0517009713982559       -1.1573008921986723     
  -1.9870793506208784       -1.1247721004921125     
  -1.9244954042325220       -1.0869949087320654     
  -1.8642498994389249       -1.0438019735965782     
  -1.8066517026710938      -0.99503378190221980     
  -1.7520167882920292      -0.94055220669284967     
  -1.7006664281441519      -0.88025684448959718     
  -1.6529244367957960      -0.81410389582216380     
  -1.6091133780608426      -0.74212691127527064     
  -1.5695496940785423      -0.66445817393609630     
  -1.5345378012152089      -0.58134889161424730     
  -1.5043633046249441      -0.49318584078215855     
  -1.4792856065468050      -0.40050181574573968     
  -1.4595303058879501      -0.30397757755422927     
  -1.4452818745975122      -0.20442959667694388     
  -1.4366775001856193      -0.10286482012826266     
  -1.4338013244517149        0.0000000000000000     
  -3.6310344710743161        0.0000000000000000     
  -3.6277186819203284      -0.11872116346823350     
  -3.6178172164221527      -0.23544112170936321     
  -3.6014804951838895      -0.34876418715061736     
  -3.5789483183062591      -0.45714947608214646     
  -3.5505335582102826      -0.55945206043569495     
  -3.5166044121303179      -0.65485359469660487     
  -3.4775656889760262      -0.74285859952702660     
  -3.4338414398834898      -0.82325817500311571     
  -3.3858602048489002      -0.89607728391777663     
  -3.3340434876779841      -0.96151634594983770     
  -3.2787975204395319       -1.0198953091043503     
  -3.2205080082282325       -1.0716051292776620     
  -3.1595373521345356       -1.1170687648652651     
  -3.0962237937132326       -1.1567117870029910     
  -3.0308819588808897       -1.1909415317142025     
  -2.9638043597369927       -1.2201332052061791     
  -2.8952635082804736       -1.2446212731162798     
  -2.8255143876802800       -1.2646946229819398     
  -2.7547971055050020       -1.2805942486220243     
  -2.6833396162103402       -1.2925124814138742     
  -2.6113604477897598       -1.3005930435675861     
  -2.5390714019344891       -1.3049314068897346     
  -2.4666802208300078       -1.3055751065754340     
  -2.3943932290956043       -1.3025237904906690     
  -2.3224179680624868       -1.2957288916429650     
  -2.2509658426285677       -1.2850929071011652     
  -2.1802547986611502       -1.2704683639346406     
  -2.1105120409574405       -1.2516566652104011     
  -2.0419767870051011       -1.2284071509634360     
  -1.9749030283938678       -1.2004168937611839     
  -1.9095622372972407       -1.1673319871423147     
  -1.8462459072473154       -1.1287513811202816     
  -1.7852677530852163       -1.0842346590387872     
  -1.7269653136708802       -1.0333154909884477     
  -1.6717006054628980      -0.97552274804967487     
  -1.6198593747463284      -0.91041125925306576     
  -1.5718484104652530      -0.83760370420057439     
  -1.5280903406639688      -0.75684387640342521     
  -1.4890153887554916      -0.66805928963339933     
  -1.4550497624203977      -0.57142780898305134     
  -1.4266007284405562      -0.46743911361852164     
  -1.4040389937040101      -0.35693860079623480     
  -1.3876796886968292      -0.24113495101775617     
  -1.3777643353159537      -0.12167119949597281     
  -1.3744441182920977        0.0000000000000000     
  -3.6841133929630616        0.0000000000000000     
  -3.6803664897143480      -0.13641874533030432     
  -3.6691984143728456      -0.26976267188827757     
  -3.6508421280621701      -0.39778550903701770     
  -3.6256617367347941      -0.51829876160380384     
  -3.5941188280832215      -0.62985410149992305     
  -3.5567374612761729      -0.73162641521434413     
  -3.5140706638625612      -0.82334675111609501     
  -3.4666726557950036      -0.90518213580855333     
  -3.4150783966827380      -0.97760294453252694     
  -3.3597903631392585       -1.0412619732939319     
  -3.3012714578745848       -1.0968973820385941     
  -3.2399425672316426       -1.1452623192327629     
  -3.1761833165574833       -1.1870784924037396     
  -3.1103348156817581       -1.2230086328916812     
  -3.0427034915054825       -1.2536425323942975     
  -2.9735653882575117       -1.2794920656209434     
  -2.9031705443483862       -1.3009916695672512     
  -2.8317472226621612       -1.3185017621299930     
  -2.7595058866477733       -1.3323134058607509     
  -2.6866428898640260       -1.3426531305695131     
  -2.6133438933808586       -1.3496872476896291     
  -2.5397870531237574       -1.3535252630165298     
  -2.4661460348556772       -1.3542221639745540     
  -2.3925929228187970       -1.3517794579165101     
  -2.3193010921573514       -1.3461448964784739     
  -2.2464481168004249       -1.3372108595245220     
  -2.1742187840687768       -1.3248114100799477     
  -2.1028082844121867       -1.3087180886789958     
  -2.0324256377802929       -1.2886346152260602     
  -1.9632974041783371       -1.2641908396004040     
  -1.8956717001346424       -1.2349365692454082     
  -1.8298224979483926       -1.2003363540773766     
  -1.7660541107881198       -1.1597669829153654     
  -1.7047056514603254       -1.1125203863845490     
  -1.6461550824140312       -1.0578158420373713     
  -1.5908222392045304      -0.99482670229926984     
  -1.5391699120951445      -0.92272792893057576     
  -1.4917017429065937      -0.84077073821526827     
  -1.4489554204442752      -0.74838839949565228     
  -1.4114895927215443      -0.64533118335527773     
  -1.3798632804549256      -0.53181771625090346     
  -1.3546075993439122      -0.40867572059930518     
  -1.3361913614514949      -0.27742516064117578     
  -1.3249849239638660      -0.14040498825169853     
  -1.3212251309614678        0.0000000000000000     
  -3.7301501103002312        0.0000000000000000     
  -3.7259858791058500      -0.15353436664265135     
  -3.7135979771549046      -0.30271150510421013     
  -3.6933168705122807      -0.44430104622352345     
  -3.6656488654961965      -0.57546860918193177     
  -3.6312178797588168      -0.69458495826423605     
  -3.5907082630240201      -0.80100463237450381     
  -3.5448150412830945      -0.89487358877935264     
  -3.4942073249888841      -0.97687964669202687     
  -3.4395054744980684       -1.0480200552856576     
  -3.3812698430567916       -1.1094197166104154     
  -3.3199979104016815       -1.1622068752128116     
  -3.2561267573391905       -1.2074383799128845     
  -3.1900384820733207       -1.2460615652618652     
  -3.1220668990958020       -1.2789002882862428     
  -3.0525044894575659       -1.3066553313707672     
  -2.9816090301439755       -1.3299123480799793     
  -2.9096096338334339       -1.3491529883837499     
  -2.8367121156832931       -1.3647666120460256     
  -2.7631037085214984       -1.3770611654792613     
  -2.6889572017209331       -1.3862725124899040     
  -2.6144346030663588       -1.3925719173734583     
  -2.5396904307971671       -1.3960715904257781     
  -2.4648747432178233       -1.3968282976188739     
  -2.3901360108469856       -1.3948450575155888     
  -2.3156239338631726       -1.3900709311021602     
  -2.2414923070488033       -1.3823988745458735     
  -2.1679020360423875       -1.3716615866240214     
  -2.0950244121913184       -1.3576252572076462     
  -2.0230447574401049       -1.3399811320147668     
  -1.9521665529129983       -1.3183348849803116     
  -1.8826161603915630       -1.2921939869771266     
  -1.8146482264714696       -1.2609536636572740     
  -1.7485518111119587       -1.2238827745213496     
  -1.6846571840604811       -1.1801121977068010     
  -1.6233430527651127       -1.1286302768966083     
  -1.5650436825457281       -1.0682927348458138     
  -1.5102548998845022      -0.99785807777525248     
  -1.4595373084209939      -0.91606312035535276     
  -1.4135142398537404      -0.82175475839411050     
  -1.3728612056263820      -0.71408951697660561     
  -1.3382833540100252      -0.59279642119302156     
  -1.3104783685583057      -0.45846763969378829     
  -1.2900851011101657      -0.31279195860442466     
  -1.2776237735754761      -0.15880766247676820     
  -1.2734343628311329        0.0000000000000000     
  -3.7699784293637619        0.0000000000000000     
  -3.7654145439685167      -0.16989764174100519     
  -3.7518646373494713      -0.33397482837896320     
  -3.7297692807030978      -0.48792126359368870     
  -3.6997902385670569      -0.62830235469135876     
  -3.6627207557766135      -0.75345854354182296     
  -3.6194027732454876      -0.86310554006923546     
  -3.5706614541961876      -0.95795327399719943     
  -3.5172629002006608       -1.0392953520941275     
  -3.4598927572352656       -1.1086758571290587     
  -3.3991501095314214       -1.1676631080459559     
  -3.3355508602476482       -1.2177187964827472     
  -3.2695360342895863       -1.2601363178293519     
  -3.2014819597101258       -1.2960226354736433     
  -3.1317105505561069       -1.3263042303396675     
  -3.0604987935037253       -1.3517443633714585     
  -2.9880870824006731       -1.3729640965778260     
  -2.9146863465433235       -1.3904630195810848     
  -2.8404840686734611       -1.4046377566719865     
  -2.7656493512734732       -1.4157975217213870     
  -2.6903372058982211       -1.4241765991616144     
  -2.6146922344834236       -1.4299439014202044     
  -2.5388518575426962       -1.4332098380925546     
  -2.4629492292077741       -1.4340307182986751     
  -2.3871159668563013       -1.4324108438024479     
  -2.3114848153581575       -1.4283023624707725     
  -2.2361923635347525       -1.4216028523033539     
  -2.1613819335637650       -1.4121505029296637     
  -2.0872067727527086       -1.3997166610826157     
  -2.0138336908944359       -1.3839954212627972     
  -1.9414473039829163       -1.3645898973820800     
  -1.8702550633012784       -1.3409948548034658     
  -1.8004932612247626       -1.3125756074191814     
  -1.7324341985869505       -1.2785436558422703     
  -1.6663946492332840       -1.2379307364759258     
  -1.6027456238280779       -1.1895651923004982     
  -1.5419231498198358       -1.1320584347001608     
  -1.4844392499487220       -1.0638152995386865     
  -1.4308914005168358      -0.98309031165790028     
  -1.3819674004704066      -0.88812045349779978     
  -1.3384408757456407      -0.77736819606932273     
  -1.3011511071841346      -0.64989480329321814     
  -1.2709607417686191      -0.50583770916555615     
  -1.2486881624203197      -0.34687273150916187     
  -1.2350200718425595      -0.17668799341117902     
  -1.2304151209510203        0.0000000000000000     
  -3.8043353452845134        0.0000000000000000     
  -3.7993922452165658      -0.18539200965833783     
  -3.7847456358525364      -0.36335450322815543     
  -3.7609559933602950      -0.52844001407294194     
  -3.7288490175090785      -0.67669204543422257     
  -3.6893884393966516      -0.80657846958479928     
  -3.6435659257192290      -0.91833217914643728     
  -3.5923220330673562       -1.0133275505580051     
  -3.5365020484300977       -1.0934958231787586     
  -3.4768395322853323       -1.1609057142618850     
  -3.4139576102677025       -1.2175161265681040     
  -3.3483795626106416       -1.2650589103946588     
  -3.2805430019071258       -1.3050032082003336     
  -3.2108143689678759       -1.3385636520282098     
  -3.1395021636498450       -1.3667281212640134     
  -3.0668683309926159       -1.3902913176630662     
  -2.9931377502897272       -1.4098872636761772     
  -2.9185060147882949       -1.4260177833071883     
  -2.8431457737076768       -1.4390760981128738     
  -2.7672119157604453       -1.4493656474507386     
  -2.6908458484997966       -1.4571146249066564     
  -2.6141790933621287       -1.4624868057192648     
  -2.5373363830615996       -1.4655891827236347     
  -2.4604384206663039       -1.4664768118561153     
  -2.3836044399020282       -1.4651551306268740     
  -2.3069546943874131       -1.4615798688899211     
  -2.2306129996210986       -1.4556545242166892     
  -2.1547094556695199       -1.4472252223246742     
  -2.0793834908744726       -1.4360726240830430     
  -2.0047873878534768       -1.4219003757140547     
  -1.9310904827260458       -1.4043194395548468     
  -1.8584842659954934       -1.3828275226817504     
  -1.7871886553858076       -1.3567828179033015     
  -1.7174597479928775       -1.3253715486090432     
  -1.6495993706513690       -1.2875696800064629     
  -1.5839666910974319       -1.2421011928333929     
  -1.5209919483488317       -1.1873994514939372     
  -1.4611918701729025       -1.1215857810708147     
  -1.4051853558409269       -1.0424917667947662     
  -1.3537062522109902      -0.94776890260920832     
  -1.3076073797326087      -0.83514563138645936     
  -1.2678467236344826      -0.70289087355160862     
  -1.2354444625661496      -0.55049219730244248     
  -1.2114017132490631      -0.37941487372149357     
  -1.1965834819673775      -0.19390496232895404     
  -1.1915801199888221        0.0000000000000000     
  -3.8338679889214737        0.0000000000000000     
  -3.8285679428263775      -0.19994356241647646     
  -3.8128944903112503      -0.39074120779285793     
  -3.7875348487619460      -0.56578677890380658     
  -3.7534826292731545      -0.72070014223310586     
  -3.7118684996848619      -0.85422493857224302     
  -3.6638227152018374      -0.96723124485315315     
  -3.6103856701346912       -1.0618117752390897     
  -3.5524656622215587       -1.1405273772569882     
  -3.4908301032889448       -1.2059252648925398     
  -3.4261154771123912       -1.2602945713455842     
  -3.3588452912852036       -1.3055785832373885     
  -3.2894496770010764       -1.3433727174616557     
  -3.2182835315645439       -1.3749611152160151     
  -3.1456420388005975       -1.4013653775699744     
  -3.0717734030454871       -1.4233925117915234     
  -2.9968890715114762       -1.4416768116454588     
  -2.9211718636586439       -1.4567142576361276     
  -2.8447824320992670       -1.4688897488388182     
  -2.7678644310059100       -1.4784981042683407     
  -2.6905487054995834       -1.4857598785437609     
  -2.6129567567785332       -1.4908329233445425     
  -2.5352036893427097       -1.4938204361781129     
  -2.4574008100764972       -1.4947760338992948     
  -2.3796580237376985       -1.4937061922430532     
  -2.3020861546691895       -1.4905702071874114     
  -2.2247993196204350       -1.4852776532559742     
  -2.1479174812630744       -1.4776831280774014     
  -2.0715693267417308       -1.4675778709177634     
  -1.9958956414465236       -1.4546776163958139     
  -1.9210533865731785       -1.4386057905435781     
  -1.8472207412981596       -1.4188708885939907     
  -1.7746034365381598       -1.3948366442398594     
  -1.7034427831312826       -1.3656835422726308     
  -1.6340258686636449       -1.3303606403518833     
  -1.5666984280845100       -1.2875281703004426     
  -1.5018808042401388       -1.2354951651312018     
  -1.4400870465595410       -1.1721644379967713     
  -1.3819462626896024       -1.0950125502381756     
  -1.3282233945961577       -1.0011576006595209     
  -1.2798331297166705      -0.88760035860216613     
  -1.2378355844753448      -0.75174625414009522     
  -1.2033971914156791      -0.59227645027227294     
  -1.1776997471781030      -0.41025255428372603     
  -1.1617936689219330      -0.21035768573564315     
  -1.1564111907702881        0.0000000000000000     
  -3.8591436979619473        0.0000000000000000     
  -3.8535100167353868      -0.21351282932640675     
  -3.8368817420624866      -0.41609487599909389     
  -3.8100767707149052      -0.59999030850070412     
  -3.7742566558661990      -0.76050189470418961     
  -3.7307119634186687      -0.89677702737279830     
  -3.6806987093044841       -1.0104045327430655     
  -3.6253421167997582       -1.1042106585400548     
  -3.5655996231092599       -1.1813517413246528     
  -3.5022616004864640       -1.2447970138756650     
  -3.4359704399607729       -1.2971074644559013     
  -3.3672455040117177       -1.3403880502643364     
  -3.2965074711828097       -1.3763224763764366     
  -3.2240994333068977       -1.4062374811611760     
  -3.1503041286400197       -1.4311703888396194     
  -3.0753575923541847       -1.4519290837771228     
  -2.9994598120649321       -1.4691412660596215     
  -2.9227830097841463       -1.4832932294944541     
  -2.8454780996335987       -1.4947596157957772     
  -2.7676797711361041       -1.5038258240700766     
  -2.6895105535938768       -1.5107045844769178     
  -2.6110841390783772       -1.5155479114483956     
  -2.5325081817345589       -1.5184553482955607     
  -2.4538867478862780       -1.5194791405185184     
  -2.3753225624886931       -1.5186267346072964     
  -2.2969191808024907       -1.5158607841167795     
  -2.2187832085016050       -1.5110966411646294     
  -2.1410266984004034       -1.5041971027086258     
  -2.0637698681815655       -1.4949639494377311     
  -1.9871443124940835       -1.4831255429313932     
  -1.9112969271114097       -1.4683194182658761     
  -1.8363948257789164       -1.4500684180728802     
  -1.7626316151877117       -1.4277484819842527     
  -1.6902355012518580       -1.4005458227483609     
  -1.6194798241842507       -1.3674011374520960     
  -1.5506967352613947       -1.3269393122838444     
  -1.4842947654688585       -1.2773860591631327     
  -1.4207808355182667       -1.2164805871015822     
  -1.3607864883464764       -1.1414101076552829     
  -1.3050961917939417       -1.0488235710104541     
  -1.2546715804497481      -0.93503136941861020     
  -1.2106587368550448      -0.79655001814695348     
  -1.1743569472693993      -0.63114145799146515     
  -1.1471225878915936      -0.43928965126607405     
  -1.1301942864764689      -0.22597846191109183     
  -1.1244534043622452        0.0000000000000000     
  -3.8806600124906794        0.0000000000000000     
  -3.8747163960015647      -0.22608810560470952     
  -3.8572055501734055      -0.43942887594732899     
  -3.8290773261406916      -0.63115010490871615     
  -3.7916580010843526      -0.79634285687544426     
  -3.7463886495506000      -0.93466028889356811     
  -3.6946377176700547       -1.0484559493217973     
  -3.6376015660266185       -1.1412758791003506     
  -3.5762753313508355       -1.2168231331670323     
  -3.5114641846121910       -1.2784309097769411     
  -3.4438114219402811       -1.3288801472182672     
  -3.3738297811496025       -1.3703974083177064     
  -3.3019298016695697       -1.4047265171180585     
  -3.2284432517932822       -1.4332183313460569     
  -3.1536416086026451       -1.4569145033601203     
  -3.0777503058886646       -1.4766172304708531     
  -3.0009596180407097       -1.4929441808284862     
  -2.9234329710924341       -1.5063704470098964     
  -2.8453133285441421       -1.5172600110612853     
  -2.7667281563970589       -1.5258890304353987     
  -2.6877933518103805       -1.5324628292190765     
  -2.6086164270360008       -1.5371280296899941     
  -2.5292991721491069       -1.5399808628510163     
  -2.4499399722837705       -1.5410723669501900     
  -2.3706359236671135       -1.5404109097017826     
  -2.2914848748149317       -1.5379622342866663     
  -2.2125875130810826       -1.5336470102370408     
  -2.1340496218145151       -1.5273356463793679     
  -2.0559846503594983       -1.5188398709659554     
  -1.9785167700178239       -1.5079002789251472     
  -1.9017846372728404       -1.4941686609201226     
  -1.8259461559282659       -1.4771834389721441     
  -1.7511846284033128       -1.4563359301377565     
  -1.6777168191425569       -1.4308244859084318     
  -1.6058036215486688       -1.3995929920058978     
  -1.5357642107480638       -1.3612502754609670     
  -1.4679947248862009       -1.3139689079903341     
  -1.4029925014795464       -1.2553684842457029     
  -1.3413863600071787       -1.1824051443325414     
  -1.2839716626615842       -1.0913249254277879     
  -1.2317446777604164      -0.97780289301139867     
  -1.1859226121222382      -0.83747631492063235     
  -1.1479234234315645      -0.66711729678404974     
  -1.1192691114629412      -0.46648608548205517     
  -1.1013856150528312      -0.24072734655602235     
  -1.0953078264432679        0.0000000000000000     
  -3.8988536377456580        0.0000000000000000     
  -3.8926236443164046      -0.23767972991024952     
  -3.8743011933882467      -0.46079682321589710     
  -3.8449670458706597      -0.65941391901315605     
  -3.8061064679577430      -0.82850793258458066     
  -3.7593002693214124      -0.96831241136792601     
  -3.7060163056066417       -1.0819616017306801     
  -3.6475100460391632       -1.1736879322706641     
  -3.5848051500374734       -1.2476861109384643     
  -3.5187156302489497       -1.3075986316143824     
  -3.4498824661674217       -1.3563824299090514     
  -3.3788105385231284       -1.3963544127423302     
  -3.3059003151743735       -1.4292981010435373     
  -3.2314730831013532       -1.4565760502927776     
  -3.1557903157802016       -1.4792272414706464     
  -3.0790682905247673       -1.4980446454514100     
  -3.0014890654219570       -1.5136344532704042     
  -2.9232087453462956       -1.5264603028430670     
  -2.8443637603920928       -1.5368758788850805     
  -2.7650757007073654       -1.5451487168949412     
  -2.6854551114217151       -1.5514773935314290     
  -2.6056045475187108       -1.5560037062011634     
  -2.5256211144340508       -1.5588209736558054     
  -2.4455986692449265       -1.5599792176535097     
  -2.3656298243090745       -1.5594876884194429     
  -2.2858078764909755       -1.5573149467277698     
  -2.2062287785938688       -1.5533864865622242     
  -2.1269932746462237       -1.5475796485632218     
  -2.0482093380275335       -1.5397153086657127     
  -1.9699950833410602       -1.5295454976137379     
  -1.8924823734971354       -1.5167356792447111     
  -1.8158214187883703       -1.5008398480391458     
  -1.7401867732069607       -1.4812658628594861     
  -1.6657852849739383       -1.4572275097654521     
  -1.5928667622203427       -1.4276787871941556     
  -1.5217383700993412       -1.3912252378025081     
  -1.4527840483322954       -1.3460079592920240     
  -1.3864904057828926       -1.2895610319453357     
  -1.3234802799443086       -1.2186586962917976     
  -1.2645536798173007       -1.1292064775283193     
  -1.2107316525888927       -1.0163070744794427     
  -1.1632894491457582      -0.87475265936786506     
  -1.1237496822915771      -0.70029171823107539     
  -1.0937892172557633      -0.49184632082344071     
  -1.0750174028276023      -0.25458754145842255     
  -1.0686244633344115        0.0000000000000000     
  -3.9141082163062109        0.0000000000000000     
  -3.9076148445555972      -0.24831507872265010     
  -3.8885493234902686      -0.48028153327676548     
  -3.8581203582296810      -0.68496014387530757     
  -3.8179646468028006      -0.85729928099228991     
  -3.7697913398049732      -0.99816158047830317     
  -3.7151554937344704       -1.1114544784371967     
  -3.6553613918444228       -1.2020514288052846     
  -3.5914540028746011       -1.2745829674585734     
  -3.5242519342280190       -1.3329519636983536     
  -3.4543918837528453       -1.3802552375141151     
  -3.3823704392805642       -1.4188761286042761     
  -3.3085784824978872       -1.4506232880244039     
  -3.2333278019079486       -1.4768627907537382     
  -3.1568710783724483       -1.4986268291342280     
  -3.0794167129188339       -1.5166974670571955     
  -3.0011398100189077       -1.5316691142566596     
  -2.9221903566332275       -1.5439943626427914     
  -2.8426993779061607       -1.5540173184347204     
  -2.7627836416589218       -1.5619976858867730     
  -2.6825493277960950       -1.5681280191618536     
  -2.6020949666891804       -1.5725458723208536     
  -2.5215138723676374       -1.5753420474847109     
  -2.4408962433836749       -1.5765657371502211     
  -2.3603310702276410       -1.5762270420391338     
  -2.2799079689769663       -1.5742970862259833     
  -2.1997190541043872       -1.5707057161119209     
  -2.1198609682982146       -1.5653365299874993     
  -2.0404372045597983       -1.5580187100963083     
  -1.9615608882343569       -1.5485147837693389     
  -1.8833582385310708       -1.5365029808661927     
  -1.8059730075948250       -1.5215522272850930     
  -1.7295723105665228       -1.5030869575345152     
  -1.6543544259505660       -1.4803377952447911     
  -1.5805593775424387       -1.4522727678524148     
  -1.5084834179716919       -1.4175023744074327     
  -1.4384989052266488       -1.3741514983413092     
  -1.3710814036524070       -1.3196945703471186     
  -1.3068458476093969       -1.2507641248172372     
  -1.2465924973235090       -1.1629809285331352     
  -1.1913594733590351       -1.0509395469505012     
  -1.1424688718541720      -0.90863658310872419     
  -1.1015347187825104      -0.73079291475467090     
  -1.0703770469129379      -0.51540949307918948     
  -1.0507824154225816      -0.26756129015879260     
  -1.0440959077909790        0.0000000000000000     
  -3.9267610079937101        0.0000000000000000     
  -3.9200263796300838      -0.25803419968188956     
  -3.9002830657951764      -0.49798585412187968     
  -3.8688632399938720      -0.70798427315304291     
  -3.8275462674812339      -0.88302098184192379     
  -3.7781581910328872       -1.0246136096919796     
  -3.7223301399518407       -1.1374180868634238     
  -3.6614065622677154       -1.2268974461404039     
  -3.5964481525382084       -1.2980648012323239     
  -3.5282751557527368       -1.3550409974257729     
  -3.4575188891201996       -1.4010336297490464     
  -3.3846677032037102       -1.4384744204785647     
  -3.3101035889193597       -1.4691868992393813     
  -3.2341298382213988       -1.4945354110263072     
  -3.1569914498869687       -1.5155431111604163     
  -3.0788900592646145       -1.5329806021647643     
  -2.9999948743672893       -1.5474308433117221     
  -2.9204507465622869       -1.5593361144925639     
  -2.8403842001015955       -1.5690318018528806     
  -2.7599080123866355       -1.5767706048884669     
  -2.6791247687056199       -1.5827397649603114     
  -2.5981296971039418       -1.5870731414569466     
  -2.5170130079380115       -1.5898593853463256     
  -2.4358619083917956       -1.5911470314202962     
  -2.3547624276765662       -1.5909470032903226     
  -2.2738011691788955       -1.5892327591130910     
  -2.1930670989011438       -1.5859380670209677     
  -2.1126534843223239       -1.5809521558718551     
  -2.0326601151211223       -1.5741117062423358     
  -1.9531959696890144       -1.5651887897883503     
  -1.8743825439034423       -1.5538733823899054     
  -1.7963581390656811       -1.5397484026239905     
  -1.7192835259794323       -1.5222542799102110     
  -1.6433495784102181       -1.5006387483249235     
  -1.5687877227970348       -1.4738858498370886     
  -1.4958844034801693       -1.4406161740037693     
  -1.4250012184655381       -1.3989489535025412     
  -1.3566028771105232       -1.3463182904677831     
  -1.2912954059464361       -1.2792471944575285     
  -1.2298763161522455       -1.1931198429836387     
  -1.1733948875397187       -1.0820841097227412     
  -1.1232106723467237      -0.93939881091311284     
  -1.0810169854940750      -0.75877580187606664     
  -1.0487650514020759      -0.53724093227441538     
  -1.0284107947332273      -0.27966617081412293     
  -1.0214517854261573        0.0000000000000000     
  -3.9371086350921392        0.0000000000000000     
  -3.9301537662108812      -0.26688605998138532     
  -3.9097941229067965      -0.51402519461622309     
  -3.8774797530304554      -0.72868872435005350     
  -3.8351232322236957      -0.90596878234495692     
  -3.7846563865477010       -1.0480449929785909     
  -3.7277764763707451       -1.1602853936102400     
  -3.6658609418124692       -1.2486892434082402     
  -3.5999819331571707       -1.3186033355356699     
  -3.5309593285021430       -1.3743304919706987     
  -3.4594185489035536       -1.4191659023501075     
  -3.3858400524091032       -1.4555761686156796     
  -3.3105977190502371       -1.4853925786620217     
  -3.2339873014647127       -1.5099744982557812     
  -3.1562471075053065       -1.5303349950085168     
  -3.0775729594074912       -1.5472333229888660     
  -2.9981290514115719       -1.5612416565551679     
  -2.9180559035799312       -1.5727928339505390     
  -2.8374762685349455       -1.5822144051765761     
  -2.7564995966219370       -1.5897528615204595     
  -2.6752254875463906       -1.5955907902718731     
  -2.5937464340648821       -1.5998588537341578     
  -2.5121500802471610       -1.6026438784598100     
  -2.4305211617616860       -1.6039938936450804     
  -2.3489432607851852       -1.6039206213381803     
  -2.2675004885581740       -1.6023996507790075     
  -2.1862792015747030       -1.5993682880790336     
  -2.1053698620138488       -1.5947208271829962     
  -2.0248691701303292       -1.5883007038571391     
  -1.9448826286649914       -1.5798886296843730     
  -1.8655277520515134       -1.5691853032180700     
  -1.7869382146773525       -1.5557865858077378     
  -1.7092693556122427       -1.5391480101062596     
  -1.6327056409763245       -1.5185340375860321     
  -1.5574709554154222       -1.4929454886355822     
  -1.4838429816998924       -1.4610160742960756     
  -1.4121734544700948       -1.4208665537481306     
  -1.3429167087984877       -1.3699049665923857     
  -1.2766694706648329       -1.3045702105058252     
  -1.2142245290702316       -1.2200505811819840     
  -1.1566378543217373       -1.1101037025105764     
  -1.1052987029302668      -0.96731146276961943     
  -1.0619688248394299      -0.78441128272531546     
  -1.0287188603014841      -0.55742495967033123     
  -1.0076651807653152      -0.29093176363187256     
  -1.0004539551717011        0.0000000000000000     
  -3.9454120442520075        0.0000000000000000     
  -3.9382566921820512      -0.27492539280688649     
  -3.9173380341590081      -0.52852157381664666     
  -3.8842176338376895      -0.74727540843862639     
  -3.8409315404600184      -0.92642359552250086     
  -3.7895068497345004       -1.0687998598958597     
  -3.7316981977003416       -1.1804407482909909     
  -3.6689101221435458       -1.2678292773526347     
  -3.6022229956510845       -1.3366021245378648     
  -3.5324550170289188       -1.3912139273077548     
  -3.4602255791709999       -1.4350291496768088     
  -3.3860077497446022       -1.4705392390694696     
  -3.3101680886696516       -1.4995783702822816     
  -3.2329956913902831       -1.5234990342093822     
  -3.1547230456076814       -1.5433039156935155     
  -3.0755409726530836       -1.5597414136469883     
  -2.9956093900425782       -1.5733737399769403     
  -2.9150651477586154       -1.5846251931236288     
  -2.8340278192186577       -1.5938163381767534     
  -2.7526040616150089       -1.6011881952049278     
  -2.6708909757335753       -1.6069192920727440     
  -2.5889787697085920       -1.6111375360339357     
  -2.5069529468153351       -1.6139282163984141     
  -2.4248961818947068       -1.6153389893934098     
  -2.3428900160408532       -1.6153823535720524     
  -2.2610164795700913       -1.6140358511478037     
  -2.1793597461767216       -1.6112399885076638     
  -2.0980079256275150       -1.6068936231368580     
  -2.0170551191921540       -1.6008462779995343     
  -1.9366038940607140       -1.5928864743409106     
  -1.8567683855813091       -1.5827246613981805     
  -1.7776783180720557       -1.5699685843081979     
  -1.6994843600359610       -1.5540878543359393     
  -1.6223654186844163       -1.5343629158245156     
  -1.5465387616689812       -1.5098113741728629     
  -1.4722742696378188       -1.4790816852775572     
  -1.3999147098106530       -1.4403008984479879     
  -1.3299046760409612       -1.3908614211609649     
  -1.2628315977694131       -1.3271379208054634     
  -1.1994823103214294       -1.2441567094373167     
  -1.1409161452114314       -1.1353356371966810     
  -1.0885457352018053      -0.99264006349128353     
  -1.0441917064223476      -0.80787802073706283     
  -1.0100328625149484      -0.57605887091280650     
 -0.98833650614271573      -0.30139670034533156     
 -0.98089237294404730        0.0000000000000000     
  -3.9519008127572484        0.0000000000000000     
  -3.9445633856349760      -0.28221011356917458     
  -3.9231387219691727      -0.54159900850125442     
  -3.8892930831224839      -0.76394049943485176     
  -3.8451762912319456      -0.94464771303473416     
  -3.7929009423392639       -1.0871894255797119     
  -3.7342714161010626       -1.1982233508862594     
  -3.6707145335615081       -1.2846664114296646     
  -3.6033164622419531       -1.3524065972045274     
  -3.5328929046638051       -1.4060253031347265     
  -3.4600573377736565       -1.4489418524057505     
  -3.3852760141522222       -1.4836651213148777     
  -3.3089089339612978       -1.5120289033539889     
  -3.2312393309477203       -1.5353778256252457     
  -3.1524946305844463       -1.5547043604612309     
  -3.0728613440168830       -1.5707467464174960     
  -2.9924957284946085       -1.5840581079702651     
  -2.9115315100753296       -1.5950550803262751     
  -2.8300855675840029       -1.6040520344821154     
  -2.7482621985160227       -1.6112851858557649     
  -2.6661563975440403       -1.6169295313988334     
  -2.5838564503488959       -1.6211106116022402     
  -2.5014460603132376       -1.6239124287296280     
  -2.4190061699026018       -1.6253823807396899     
  -2.3366166036022098       -1.6255337229960776     
  -2.2543576396861074       -1.6243457952536666     
  -2.1723116109258704       -1.6217620090803120     
  -2.0905646386180923       -1.6176853448315283     
  -2.0092086208599644       -1.6119708201546317     
  -1.9283436276805239       -1.6044140184650235     
  -1.8480809078876224       -1.5947342440869166     
  -1.7685467944376774       -1.5825501122282821     
  -1.6898879212955658       -1.5673442585972259     
  -1.6122783575207387       -1.5484121865648315     
  -1.5359295569197797       -1.5247878390819247     
  -1.4611044598031917       -1.4951351112207265     
  -1.3881377195133362       -1.4575904016997074     
  -1.3174648859581179       -1.4095380405009599     
  -1.2496643432451835       -1.3473039202112207     
  -1.1855162674200379       -1.2657803211680867     
  -1.1260809046580429       -1.1580896384831911     
  -1.0727891408166821       -1.0156383869070829     
  -1.0275121601359609      -0.82935629009621736     
 -0.99252640143192017      -0.59324801257876680     
 -0.97024036800367308      -0.31110610489663804     
 -0.96258152302214062        0.0000000000000000     
  -3.9567769022618977        0.0000000000000000     
  -3.9492744192062208      -0.28879926266498218     
  -3.9273924336039814      -0.55338004982941902     
  -3.8928948795729492      -0.77887093014896769     
  -3.8480359192336011      -0.96088293860075102     
  -3.7950046954652690       -1.1034929722819276     
  -3.7356487265526894       -1.2139313899273472     
  -3.6714131997109356       -1.2995027590519901     
  -3.6033882698093547       -1.3663127944402982     
  -3.5323866755850899       -1.4190489346406392     
  -3.4590162387812176       -1.4611740446991670     
  -3.3837369926849235       -1.4952089747099642     
  -3.3069030861448780       -1.5229850041175528     
  -3.2287925989360957       -1.5458385065003013     
  -3.1496285504552750       -1.5647521871659877     
  -3.0695937286913777       -1.5804549098209661     
  -2.9888412475436477       -1.5934915789960553     
  -2.9075021624590542       -1.6042719888768111     
  -2.8256910567331817       -1.6131050357968695     
  -2.7435102229099102       -1.6202227253110315     
  -2.6610528695055615       -1.6257969890509181     
  -2.5784056537112012       -1.6299513397628302     
  -2.4956507550454434       -1.6327687097085211     
  -2.4128676491683425       -1.6342963374947534     
  -2.3301347061899005       -1.6345482177469330     
  -2.2475307182693145       -1.6335053526363907     
  -2.1651364540894598       -1.6311138021863163     
  -2.0830363418920248       -1.6272802846783794     
  -2.0013203990011497       -1.6218647911707318     
  -1.9200865570202068       -1.6146693023836471     
  -1.8394435836890455       -1.6054211676924210     
  -1.7595148840855650       -1.5937489309842177     
  -1.6804435905102424       -1.5791472274831058     
  -1.6023995456437334       -1.5609256284609321     
  -1.5255890833927039       -1.5381337103701382     
  -1.4502689679404057       -1.5094509005355770     
  -1.3767665287673612       -1.4730248140610667     
  -1.3055089786881726       -1.4262371203216579     
  -1.2370660524990531       -1.3653768993931312     
  -1.1722109271881342       -1.2852253011311661     
  -1.1120029914564684       -1.1786476836548050     
  -1.0578872610962025       -1.0365453722048021     
  -1.0117783027641325      -0.84902351708853729     
 -0.97604049516664493      -0.60910184625290187     
 -0.95321389072192952      -0.32010942435343137     
 -0.94535733072994665        0.0000000000000000     
  -3.9602179424338306        0.0000000000000000     
  -3.9525660332982562      -0.29475141896951801     
  -3.9302711672692698      -0.56398328196876890     
  -3.8951879211732914      -0.79224221333251754     
  -3.8496657933063156      -0.97535004559567007     
  -3.7959623531384925       -1.1179597146672893     
  -3.7359625697484073       -1.2278263383414927     
  -3.6711268163395521       -1.3125999105100572     
  -3.6025479000105394       -1.3785748449908861     
  -3.5310353708217632       -1.4305275459471947     
  -3.4571917397004963       -1.4719555412658669     
  -3.3814714050174897       -1.5053876627673122     
  -3.3042233113260844       -1.5326513418417460     
  -3.2257210086419574       -1.5550746971087401     
  -3.1461836766608329       -1.5736312636330028     
  -3.0657908794106423       -1.5890413386889579     
  -2.9846930222009265       -1.6018424335390260     
  -2.9030188679488749       -1.6124382561226831     
  -2.8208810350976314       -1.6211328740544584     
  -2.7383801037147419       -1.6281546094949153     
  -2.6556077589384541       -1.6336727368283317     
  -2.5726492702148178       -1.6378090361665316     
  -2.4895855188156339       -1.6406455578015329     
  -2.4064947304202051       -1.6422294663319064     
  -2.3234540347894734       -1.6425754802539356     
  -2.2405409550961166       -1.6416661471031924     
  -2.1578349222292488       -1.6394499527365458     
  -2.0754189133278382       -1.6358370184602102     
  -1.9933813297311389       -1.6306918526961012     
  -1.9118182603498497       -1.6238222468521457     
  -1.8308363277454869       -1.6149628716317312     
  -1.7505563954709618       -1.6037513421500040     
  -1.6711185419584795       -1.5896933294753222     
  -1.5926889030803135       -1.5721114822893840     
  -1.5154692907123173       -1.5500701779643666     
  -1.4397109649743818       -1.5222640918408135     
  -1.3657346491776641       -1.4868530973918215     
  -1.2939599027789974       -1.4412200420140560     
  -1.2249482830145186       -1.3816264240750349     
  -1.1594658767191048       -1.3027609509622904     
  -1.0985699521458618       -1.1972649495434311     
  -1.0437163501266804       -1.0555835260712283     
 -0.99685686782373517      -0.86705117263300158     
 -0.96043500396080284      -0.62373088366198004     
 -0.93711300510465578      -0.32845863575528622     
 -0.92907448256756620        0.0000000000000000     
  -3.9623801108113739        0.0000000000000000     
  -3.9545930458288954      -0.30012352149156146     
  -3.9319256556937709      -0.57352160594358081     
  -3.8963162799077642      -0.80421725743473282     
  -3.8502012829755552      -0.98824911823389583     
  -3.7958993555384266       -1.1308111213209839     
  -3.7353280354582625       -1.2401371185210055     
  -3.6699603021194647       -1.3241844614808693     
  -3.6008906374090843       -1.3894113044924650     
  -3.5289253429210468       -1.4406689495713054     
  -3.4546620034534592       -1.4814826184319287     
  -3.3785499370049150       -1.5143862200978144     
  -3.3009334669726687       -1.5412025611720714     
  -3.2220821611104831       -1.5632517479670685     
  -3.1422118476154259       -1.5814988132093748     
  -3.0614992916105006       -1.5966562786129532     
  -2.9800925566562357       -1.6092550309590887     
  -2.8981184299490605       -1.6196933752331046     
  -2.8156878406850958       -1.6282711255300424     
  -2.7328998992158100       -1.6352133842613696     
  -2.6498449847304908       -1.6406871252410828     
  -2.5666071776735682       -1.6448126525588769     
  -2.4832662470374198       -1.6476712975090662     
  -2.3998993470830947       -1.6493102245584070     
  -2.3165825434330198       -1.6497448628938087     
  -2.2333922690952841       -1.6489592044332528     
  -2.1504068037061814       -1.6469039684120961     
  -2.0677078730544638       -1.6434923887569526     
  -1.9853824815830245       -1.6385930939801532     
  -1.9035251209346018       -1.6320191716959376     
  -1.8222405483378725       -1.6235119729424017     
  -1.7416474093507714       -1.6127174134361122     
  -1.6618831059996224       -1.5991513136635500     
  -1.5831105091195989       -1.5821484500328140     
  -1.5055274228683662       -1.5607871220389615     
  -1.4293801910530388       -1.5337767440191650     
  -1.3549835745813366       -1.4992899274582472     
  -1.2827501216641108       -1.4547133784425896     
  -1.2132337135932276       -1.3962881220306607     
  -1.1471934198463472       -1.3186256383343125     
  -1.0856835054295400       -1.2141714007127911     
  -1.0301679938152801       -1.0729583673821261     
 -0.98263066100266527      -0.88360272501530779     
 -0.94558617833663039      -0.63724437229914932     
 -0.92181008161420697      -0.33620680315419776     
 -0.91360409208286186        0.0000000000000000     
  -3.9634006629319511        0.0000000000000000     
  -3.9554914040009770      -0.30497003466673867     
  -3.9324879679912002      -0.58210114872337315     
  -3.8964058413535683      -0.81494591022713525     
  -3.8497603794312139      -0.99976045655211854     
  -3.7949248627014409       -1.1422434166178181     
  -3.7338452159168516       -1.2510639859735651     
  -3.6680049314303380       -1.3344528490289638     
  -3.5984994576570939       -1.3990105060379781     
  -3.5261318973404410       -1.4496515647805075     
  -3.4514953057205182       -1.4899234642256809     
  -3.3750344354020734       -1.5223630922761286     
  -3.2970895094627237       -1.5487882386674918     
  -3.2179265918979243       -1.5705113859503992     
  -3.1377585800555789       -1.5884897523951278     
  -3.0567598026982785       -1.6034288343223473     
  -2.9750762921713445       -1.6158535976043158     
  -2.8928331265897778       -1.6261575571921918     
  -2.8101397768374059       -1.6346367830569843     
  -2.7270940862748589       -1.6415135649591577     
  -2.6437853092538597       -1.6469528875188062     
  -2.5602965024618398       -1.6510738019932800     
  -2.4767064770453668       -1.6539570621753106     
  -2.3930914640295082       -1.6556498966925079     
  -2.3095266110979238       -1.6561684345452776     
  -2.2260874094962007       -1.6554980253633214     
  -2.1428511425229027       -1.6535914559678480     
  -2.0598984506978670       -1.6503648219211029     
  -1.9773151240380806       -1.6456905270572595     
  -1.8951942618046753       -1.6393865062198267     
  -1.8136389902477452       -1.6312002269594279     
  -1.7327660089828920       -1.6207852198934689     
  -1.6527103627446502       -1.6076666521453524     
  -1.5736320334700140       -1.5911905416130829     
  -1.4957252597030748       -1.5704482371949970     
  -1.4192319809784131       -1.5441632618100583     
  -1.3444615680617416       -1.5105210694650408     
  -1.2718201489607759       -1.4669140618789587     
  -1.2018544306818211       -1.4095682574546244     
  -1.1353166412622151       -1.3330302840255284     
  -1.0732574403240551       -1.2295737107938132     
  -1.0171469236230217       -1.0888585848109620     
 -0.96899637525567683      -0.89883240941569831     
 -0.93138453186412062      -0.64974861337761747     
 -0.90719186550871600      -0.34340695094493290     
 -0.89883166028100070        0.0000000000000000     
  -3.9634001575320910        0.0000000000000000     
  -3.9553804243039412      -0.30934239514453438     
  -3.9320737808310038      -0.58982065789610083     
  -3.8955665889758997      -0.82456501974617857     
  -3.8484459417544685       -1.0100458169392281     
  -3.7931338988645247       -1.1524300900976472     
  -3.7316011937185274       -1.2607820641338074     
  -3.6653401315673837       -1.3435755436397090     
  -3.5954466205822002       -1.4075350681631653     
  -3.5227206840025302       -1.4576289874478998     
  -3.4477512378230504       -1.4974226461814031     
  -3.3709789404378139       -1.5294544089903161     
  -3.2927403768718126       -1.5555369181234944     
  -3.2132985246316568       -1.5769755004341763     
  -3.1328637127376604       -1.5947202356213339     
  -3.0516081434041635       -1.6094702919010617     
  -2.9696760814558862       -1.6217453511706073     
  -2.8871911212618904       -1.6319346846052889     
  -2.8042614698412138       -1.6403310675693106     
  -2.7209838737863570       -1.6471543340534622     
  -2.6374466143747357       -1.6525677512273045     
  -2.5537318628037102       -1.6566893118481574     
  -2.4699176014716455       -1.6595993154229940     
  -2.3860792619729900       -1.6613451111169049     
  -2.3022911961802803       -1.6619435192425045     
  -2.2186280775636056       -1.6613811732903694     
  -2.1351663225758446       -1.6596127854595391     
  -2.0519856254124123       -1.6565570968423080     
  -1.9691707145157238       -1.6520899885990021     
  -1.8868134687031604       -1.6460338528190346     
  -1.8050155803953654       -1.6381417805659442     
  -1.7238920328786760       -1.6280743122262187     
  -1.6435757841015453       -1.6153652432199628     
  -1.5642242477967518       -1.5993710217854620     
  -1.4860284767899978       -1.5791952119437080     
  -1.4092264511663959       -1.5535747631035426     
  -1.3341226568229039       -1.5207078343425520     
  -1.2611173377830232       -1.4779937502676210     
  -1.1907505096395792       -1.4216477237468217     
  -1.1237677948907550       -1.3461615941724416     
  -1.0612158501947972       -1.2436573176455217     
  -1.0045691577745621       -1.1034566656971911     
 -0.95586270991236533      -0.91288461509162044     
 -0.91773299116955576      -0.66134580171555535     
 -0.89315767039139859      -0.35011121514232962     
 -0.88465528803445026        0.0000000000000000     
  -3.9624844145455049        0.0000000000000000     
  -3.9543647597901157      -0.31328868307296709     
  -3.9307843621777292      -0.59677126356601662     
  -3.8938945833997942      -0.83319884962012691     
  -3.8463476265947825       -1.0192498284931162     
  -3.7906091815172758       -1.1615243095405980     
  -3.7286717299181644       -1.2694445115557160     
  -3.6620350070304628       -1.3517006633491306     
  -3.5917950240270642       -1.4151256925994968     
  -3.5187488857306191       -1.4647337861827465     
  -3.4434817418121950       -1.5041047925966167     
  -3.3664305830285932       -1.5357774905994044     
  -3.2879287648049895       -1.5615594181948105     
  -3.2082365415346374       -1.5827492496993534     
  -3.1275619865175854       -1.6002905709516166     
  -3.0460754406838770       -1.6148768611967470     
  -2.9639196259216591       -1.6270230904276468     
  -2.8812168440005133       -1.6371147708184908     
  -2.7980742025208185       -1.6454417788873839     
  -2.7145874949412971       -1.6522218054236217     
  -2.6308441573135442       -1.6576166374578780     
  -2.5469255916909272       -1.6617433787587326     
  -2.4629090602735317       -1.6646819822548053     
  -2.3788692992812286       -1.6664799675502697     
  -2.2948799674048557       -1.6671548402336553     
  -2.2110150245381250       -1.6666944553244940     
  -2.1273501291463872       -1.6650553291377654     
  -2.0439641459706488       -1.6621586631173979     
  -1.9609408705603242       -1.6578835593369134     
  -1.8783711062281154       -1.6520565300668528     
  -1.7963552780636460       -1.6444358613653951     
  -1.7150068474329860       -1.6346885732951106     
  -1.6344569153231017       -1.6223564532488670     
  -1.5548606010038366       -1.6068056485446649     
  -1.4764060979308551       -1.5871511617995424     
  -1.3993278122867010       -1.5621426815886268     
  -1.3239257888334142       -1.5299907871780472     
  -1.2505948687360775       -1.4881025176594442     
  -1.1798688288946115       -1.4326855088084371     
  -1.1124869518558476       -1.3581850005358387     
  -1.0494916404776489       -1.2565884871215460     
 -0.99236041459218449       -1.1169098219334368     
 -0.94314874695979789      -0.92589373036435318     
 -0.90454528314130711      -0.67213328812095718     
 -0.87961779366097304      -0.35637023319428079     
 -0.87098410495857748        0.0000000000000000     
  -3.9607462381199454        0.0000000000000000     
  -3.9525361280220728      -0.31685346782516915     
  -3.9287083045695210      -0.60303651008241987     
  -3.8914736791052911      -0.84095972514659800     
  -3.8435435493369670       -1.0275014757802976     
  -3.7874226866837195       -1.1696611797232885     
  -3.7251227039255457       -1.2771853303009022     
  -3.6581496391569619       -1.3589570800834745     
  -3.5875993608657271       -1.4219043670100207     
  -3.5142662387618637       -1.4710806668917240     
  -3.4387320053347947       -1.5100776409799994     
  -3.3614303669026402       -1.5414337426616169     
  -3.2826918090293042       -1.5669515607216475     
  -3.2027741791848525       -1.5879236258801082     
  -3.1218835647226535       -1.6052876328727492     
  -3.0401886728392782       -1.6197319519307709     
  -2.9578308742846109       -1.6317673521242548     
  -2.8749313409261568       -1.6417760154318928     
  -2.7915962205679938       -1.6500452674593322     
  -2.7079204752646060       -1.6567909295515404     
  -2.6239908040520996       -1.6621735160302304     
  -2.5398879382272654       -1.6663093899140773     
  -2.4556885115339311       -1.6692782521528160     
  -2.3714666527313559       -1.6711278374635057     
  -2.2872954140225774       -1.6718763332177835     
  -2.2032481297420232       -1.6715127640590350     
  -2.1193997923299657       -1.6699953478176541     
  -2.0358285358314503       -1.6672475885958418     
  -1.9526173316987274       -1.6631515900258991     
  -1.8698560303846583       -1.6575376949011256     
  -1.7876439307181577       -1.6501690141423702     
  -1.7060931371740864       -1.6407185865757639     
  -1.6253330893906537       -1.6287356331550733     
  -1.5455168460303523       -1.6135953495128981     
  -1.4668300214102059       -1.5944234688028980     
  -1.3895037812761659       -1.5699817567673853     
  -1.3138341171467642       -1.5384928473271544     
  -1.2402108951453070       -1.4973719792873390     
  -1.1691620696986464       -1.4428216945275691     
  -1.1014208576610831       -1.3692473039030295     
  -1.0380252603114735       -1.2685163100140369     
 -0.98045475240008251       -1.1293610891533206     
 -0.93078254508909208      -0.93798431952974726     
 -0.89174452537096771      -0.68220317766155514     
 -0.86649212302546075      -0.36223273417765645     
 -0.85773688483724742        0.0000000000000000     
  -3.9582669324823798        0.0000000000000000     
  -3.9499748285347005      -0.32007778532118791     
  -3.9259230397287905      -0.60869257903371010     
  -3.8883770145250116      -0.84794881814904921     
  -3.8401017165844893       -1.0349155752839678     
  -3.7836369921524482       -1.1769598184563761     
  -3.7210113461198571       -1.2841218388341431     
  -3.6537361987979522       -1.3654570857832609     
  -3.5829071120085021       -1.4279770706566151     
  -3.5093159124528461       -1.4767691205831766     
  -3.4335412375821628       -1.5154345750073364     
  -3.3560138514980471       -1.5465110587510900     
  -3.2770616859800366       -1.5717964344666790     
  -3.1969404565840049       -1.5925775852172059     
  -3.1158544977207745       -1.6097868701333806     
  -3.0339710783983351       -1.6241080727769834     
  -2.9514303824337951       -1.6360482157681815     
  -2.8683525906971821       -1.6459865293791889     
  -2.7848430101572599       -1.6542080939343773     
  -2.7009958750284753       -1.6609271011621665     
  -2.6168972393003465       -1.6663029742827888     
  -2.5326272470765434       -1.6704514655881737     
  -2.4482619815294262       -1.6734521076167359     
  -2.3638750385708294       -1.6753528907182347     
  -2.2795389374787760       -1.6761726831673800     
  -2.1953264617028898       -1.6759016368290449     
  -2.1113120156728247       -1.6744995851769695     
  -2.0275730865171444       -1.6718922017957059     
  -1.9441919138997397       -1.6679644055986234     
  -1.8612574995149802       -1.6625501227805446     
  -1.7788681357642748       -1.6554169717713425     
  -1.6971347105944912       -1.6462436126513205     
  -1.6161851689930744       -1.6345862145500250     
  -1.5361707088658119       -1.6198284492567250     
  -1.4572746058399921       -1.6011061460796996     
  -1.3797250730041313       -1.5771925308097461     
  -1.3038143862378890       -1.5463218929154452     
  -1.2299278140435446       -1.5059179457818228     
  -1.1585878650672510       -1.4521800516253185     
  -1.0905219590510560       -1.3794790336887846     
  -1.0267636181062161       -1.2795745900063855     
 -0.96879339846191315       -1.1409405131707639     
 -0.91869991830248210      -0.94927153420938504     
 -0.87926199090570256      -0.69164219035134156     
 -0.85370890783490350      -0.36774529423372293     
 -0.84484082219307355        0.0000000000000000     
  -3.9551176348903718        0.0000000000000000     
  -3.9467510749004742      -0.32299921157484235     
  -3.9224961619691001      -0.61380864190016426     
  -3.8846683061428449      -0.85425700358085743     
  -3.8360812631228036       -1.0415941989913686     
  -3.7793064326738892       -1.1835252406313521     
  -3.7163872959860647       -1.2903568394040741     
  -3.6488399018897848       -1.3712986797280251     
  -3.5777594012109062       -1.4334360651661269     
  -3.5039352695054293       -1.4818856473595550     
  -3.4279433431977262       -1.5202567458455616     
  -3.3502117484117000       -1.5510858256833382     
  -3.2710661403473682       -1.5761662838916417     
  -3.1907603417766794       -1.5967798271309099     
  -3.1094971355776573       -1.6138539854915965     
  -3.0274425208787390       -1.6280684236465466     
  -2.9447356354562100       -1.6399268206737934     
  -2.8614957880923311       -1.6498057886657602     
  -2.7778275465892275       -1.6579884310445816     
  -2.6938245057291281       -1.6646875201825082     
  -2.6095721529033455       -1.6700615475046054     
  -2.5251501162645789       -1.6742257690495250     
  -2.4406339947914457       -1.6772596232637835     
  -2.3560969151206153       -1.6792113934171893     
  -2.2716109262660087       -1.6801006304982400     
  -2.1872483243820282       -1.6799185799097049     
  -2.1030829923007395       -1.6786266199746531     
  -2.0191918415336358       -1.6761524825708802     
  -1.9356564584974547       -1.6723837452637369     
  -1.8525650846996164       -1.6671577087505405     
  -1.7700151080962159       -1.6602462293814455     
  -1.6881163196401558       -1.6513332489273962     
  -1.6069953118047611       -1.6399814672421231     
  -1.5268015924833944       -1.6255825354946762     
  -1.4477163046619346       -1.6072818200487407     
  -1.3699649564749694       -1.5838634467165418     
  -1.2938364006863241       -1.5535729607454054     
  -1.2197116386550069       -1.5138426859118350     
  -1.1481080695408605       -1.4608702868249659     
  -1.0797475692789322       -1.3889965459356295     
  -1.0156591487710174       -1.2898836021284721     
 -0.95732373592791509       -1.1517663653392003     
 -0.90684337103578083      -0.95986168512269399     
 -0.86703602256152068      -0.70053172351895399     
 -0.84120367272326080      -0.37295222612197615     
 -0.83223044823093051        0.0000000000000000     
  -3.9513604868976380        0.0000000000000000     
  -3.9429261633212764      -0.32565200389755722     
  -3.9184865841942118      -0.61844729475159488     
  -3.8804029726860154      -0.85996574020245420     
  -3.8315335210935304       -1.0476280171471573     
  -3.7744780950519119       -1.1894500526282588     
  -3.7112935123185244       -1.2959805120674974     
  -3.6434998318600438       -1.3765675318905930     
  -3.5721917323158876       -1.4383618389380428     
  -3.4981565237995937       -1.4865056314590044     
  -3.4219675077938367       -1.5246148542430948     
  -3.3440504419278798       -1.5552246054494945     
  -3.2647289475737944       -1.5801240932184513     
  -3.1842551626136113       -1.6005902877154723     
  -3.1028304926162229       -1.6175463481135259     
  -3.0206198118974181       -1.6316682371955844     
  -2.9377613333113044       -1.6434566468213547     
  -2.8543735955817837       -1.6532858644658088     
  -2.7705605144653864       -1.6614372522918031     
  -2.6864151210025264       -1.6681223478655167     
  -2.6020224031111967       -1.6734988508953068     
  -2.5174615339289845       -1.6776816223840101     
  -2.4328076849999181       -1.6807500732958909     
  -2.3481335680305024       -1.6827528146814235     
  -2.2635108153178360       -1.6837100848179578     
  -2.1790112900372804       -1.6836141970315279     
  -2.0947084101194666       -1.6824280173888708     
  -2.0106785722884779       -1.6800812446983642     
  -1.9270027766808269       -1.6764639852533292     
  -1.8437685800978594       -1.6714167398556181     
  -1.7610725529349460       -1.6647153764686202     
  -1.6790234909949187       -1.6560488319760023     
  -1.5977467554035587       -1.6449859824369641     
  -1.5173903097666348       -1.6309260331584765     
  -1.4381333406403078       -1.6130234032286010     
  -1.3601988637157629       -1.5900726226558466     
  -1.2838725608369368       -1.5603301149975888     
  -1.2095314533762023       -1.5212368642286529     
  -1.1376881273887307       -1.4689899934170634     
  -1.0690591467957036       -1.3979038859347783     
  -1.0046690063658357       -1.2995517154074632     
 -0.94599842303584025       -1.1619463487865107     
 -0.89516116602037021      -0.96985291919259997     
 -0.85501107550770039      -0.70894806683073608     
 -0.82891825410023456      -0.37789557616765157     
 -0.81984666732673728        0.0000000000000000     
  -3.9470496625877192        0.0000000000000000     
  -3.9385534969563993      -0.32806728709058131     
  -3.9139455471427187      -0.62266503923973127     
  -3.8756291117055826      -0.86514794253556648     
  -3.8265029446538672       -1.0530975452212152     
  -3.7691926761973744       -1.1948159663561151     
  -3.7057670571619257       -1.3010720669208951     
  -3.6377496482807019       -1.3813386698315486     
  -3.5662346256372426       -1.4428247620484351     
  -3.4920073097334354       -1.4906949282555533     
  -3.4156387063033833       -1.5285706542489943     
  -3.3375524424481018       -1.5589855527872987     
  -3.2580703180151418       -1.5837249217106577     
  -3.1774429666961947       -1.6040613997857691     
  -3.0958705675416089       -1.6209141869011543     
  -3.0135169952304328       -1.6349559143113259     
  -2.9305196419803736       -1.6466846011065190     
  -2.8469963641736551       -1.6564724683257295     
  -2.7630505003444576       -1.6645993438338718     
  -2.6787745827549725       -1.6712756925780885     
  -2.5942531574385419       -1.6766585460823917     
  -2.5095649947824668       -1.6808624602658437     
  -2.4247848875667497       -1.6839668788471125     
  -2.3399851791533361       -1.6860207737886843     
  -2.2552371310027870       -1.6870450780799295     
  -2.1706122198198758       -1.6870331548893833     
  -2.0861834471389922       -1.6859493134394496     
  -2.0020267468867026       -1.6837251461181144     
  -1.9182225900939769       -1.6802531822203071     
  -1.8348579132337974       -1.6753769795245033     
  -1.7520285431800966       -1.6688762306990226     
  -1.6698423673204692       -1.6604446297084570     
  -1.5884236186030638       -1.6496569326068715     
  -1.5079188404673185       -1.6359195410343488     
  -1.4285054132811876       -1.6183955154756096     
  -1.3504040418334957       -1.5958893623938333     
  -1.2738974531854179       -1.5666680443473475     
  -1.1993589361211181       -1.5281812088299989     
  -1.1272965213538364       -1.4766263502066501     
  -1.0584216671813620       -1.4062944427087871     
 -0.99375436067289358       -1.3086768822390231     
 -0.93477462305581582       -1.1715787721111359     
 -0.88360650462923629      -0.97933596207005147     
 -0.84313686970151924      -0.71696273142070011     
 -0.81679994253423627      -0.38261520649193920     
 -0.80763589762829158        0.0000000000000000     
  -3.9422322701911510        0.0000000000000000     
  -3.9336794828359434      -0.33027326727179585     
  -3.9089174998166021      -0.62651278360371221     
  -3.8703883476211343      -0.86986882225168904     
  -3.8210279097153079       -1.0580742888527905     
  -3.7634852232973026       -1.1996951461233778     
  -3.6998397713116686       -1.3057011843229192     
  -3.6316181976592565       -1.3856779302071105     
  -3.5599141671645316       -1.4468864988650731     
  -3.4855111745134919       -1.4945112125018158     
  -3.4089781435092172       -1.5321782276866196     
  -3.3307367802917609       -1.5624196156096037     
  -3.2511072486262216       -1.5870170345648360     
  -3.1703388350252282       -1.6072391610735577     
  -3.0886306225738949       -1.6240016035578184     
  -3.0061455944182138       -1.6379739896312080     
  -2.9230204120442940       -1.6496519426271687     
  -2.8393723250238505       -1.6594058440633890     
  -2.7553041590490959       -1.6675141693604350     
  -2.6709080034759540       -1.6741864536396747     
  -2.5862680119696440       -1.6795791695439550     
  -2.5014625970978024       -1.6838066483216323     
  -2.4165662147073772       -1.6869484214666124     
  -2.3316508798391906       -1.6890538538724309     
  -2.2467875225100227       -1.6901445836069324     
  -2.1620472728498408       -1.6902150127050808     
  -2.0775027575558704       -1.6892308605152961     
  -1.9932294922384184       -1.6871255561329324     
  -1.9093074676630024       -1.6837939682066621     
  -1.8258230548782675       -1.6790825969151078     
  -1.7428714002830947       -1.6727748087716670     
  -1.6605595566074824       -1.6645688614161360     
  -1.5790107162652203       -1.6540451487776189     
  -1.4983701079071212       -1.6406169745813424     
  -1.4188134332578262       -1.6234556999700303     
  -1.3405592404122009       -1.6013754499491899     
  -1.2638874855103650       -1.5726534358871582     
  -1.1891679357571077       -1.5347479552916692     
  -1.1169042873978419       -1.4838576081865054     
  -1.0478030718156330       -1.4142524219840491     
 -0.98287977989108710       -1.3173480026478988     
 -0.92361332688035480       -1.1807536778751979     
 -0.87213680234233371      -0.98839489822557436     
 -0.83136763612625175      -0.72464286369360931     
 -0.80480071611948423      -0.38714894468347438     
 -0.79554930128712342        0.0000000000000000     
  -3.9369491415301310        0.0000000000000000     
  -3.9283443161349116      -0.33229546020845757     
  -3.9034408666694480      -0.63003634490797833     
  -3.8647165675612820      -0.87418668558002099     
  -3.8151414052945372       -1.0626217865401346     
  -3.7573857720695267       -1.2041514030813156     
  -3.6935388561174349       -1.3099292702658438     
  -3.6251300394697861       -1.3896432101274228     
  -3.5532524818816515       -1.4506012175489658     
  -3.4786880028934761       -1.4980051282169307     
  -3.4020036345845259       -1.5354850689864297     
  -3.3236193462233352       -1.5655715561779888     
  -3.2438538272584134       -1.5900428653190595     
  -3.1629551533806981       -1.6101640441326683     
  -3.0811214247493299       -1.6268474366671342     
  -2.9985148263857475       -1.6407599563401909     
  -2.9152713666205572       -1.6523950743921210     
  -2.8315077533313380       -1.6621215321590841     
  -2.7473263548435241       -1.6702166125060025     
  -2.6628188657383580       -1.6768890467087905     
  -2.5780690899643961       -1.6822948456321385     
  -2.4931551209663216       -1.6865481882311186     
  -2.4081511136762113       -1.6897287445876132     
  -2.3231287892585404       -1.6918863039953969     
  -2.2381587801600786       -1.6930432230149550     
  -2.1533119042004234       -1.6931949383463654     
  -2.0686604488751366       -1.6923085572084446     
  -1.9842795495450603       -1.6903193037544000     
  -1.9002487584153493       -1.6871243226544603     
  -1.8166539278839529       -1.6825729681637980     
  -1.7335895774590364       -1.6764521629815750     
  -1.6511619877612147       -1.6684645763057642     
  -1.5694933848442891       -1.6581960482282743     
  -1.4887277716025662       -1.6450665502080419     
  -1.4090392787354893       -1.6282554713685755     
  -1.3306444276392841       -1.6065862676485960     
  -1.2538205584391779       -1.5783461657468489     
  -1.1789340944781661       -1.5410021053171397     
  -1.1064845834342614       -1.4907543989414682     
  -1.0371737796015137       -1.4218541629418862     
 -0.97201268455388967       -1.3256461749305761     
 -0.91247875288914670       -1.1895539208367483     
 -0.86071304432632278      -0.99710797032669352     
 -0.81966144273934616      -0.73205172230061410     
 -0.79287655159830195      -0.39153278727447632     
 -0.78354209142781617        0.0000000000000000     
  -3.9312355219826318        0.0000000000000000     
  -3.9225826647460345      -0.33415692461556157     
  -3.8975487150630097      -0.63327693968456578     
  -3.8586445589788614      -0.87815367914213993     
  -3.8088716304437011       -1.0667965536322899     
  -3.7509198964546209       -1.2082412526760353     
  -3.6868873738357366       -1.3138105513979967     
  -3.6183058982784493       -1.3932855483239577     
  -3.5462681405663377       -1.4540166290849104     
  -3.4715543822792601       -1.5012212732572665     
  -3.3947299322288766       -1.5385330126060073     
  -3.3162131841114206       -1.5684808238663401     
  -3.2363214939598817       -1.5928398387394644     
  -3.1553018449692525       -1.6128717750943957     
  -3.0733514522207610       -1.6294860022074977     
  -2.9906317833341958       -1.6433469741183908     
  -2.9072782604560028       -1.6549462239594006     
  -2.8234071059516483       -1.6646510279276299     
  -2.7391202786308915       -1.6727376170531310     
  -2.6545091198143740       -1.6794140301855935     
  -2.5696571205214953       -1.6848359030780948     
  -2.4846420884480800       -1.6891173280445362     
  -2.3995379086663307       -1.6923381612668240     
  -2.3144160381437415       -1.6945486478508303     
  -2.2293468409124397       -1.6957718794503229     
  -2.1444008519257607       -1.6960043297621545     
  -2.0596500500346564       -1.6952144817695256     
  -1.9751692229075091       -1.6933393272479629     
  -1.8910375197516933       -1.6902782424374667     
  -1.8073403140704198       -1.6858833716945625     
  -1.7241715438736691       -1.6799451070959690     
  -1.6416367704820318       -1.6721704157460984     
  -1.5598573160127471       -1.6621504394179540     
  -1.4789760323023331       -1.6493116397333722     
  -1.3991655690575857       -1.6328412266747006     
  -1.3206405294238746       -1.6115717696614880     
  -1.2436757663493705       -1.5838003393898084     
  -1.1686345065311345       -1.5470025326309726     
  -1.0960123019370520       -1.4973808946489489     
  -1.0265062502042859       -1.4291693223411579     
 -0.96112286002553848       -1.3336458461624692     
 -0.90133781088503750       -1.1980561965799772     
 -0.84929920803213099       -1.0055483872145772     
 -0.80797958762986322      -0.73924920354708301     
 -0.78098680136832399      -0.39580114708603709     
 -0.77157290423869473        0.0000000000000000     
  -3.9251216720890305        0.0000000000000000     
  -3.9164242654513104      -0.33587849351540938     
  -3.8912693346817955      -0.63627165456673329     
  -3.8521985609903830      -0.88181648107051758     
  -3.8022425085584177       -1.0706489335359248     
  -3.7441091809193101       -1.2120148500581649     
  -3.6799046767202430       -1.3173930314331717     
  -3.6111630509729116       -1.3966500618375899     
  -3.5389765078515443       -1.4571748829982596     
  -3.4641239148002141       -1.5041990458561161     
  -3.3871690059209301       -1.5413590295630739     
  -3.3085287402870733       -1.5711823045998039     
  -3.2285192630226582       -1.5954410778775809     
  -3.1473865673849524       -1.6153940035420848     
  -3.0653270680176066       -1.6319477313983137     
  -2.9825015848790559       -1.6457644798165405     
  -2.8990450117511961       -1.6573340314644878     
  -2.8150731339778603       -1.6670223510585280     
  -2.7306875421524421       -1.6751047417713276     
  -2.6459792601693848       -1.6817886488688321     
  -2.5610314978773228       -1.6872294107674133     
  -2.4759218060337993       -1.6915410932243562     
  -2.3907238266501025       -1.6948037835236986     
  -2.3055087780872161       -1.6970682144215661     
  -2.2203467810652717       -1.6983582326020661     
  -2.1353081129692684       -1.6986713574699972     
  -2.0504644701865229       -1.6979774453607543     
  -1.9658903204919651       -1.6962152416512219     
  -1.8816644403402101       -1.6932863274341750     
  -1.7978717580033075       -1.6890455960436377     
  -1.7146056682511754       -1.6832868510356436     
  -1.6319710574010520       -1.6757212799519485     
  -1.5500883957421516       -1.6659452264431880     
  -1.4690994461068547       -1.6533915187747672     
  -1.3891754516314716       -1.6372550441136595     
  -1.3105291863781787       -1.6163773377457777     
  -1.2334331213763403       -1.5890652091786688     
  -1.1582474058564456       -1.5528029638209730     
  -1.0854637177234909       -1.5037958457677265     
  -1.0157745888938046       -1.4362619480511585     
 -0.95018201666548330       -1.3414158773243288     
 -0.89015961859654880       -1.2063320254208558     
 -0.83786174123295254       -1.0137851360412293     
 -0.79628604815730120      -0.74629240641254091     
 -0.76909362558062233      -0.39998713800890978     
 -0.75960322557247717        0.0000000000000000     
  -3.9186333905112432        0.0000000000000000     
  -3.9098944415244103      -0.33747899934808634     
  -3.8846267389871372      -0.63905389200464813     
  -3.8454007396272885      -0.88521693719518912     
  -3.7952741290116974       -1.0742238634928212     
  -3.7369716247116362       -1.2155168178497036     
  -3.6726067733175998       -1.3207193281737983     
  -3.6037156565614072       -1.3997767600813977     
  -3.5313900379925447       -1.4601133426284221     
  -3.4564074818194701       -1.5069733757110850     
  -3.3793302778768686       -1.5439959147763720     
  -3.3005740734091034       -1.5737069677151077     
  -3.2204539089062107       -1.5978760147825548     
  -3.1392148764319967       -1.6177588817566471     
  -3.0570526633206376       -1.6342597230376639     
  -2.9741275020732729       -1.6480387171265805     
  -2.8905738080034902       -1.6595840604832941     
  -2.8065069712795876       -1.6692605412136303     
  -2.7220282499274258       -1.6773426440010388     
  -2.6372283813569033       -1.6840373085102949     
  -2.5521903216748374       -1.6894996460834875     
  -2.4669913895831859       -1.6938437514598605     
  -2.3817050071670023       -1.6971499862482147     
  -2.2964021762481615       -1.6994696035585506     
  -2.2111527958412061       -1.7008272285698396     
  -2.1260269074777991       -1.7012214414270292     
  -2.0410959474730244       -1.7006234787765251     
  -1.9564340873768242       -1.6989738384050128     
  -1.8721197565067056       -1.6961762964231843     
  -1.7882374662465528       -1.6920884756828267     
  -1.7048801001320197       -1.6865075607785027     
  -1.6221519062845464       -1.6791489166229938     
  -1.5401725461594153       -1.6696140315370478     
  -1.4590827444080532       -1.6573420289424348     
  -1.3790523980690854       -1.6415353913074398     
  -1.3002925239266254       -1.6210445417461017     
  -1.2230732948938303       -1.5941859929384397     
  -1.1477518760163521       -1.5584528581523029     
  -1.0748161632339575       -1.5100535196674261     
  -1.0049541842805267       -1.4431914626813724     
 -0.93916338805897615       -1.3490205385966960     
 -0.87891506054393875       -1.2144486997847519     
 -0.82636908510187390       -1.0218837992067802     
 -0.78454697582767874      -0.75323623355523672     
 -0.75716146935213824      -0.40412289400473755     
 -0.74759686219924337        0.0000000000000000     
  -3.9117924667736714        0.0000000000000000     
  -3.9030145502711218      -0.33897548969170110     
  -3.8776410973593651      -0.64165378872348811     
  -3.8382695956428199      -0.88839264431339193     
  -3.7879831244651170       -1.0775615628416013     
  -3.7295219858408193       -1.2187869795873976     
  -3.6650066389704845       -1.3238274081288448     
  -3.5959750346872963       -1.4027012549969953     
  -3.5235185236283626       -1.4628652591271099     
  -3.4484134653639309       -1.5095753585575089     
  -3.3712208194622089       -1.5464728833940546     
  -3.2923550279342577       -1.5760824273462279     
  -3.2121301185678952       -1.6001709210695017     
  -3.1307903588485133       -1.6199915686242254     
  -3.0485307718673087       -1.6364462247183400     
  -2.9655110545666963       -1.6501931988110112     
  -2.8818651868060869       -1.6617192446445426     
  -2.7977081996651756       -1.6713880920317166     
  -2.7131410493611274       -1.6794735038448050     
  -2.6282542135312976       -1.6861819928107498     
  -2.5431304182292260       -1.6916685071183797     
  -2.4578467715908943       -1.6960472224144756     
  -2.3724764957431512       -1.6993988167390170     
  -2.2870903949886427       -1.7017750975669286     
  -2.2017581652138949       -1.7032014957935973     
  -2.1165496307020151       -1.7036776736789421     
  -2.0315359867894118       -1.7031762643326605     
  -1.9467911288644260       -1.7016395292193343     
  -1.8623931606694262       -1.6989734458924712     
  -1.7784262003674463       -1.6950383681248460     
  -1.6949826467498186       -1.6896348575020730     
  -1.6121661399148079       -1.6824824463304067     
  -1.5300955673652425       -1.6731877515799507     
  -1.4489106563457452       -1.6611961709082932     
  -1.3687800057101944       -1.6457177609073104     
  -1.2899129310159556       -1.6256118242488375     
  -1.2125773711971761       -1.5992046138689444     
  -1.1371275763162825       -1.5639982076006664     
  -1.0640477243332414       -1.5162045614333715     
 -0.99402137108531397       -1.4500135769623435     
 -0.92804135865604220       -1.3565204511546085     
 -0.86757638001970327       -1.2224702061223651     
 -0.81479123279379373       -1.0299073813762663     
 -0.77273022737435193      -0.76013402953658826     
 -0.74515657568426352      -0.40823992223541911     
 -0.73551944836541949        0.0000000000000000     
  -3.9046170710465362        0.0000000000000000     
  -3.8958023678124141      -0.34038343235614782     
  -3.8703291052908502      -0.64409860635270644     
  -3.8308203121528961      -0.89137748382048143     
  -3.7803829908126598       -1.0806981521108894     
  -3.7217720711932225       -1.2218610112284003     
  -3.6571144762558037       -1.3267512336346132     
  -3.5879498978502458       -1.4054553835078127     
  -3.5153693018014271       -1.4654603605325367     
  -3.4401479300569942       -1.5120328100770861     
  -3.3628455110225066       -1.5488160913010744     
  -3.2838753736082738       -1.5783334327780196     
  -3.2035506121325943       -1.6023493718433182     
  -3.1221147354402028       -1.6221146709262311     
  -3.0397621566260962       -1.6385290550168774     
  -2.9566520817159683       -1.6522491129510206     
  -2.8729180921317088       -1.6637602808696705     
  -2.7886748909426591       -1.6734253340692824     
  -2.7040231590699317       -1.6815173992063941     
  -2.6190531374215480       -1.6882426327640356     
  -2.5338473424438241       -1.6937558784643725     
  -2.4484826902551915       -1.6981714419893565     
  -2.3630322202459682       -1.7015703594320708     
  -2.2775665555733657       -1.7040050283954524     
  -2.1921552049388380       -1.7055017167424908     
  -2.1068677912696936       -1.7060611966825177     
  -2.0217752851329585       -1.7056575231025206     
  -1.9369513226547996       -1.7042347446757120     
  -1.8524736999930085       -1.7017010627717668     
  -1.7684261616205201       -1.6979195838275805     
  -1.6849006431727811       -1.6926942681124983     
  -1.6020002009737788       -1.6857488376853633     
  -1.5198429761755590       -1.6766950624526580     
  -1.4385677303219648       -1.6649846431609538     
  -1.3583418005879266       -1.6498352497164974     
  -1.2793728429355113       -1.6301151266323641     
  -1.2019266082754139       -1.6041603802988067     
  -1.1263544783124098       -1.5694822763315961     
  -1.0531369500790897       -1.5222967964357352     
 -0.98295311062380775       -1.4567811520931229     
 -0.91679111278315850       -1.3639734927053946     
 -0.85611679557196940       -1.2304581351555193     
 -0.80309931456799222       -1.0379171560820888     
 -0.76080492295528535      -0.76703826211264103     
 -0.73304652499659240      -0.41236949333363987     
 -0.72333797857687288        0.0000000000000000     
  -3.8971220871547385        0.0000000000000000     
  -3.8882724173097598      -0.34171690929353055     
  -3.8627042988246454      -0.64641309525060486     
  -3.8230650481633117      -0.89420211008175965     
  -3.7724843554701004       -1.0836662111021138     
  -3.7137309779874883       -1.2247710220932826     
  -3.6489379299511620       -1.3295213357653826     
  -3.5796465412854666       -1.4080677561277646     
  -3.5069474205611408       -1.4679253698595809     
  -3.4316147682963498       -1.5143707527501968     
  -3.3542071673455442       -1.5510490927088552     
  -3.2751369127164276       -1.5804822999357648     
  -3.1947162332191232       -1.6044326545757501     
  -3.1131879355682557       -1.6241486329290165     
  -3.0307458693531011       -1.6405279769058785     
  -2.9475487879629894       -1.6542256830904041     
  -2.8637299061544153       -1.6657259787766157     
  -2.7794036256936945       -1.6753907757257493     
  -2.6946703750189593       -1.6834926404052792     
  -2.6096201781592723       -1.6902374369674023     
  -2.5243353595797648       -1.6957799590576517     
  -2.4388926593718669       -1.7002346895193676     
  -2.3533649490210924       -1.7036830642319807     
  -2.2678226846070890       -1.7061781088971344     
  -2.1823352012882049       -1.7077469639559923     
  -2.0969719341531334       -1.7083915460773593     
  -2.0118036426731525       -1.7080873665145020     
  -1.9269037178185127       -1.7067802969630210     
  -1.8423496629856073       -1.7043808008292778     
  -1.7582248648014731       -1.7007547791658983     
  -1.6746208129435169       -1.6957096381043419     
  -1.5916399988758303       -1.6889733438669423     
  -1.5093998384088909       -1.6801628836738147     
  -1.4280381508301576       -1.6687363399248245     
  -1.3477210376781708       -1.6539190958345813     
  -1.2686545236181763       -1.6345884721530539     
  -1.1911022005113931       -1.6090906220964680     
  -1.1154126069528816       -1.5749462977504056     
  -1.0420625700623594       -1.5283759936913519     
 -0.97172668193963596       -1.4635450303264856     
 -0.90538829731167869       -1.3714356854032617     
 -0.84451013371329431       -1.2384725971267425     
 -0.79126520076782170       -1.0459735458217763     
 -0.74874102254663333      -0.77400125733050662     
 -0.72079979223453094      -0.41654307513593408     
 -0.71102035752250936        0.0000000000000000     
  -3.8893193939896542        0.0000000000000000     
  -3.8804362458053308      -0.34298879954748157     
  -3.8547773183560579      -0.64861983345336782     
  -3.8150131829154086      -0.89689439850553443     
  -3.7642951985933433       -1.0864952841925228     
  -3.7054052906721275       -1.2275460757523229     
  -3.6404822600817295       -1.3321653247642471     
  -3.5710689934854201       -1.4105642440733699     
  -3.4982557685873585       -1.4702844643109185     
  -3.4228158106025401       -1.5166118472189973     
  -3.3453066302158754       -1.5531932459040940     
  -3.2661395561355406       -1.5825492945422963     
  -3.1856260095894111       -1.6064401327987248     
  -3.1040081433200122       -1.6261120836706975     
  -3.0214792830553523       -1.6424610314442836     
  -2.9381977622310123       -1.6561404907816699     
  -2.8542964561073267       -1.6676335743679562     
  -2.7698894880270064       -1.6773014101843478     
  -2.6850770535239401       -1.6854160722249418     
  -2.5999489768108699       -1.6921831905236460     
  -2.5145874055373563       -1.6977575596523453     
  -2.4290689175267999       -1.7022538854389846     
  -2.3434662291049682       -1.7057540459971341     
  -2.2578496413251044       -1.7083117357885238     
  -2.1722883274266649       -1.7099550082009838     
  -2.0868515460862156       -1.7106869658764228     
  -2.0016098571114815       -1.7104846205574655     
  -1.9166364179414592       -1.7092957152765453     
  -1.8320084512047750       -1.7070330297479530     
  -1.7478089982144189       -1.7035653219428115     
  -1.6641291159192519       -1.6987035167603222     
  -1.5810707449871468       -1.6921799112955700     
  -1.4987505908642713       -1.6836168149245672     
  -1.4173055464171533       -1.6724788207417354     
  -1.3369004938843954       -1.6579991873892737     
  -1.2577398424616348       -1.6390645209763415     
  -1.1800850378871199       -1.6140313000225668     
  -1.1042817804148943       -1.5804301467761372     
  -1.0308032128170967       -1.5344866090877776     
 -0.96031937648700672       -1.4703548538345721     
 -0.89380869028345711       -1.3789620865679932     
 -0.83273046960154240       -1.2465731622002427     
 -0.77926111394649378       -1.0541370544922515     
 -0.73650891147800657      -0.78107600453476211     
 -0.70838531225666379      -0.42079281997070700     
 -0.69853495774960928        0.0000000000000000     
  -3.8812180995467451        0.0000000000000000     
  -3.8723026538770888      -0.34421095232937304     
  -3.8465561259013246      -0.65073954355266950     
  -3.8066715149342736      -0.89947985871948577     
  -3.7558210307537210       -1.0892123407598313     
  -3.6967992363362354       -1.2302126605994848     
  -3.6317504756114189       -1.3347083486847415     
  -3.5622191294147276       -1.4129684156112683     
  -3.4892951693920322       -1.4725596862396213     
  -3.4137509022383599       -1.5187767784752872     
  -3.3361428287422981       -1.5552680769239207     
  -3.2568813684866926       -1.5845529761222215     
  -3.1762771840735038       -1.6083895733972080     
  -3.0945718150004353       -1.6280221502816870     
  -3.0119580967108783       -1.6443448395950548     
  -2.9285939704234685       -1.6580097682100998     
  -2.8446119950158453       -1.6694990154902303     
  -2.7601260349215395       -1.6791729955170114     
  -2.6752360695113393       -1.6873033504055219     
  -2.5900317378022009       -1.6940955295364930     
  -2.5045950236402894       -1.6997043768342077     
  -2.4190023543869974       -1.7042448663451053     
  -2.3333263021256294       -1.7077993621688230     
  -2.2476370231640872       -1.7104222714140174     
  -2.1620035386703647       -1.7121426060147271     
  -2.0764949404862407       -1.7129647035438229     
  -1.9911815981948853       -1.7128671303303020     
  -1.9061364451084091       -1.7117995619927606     
  -1.8214364325329961       -1.7096771653513261     
  -1.7371642659959465       -1.7063716385144290     
  -1.6534105793239413       -1.7016975243813752     
  -1.5702767719930093       -1.6953915707735772     
  -1.4878788484784318       -1.6870815556800924     
  -1.4063527839671026       -1.6762387639621303     
  -1.3258622486152116       -1.6621045563687613     
  -1.2466100401575455       -1.6435751119699651     
  -1.1688554557691195       -1.6190176044005082     
  -1.0929413422526963       -1.5859730054543404     
  -1.0193371184090387       -1.5406725283250096     
 -0.94870818892506026       -1.4772598936706753     
 -0.88202786748898698       -1.3866077056616928     
 -0.82075176713104658       -1.2548198504375156     
 -0.76705924106271595       -1.0624692768057418     
 -0.72407898557815975      -0.78831705381230510     
 -0.69577204360479239      -0.42515212001805991     
 -0.68585017504029766        0.0000000000000000     
  -3.8728247308811405        0.0000000000000000     
  -3.8638778813625301      -0.34539435160256088     
  -3.8380461789555960      -0.65279139093730143     
  -3.7980444186504654      -0.90198201867144245     
  -3.7470650295747081       -1.0918421986106592     
  -3.6879148006933136       -1.2327951192961613     
  -3.6227434303601083       -1.3371735100103590     
  -3.5530967475226420       -1.4153019315844759     
  -3.4800644407473649       -1.4747713154771820     
  -3.4044179463220265       -1.5208846059849197     
  -3.3267128072890064       -1.5572916098176852     
  -3.2473585818591837       -1.5865105111492845     
  -3.1666652149099321       -1.6102974453353824     
  -3.0848736667785288       -1.6298947448203536     
  -3.0021763107964636       -1.6461948794818748     
  -2.9187307193120997       -1.6598486678744697     
  -2.8346691543444509       -1.6713372258063879     
  -2.7501052379622011       -1.6810203146793223     
  -2.6651387476153805       -1.6891691991930007     
  -2.5798591495991121       -1.6959891977172803     
  -2.4943482750776576       -1.7016352501455669     
  -2.4086824110420761       -1.7062226440689416     
  -2.3229339946443881       -1.7098342752594793     
  -2.2371730461689330       -1.7125253111648808     
  -2.1514684429882460       -1.7143257736740303     
  -2.0658891180423655       -1.7152412922765845     
  -1.9805052583448026       -1.7152520525698101     
  -1.8953895804830094       -1.7143097376433620     
  -1.8106187715699820       -1.7123319895151390     
  -1.7262752081239736       -1.7091935514852732     
  -1.6424491071099572       -1.7047127112002312     
  -1.5592413322661278       -1.6986308216439552     
  -1.4767671912531604       -1.6905813193778068     
  -1.3951617436140658       -1.6800424167233319     
  -1.3145874459504745       -1.6662638713555331     
  -1.2352454771815355       -1.6481518066303662     
  -1.1573929685461815       -1.6240845603864111     
  -1.0813698787055106       -1.5916140413511726     
  -1.0076418375820040       -1.5469778315177487     
 -0.93686949588839485       -1.4843099133541313     
 -0.87002085830942744       -1.3944284748550224     
 -0.80854750916876372       -1.2632742015266654     
 -0.75463133589481612       -1.0710340167864858     
 -0.71142122549595221      -0.79578153641330718     
 -0.68292851970851676      -0.42965625096500426     
 -0.67293397032050406        0.0000000000000000     
  -3.8641433823430895        0.0000000000000000     
  -3.8551657514598445      -0.34654927409058373     
  -3.8292505630827183      -0.65479326747265132     
  -3.7891339604532752      -0.90442278586018887     
  -3.7380281368046906       -1.0944079182947983     
  -3.6787518056685435       -1.2353160459175150     
  -3.6134598817112167       -1.3395822494091192     
  -3.5436996106571477       -1.4175849091510029     
  -3.4705604190055177       -1.4769382117901029     
  -3.3948129126879545       -1.5229530862214857     
  -3.3170117198818532       -1.5592806715930705     
  -3.2375655766221416       -1.5884379630426695     
  -3.1567837436872530       -1.6121791972481470     
  -3.0749066303654740       -1.6317448317582068     
  -2.9921261712092968       -1.6480257458787833     
  -2.9085995891258185       -1.6616715160258182     
  -2.8244588656071339       -1.6731623538813447     
  -2.7398173942681066       -1.6828574217919845     
  -2.6547747626711224       -1.6910276563560920     
  -2.5694202749699526       -1.6978782915484252     
  -2.4838356191031901       -1.7035644087909336     
  -2.3980969502738230       -1.7082016553314878     
  -2.3122765785979511       -1.7118735069038131     
  -2.2264443956794722       -1.7146359434620899     
  -2.1406691419752502       -1.7165200547526513     
  -2.0550195979859036       -1.7175328279397011     
  -1.9695657742015320       -1.7176561439961335     
  -1.8843801760656913       -1.7168437829391929     
  -1.7995392315006014       -1.7150159685219923     
  -1.7151249922414635       -1.7120506175182120     
  -1.6312272615221945       -1.7077699182511559     
  -1.5479463688806427       -1.7019200200649025     
  -1.4653969243350016       -1.6941402543580213     
  -1.3837130673850297       -1.6839160549110650     
  -1.3030560311948287       -1.6705059443052395     
  -1.2236253574121692       -1.6528264522276295     
  -1.1456759792229692       -1.6292676590431863     
  -1.0695449128636583       -1.5973931205985255     
 -0.99569390870815555       -1.5534476045831682     
 -0.92477871347518903       -1.4915560960218328     
 -0.85776178100394940       -1.4024823064732050     
 -0.79609030749939891       -1.2720004621659389     
 -0.74194830055702388       -1.0798985571806556     
 -0.69850474833924880      -0.80353034919419108     
 -0.66982237497420516      -0.43434313152067466     
 -0.65975338524445981        0.0000000000000000     
  -3.8551758234864795        0.0000000000000000     
  -3.8461677745307674      -0.34768544320196870     
  -3.8201700843569499      -0.65676206536409265     
  -3.7799399749712985      -0.90682279235322449     
  -3.7287091162090316       -1.0969311763440335     
  -3.6693079485126985       -1.2377966595995016     
  -3.6038965115595336       -1.3419547056006027     
  -3.5340234498668925       -1.4198362625535763     
  -3.4607779468535456       -1.4790781360084835     
  -3.3849298106216086       -1.5249989757143205     
  -3.3070327888246629       -1.5612511796053790     
  -3.2274948266908172       -1.5903505663758446     
  -3.1466245279071616       -1.6140495209029670     
  -3.0646617734166166       -1.6335866829868724     
  -2.9817980779623134       -1.6498513987156866     
  -2.8981903309213592       -1.6634920564336506     
  -2.8139702467353778       -1.6749880138644064     
  -2.7292510021300336       -1.6846978812953619     
  -2.6441320048514929       -1.6928923122132469     
  -2.5587024058162755       -1.6997765005890486     
  -2.4730437577221687       -1.7055057146195616     
  -2.3872320912334253       -1.7101960088302142     
  -2.3013395960736323       -1.7139314905393028     
  -2.2154360412857987       -1.7167690096128654     
  -2.1295900360442301       -1.7187407888908746     
  -2.0438702135484532       -1.7198552486778944     
  -1.9583464123489884       -1.7200960539241998     
  -1.8730909306525154       -1.7194191868953792     
  -1.7881799402168757       -1.7177475795930979     
  -1.7036951698246703       -1.7149624756407831     
  -1.6197260091394337       -1.7108901515263994     
  -1.5363722512833047       -1.7052817838872032     
  -1.4537478029841679       -1.6977828853555930     
  -1.3719858730205956       -1.6878864685034847     
  -1.2912464529568073       -1.6748602686430532     
  -1.2117274176828894       -1.6576317836312158     
  -1.1336814554074848       -1.6346035366651250     
  -1.0574425657247091       -1.6033515815608743     
 -0.98346850211794723       -1.5601288274769860     
 -0.91240992251133635       -1.4990520703816368     
 -0.84522344590820175       -1.4108302787423725     
 -0.78335148025815959       -1.2810669396259440     
 -0.72897973308617203       -1.0891351348363569     
 -0.68529732265448151      -0.81162955827664329     
 -0.65641983085464706      -0.43925423638298688     
 -0.64627401613394342        0.0000000000000000     
  -3.8459215669944413        0.0000000000000000     
  -3.8368832118621610      -0.34881218172258127     
  -3.8108033216642831      -0.65871394664956218     
  -3.7704601012107202      -0.90920173104551449     
  -3.7191045714528941       -1.0994326259671880     
  -3.6595788011168726       -1.2402571636173989     
  -3.5940479076700531       -1.3443100603035008     
  -3.5240619287706423       -1.4220740297157619     
  -3.4507098217133843       -1.4812080582387908     
  -3.3747606222323099       -1.5270383227161646     
  -3.2967672238666292       -1.5632184190901388     
  -3.2171368051871010       -1.5922629928684615     
  -3.1361773337259109       -1.6159226079831350     
  -3.0541281798476700       -1.6354341274539930     
  -2.9711804534913115       -1.6516854075427283     
  -2.8874907232337872       -1.6653236914318450     
  -2.8031904473723142       -1.6768275247292834     
  -2.7183925952053931       -1.6865550068475286     
  -2.6331964029842316       -1.6947765496552392     
  -2.5476908758022714       -1.7016973500480599     
  -2.4619574377971536       -1.7074729086828202     
  -2.3760720011633407       -1.7122197372762578     
  -2.2901066407649044       -1.7160226305017938     
  -2.2041310081134267       -1.7189393716828285     
  -2.1182135856147566       -1.7210033903299820     
  -2.0324228631052108       -1.7222246262326377     
  -1.9468285104377481       -1.7225886307972051     
  -1.8615026209337178       -1.7220537113656640     
  -1.7765211113528476       -1.7205456566877326     
  -1.6919653870725466       -1.7179492181986036     
  -1.6079244214833686       -1.7140949827156402     
  -1.5244974654198209       -1.7087394287725588     
  -1.4417977119290912       -1.7015345918312765     
  -1.3599574221554855       -1.6919814905281099     
  -1.2791353196039623       -1.6793576093059606     
  -1.1995275717621616       -1.6626020875874477     
  -1.1213845598009653       -1.6401307296021383     
  -1.0450371718198577       -1.6095331007675542     
 -0.97093901900621105       -1.5670713767399866     
 -0.89973544822972162       -1.5068550799072473     
 -0.83237691252617807       -1.4195380029706801     
 -0.77030058203777840       -1.2905475848902574     
 -0.71569342529391977       -1.0988226953674705     
 -0.67176482972190488      -0.82015209669985933     
 -0.64268512363492702      -0.44443571413484273     
 -0.63245942744038508        0.0000000000000000     
  -3.8458281299892692        0.0000000000000000     
  -3.8367894733299912      -0.34882336521637969     
  -3.8107087652858271      -0.65873331719040140     
  -3.7703644193395629      -0.90922533732707023     
  -3.7190076487055892       -1.0994574493924065     
  -3.6594806375288305       -1.2402815870563570     
  -3.5939485536578371       -1.3443334503043194     
  -3.5239614486103101       -1.4220962648231921     
  -3.4506082775115856       -1.4812292359112458     
  -3.3746580685231233       -1.5270586144736773     
  -3.2966637068011226       -1.5632380081114035     
  -3.2170323633937330       -1.5922820506410484     
  -3.1360719995953823       -1.6159412879890775     
  -3.0540219807689497       -1.6354525656842966     
  -2.9710734128923209       -1.6517037253399460     
  -2.8873828614075143       -1.6653419989324889     
  -2.8030817821123044       -1.6768459241890519     
  -2.7182831422842555       -1.6865735956320642     
  -2.6330861765062097       -1.6947954229238129     
  -2.5475798884546967       -1.7017166032016726     
  -2.4618457010189485       -1.7074926396680221     
  -2.3759595252426320       -1.7122400488432987     
  -2.2899934348724345       -1.7160436325301107     
  -2.2040170802735117       -1.7189611836732535     
  -2.1180989426107697       -1.7210261441778645     
  -2.0323075103114432       -1.7222484694118587     
  -1.9467124515635954       -1.7226137300975479     
  -1.8613858576587603       -1.7220802573687877     
  -1.7764036428217167       -1.7205738692007679     
  -1.6918472092053640       -1.7179793529061673     
  -1.6078055260393231       -1.7141273393887941     
  -1.5243778387259042       -1.7087743614247850     
  -1.4416773331499679       -1.7015725212266615     
  -1.3598362609300074       -1.6920229194152576     
  -1.2790133328049413       -1.6794031403684937     
  -1.1994046990479281       -1.6626524430132799     
  -1.1212607175332374       -1.6401867683152342     
  -1.0449122448829047       -1.6095958217125044     
 -0.97081285027952302       -1.5671418772753529     
 -0.89960782654906402       -1.5069343901577543     
 -0.83224756359996055       -1.4196266019753583     
 -0.77016917706122412       -1.2906441715484414     
 -0.71555964569665509       -1.0989215435780391     
 -0.67162855946475553      -0.82023920545783735     
 -0.64254680181913049      -0.44448874677886624     
 -0.63232029382043398        0.0000000000000000     
