  0.49988541896995753     
  0.99977083793992161     
   1.4996562569098300     
   1.9995416758797382     
   2.4994270948497581     
   2.9993125138197780     
   3.4991979327897980     
   3.9990833517598179     
   4.4989687707296149     
   4.9988541896994114     
   5.4987396086692080     
   5.9986250276390045     
   6.4985104466088011     
   6.9983958655785976     
   7.4982812845483942     
   7.9981667035181907     
   8.4980521224879872     
   8.9979375414577838     
   9.4978229604275803     
   9.9977083793973769     
   10.497593798367173     
   10.997479217336970     
   11.497364636306767     
   11.997250055276563     
   12.497135474246360     
   12.997020893216156     
   13.496906312185953     
   13.996791731155749     
   14.496677150125546     
   14.996562569095342     
   15.496447988065139     
   15.996333407034935     
   16.496218826004732     
   16.996104244974529     
   17.495989663944325     
   17.995875082914122     
   18.495760501883918     
   18.995645920853715     
   19.495531339823511     
   19.995416758793308     
   20.000385798743306     
