   0.0000000000000000       -0.0000000000000000     
   2.2633138214953327E-002  -4.3388556148932873E-003
   4.5266276429906653E-002  -8.5605295120654724E-003
   6.7899414644859976E-002  -1.2541816864941970E-002
   9.0532552859813306E-002  -1.6181500105104735E-002
  0.11316569107476664       -1.9394109911953616E-002
  0.13579882928971995       -2.2114730319784445E-002
  0.15843196750467328       -2.4300004694773714E-002
  0.18106510571962661       -2.5927517243327550E-002
  0.20369824393457994       -2.6993839217267689E-002
  0.22633138214953327       -2.7511696604185468E-002
  0.24896452036448660       -2.7506707541458786E-002
  0.27159765857943990       -2.7014074170678640E-002
  0.29423079679439323       -2.6075515733191619E-002
  0.31686393500934656       -2.4736624828132697E-002
  0.33949707322429989       -2.3044735211119473E-002
  0.36213021143925322       -2.1047316939110723E-002
  0.38476334965420655       -1.8790865357696578E-002
  0.40739648786915988       -1.6320221976582019E-002
  0.43002962608411321       -1.3678253029595008E-002
  0.45266276429906654       -1.0905810334478684E-002
  0.47529590251401987       -8.0419043730878270E-003
  0.49792904072897320       -5.1240277179192481E-003
  0.52056217894392653       -2.1885754906689004E-003
  0.54319531715887981        7.2868319397687443E-004
  0.56582845537383319        3.5921238233248181E-003
  0.58846159358878647        6.3658138076950642E-003
  0.61109473180373985        9.0131276165789937E-003
  0.63372787001869313        1.1496471665386141E-002
  0.65636100823364651        1.3777165497982717E-002
  0.67899414644859979        1.5815531013320068E-002
  0.70162728466355317        1.7571245471190908E-002
  0.72426042287850645        1.9004014221370283E-002
  0.74689356109345972        2.0074612224379007E-002
  0.76952669930841311        2.0746325710787224E-002
  0.79215983752336638        2.0986793285936625E-002
  0.81479297573831977        2.0770197532010488E-002
  0.83742611395327304        2.0079695124489965E-002
  0.86005925216822643        1.8909902171621588E-002
  0.88269239038317970        1.7269184395535406E-002
  0.90532552859813309        1.5181455812275039E-002
  0.92795866681308636        1.2687183861832402E-002
  0.95059180502803975        9.8433369881599508E-003
  0.97322494324299302        6.7221996795670969E-003
  0.99585808145794641        3.4069506367028594E-003
   1.0184912196728997        0.0000000000000000     
   0.0000000000000000        1.0058131410934516E-018
   2.3045562104224870E-002  -3.6601891890472010E-003
   4.6091124208449741E-002  -7.1797046425254741E-003
   6.9136686312674611E-002  -1.0414866550291949E-002
   9.2182248416899482E-002  -1.3258941528820820E-002
  0.11522781052112435       -1.5635410855306429E-002
  0.13827337262534922       -1.7501943894274317E-002
  0.16131893472957409       -1.8847880172160658E-002
  0.18436449683379896       -1.9688713785410900E-002
  0.20741005893802383       -2.0059142005443439E-002
  0.23045562104224870       -2.0006060544859455E-002
  0.25350118314647357       -1.9582427891258421E-002
  0.27654674525069844       -1.8842453800348487E-002
  0.29959230735492332       -1.7838200293179968E-002
  0.32263786945914819       -1.6617454201726251E-002
  0.34568343156337306       -1.5222623436325057E-002
  0.36872899366759793       -1.3690388149432103E-002
  0.39177455577182280       -1.2051865796659459E-002
  0.41482011787604767       -1.0333097598898229E-002
  0.43786567998027254       -8.5557154884306538E-003
  0.46091124208449741       -6.7376942551914650E-003
  0.48395680418872228       -4.8941299439510307E-003
  0.50700236629294715       -3.0380124046852528E-003
  0.53004792839717196       -1.1809784911733232E-003
  0.55309349050139689        6.6595566497300003E-004
  0.57613905260562182        2.4916782046354139E-003
  0.59918461470984663        4.2842734404436476E-003
  0.62223017681407145        6.0303161339706514E-003
  0.64527573891829637        7.7141677027991150E-003
  0.66832130102252130        9.3172841113852434E-003
  0.69136686312674611        1.0817561158637575E-002
  0.71441242523097093        1.2188765832506474E-002
  0.73745798733519585        1.3400133258155584E-002
  0.76050354943942078        1.4416247135816376E-002
  0.78354911154364559        1.5197364269608335E-002
  0.80659467364787041        1.5700382745525571E-002
  0.82964023575209533        1.5880673242214604E-002
  0.85268579785632026        1.5694970082016698E-002
  0.87573135996054507        1.5105422762484402E-002
  0.89877692206476989        1.4084711887279458E-002
  0.92182248416899482        1.2621827835577068E-002
  0.94486804627321974        1.0727732567032900E-002
  0.96791360837744456        8.4397649693807308E-003
  0.99095917048166937        5.8235577360904196E-003
   1.0140047325858943        2.9691181802630152E-003
   1.0370502946901192        0.0000000000000000     
   0.0000000000000000        8.7339829872453365E-019
   2.3442945720834683E-002  -2.8882546310486047E-003
   4.6885891441669367E-002  -5.6223858847602518E-003
   7.0328837162504043E-002  -8.0499772792380249E-003
   9.3771782883338733E-002  -1.0071327411190590E-002
  0.11721472860417342       -1.1630519097039684E-002
  0.14065767432500809       -1.2715591609475288E-002
  0.16410062004584278       -1.3349963624108854E-002
  0.18754356576667747       -1.3580946349176169E-002
  0.21098651148751216       -1.3468494607225767E-002
  0.23442945720834685       -1.3076079064811456E-002
  0.25787240292918151       -1.2464332539072427E-002
  0.28131534865001617       -1.1687296991900140E-002
  0.30475829437085089       -1.0790707951263689E-002
  0.32820124009168555       -9.8116751273637105E-003
  0.35164418581252027       -8.7792049006409426E-003
  0.37508713153335493       -7.7151535035264174E-003
  0.39853007725418960       -6.6353388098773875E-003
  0.42197302297502431       -5.5506493102986344E-003
  0.44541596869585898       -4.4680670716262067E-003
  0.46885891441669370       -3.3915721536079534E-003
  0.49230186013752836       -2.3229263941614733E-003
  0.51574480585836302       -1.2623514109844068E-003
  0.53918775157919774       -2.0912429297435819E-004
  0.56263069730003235        8.3788163023178642E-004
  0.58607364302086706        1.8796820673724021E-003
  0.60951658874170178        2.9166638922911848E-003
  0.63295953446253650        3.9480352685731107E-003
  0.65640248018337111        4.9712161761302758E-003
  0.67984542590420582        5.9811448778548139E-003
  0.70328837162504054        6.9694827896753658E-003
  0.72673131734587515        7.9237140690035530E-003
  0.75017426306670987        8.8261616616287040E-003
  0.77361720878754459        9.6529847659843453E-003
  0.79706015450837919        1.0373290752832755E-002
  0.82050310022921391        1.0948592963583222E-002
  0.84394604595004863        1.1332972606332533E-002
  0.86738899167088324        1.1474438517078887E-002
  0.89083193739171795        1.1318070578381256E-002
  0.91427488311255267        1.0811483041166834E-002
  0.93771782883338739        9.9128152270383067E-003
  0.96116077455422200        8.6007248864062164E-003
  0.98460372027505672        6.8847371019927842E-003
   1.0080466659958913        4.8131292770293276E-003
   1.0314896117167260        2.4725806233242813E-003
   1.0549325574375608        0.0000000000000000     
   0.0000000000000000       -0.0000000000000000     
   2.3816546347194302E-002  -2.0476397811254668E-003
   4.7633092694388604E-002  -3.9400461523239321E-003
   7.1449639041582913E-002  -5.5289595670938996E-003
   9.5266185388777208E-002  -6.7328938678965708E-003
  0.11908273173597150       -7.5239044743263123E-003
  0.14289927808316583       -7.9215126472136389E-003
  0.16671582443036012       -7.9773066741429775E-003
  0.19053237077755442       -7.7586813197334237E-003
  0.21434891712474871       -7.3357924478454784E-003
  0.23816546347194301       -6.7730739888543284E-003
  0.26198200981913733       -6.1248979866472906E-003
  0.28579855616633165       -5.4342319087324785E-003
  0.30961510251352592       -4.7331120494324480E-003
  0.33343164886072024       -4.0440173919380155E-003
  0.35724819520791451       -3.3815460738140274E-003
  0.38106474155510883       -2.7540570119608285E-003
  0.40488128790230316       -2.1651171939666828E-003
  0.42869783424949742       -1.6147022672848930E-003
  0.45251438059669175       -1.1001553909240659E-003
  0.47633092694388601       -6.1693573539798067E-004
  0.50014747329108034       -1.5919713427676465E-004
  0.52396401963827466        2.7976208209552593E-004
  0.54778056598546898        7.0713996809888043E-004
  0.57159711233266330        1.1303280043023483E-003
  0.59541365867985752        1.5566324448630464E-003
  0.61923020502705184        1.9929892750838716E-003
  0.64304675137424616        2.4456414456663494E-003
  0.66686329772144048        2.9197446874615301E-003
  0.69067984406863481        3.4188645832602354E-003
  0.71449639041582902        3.9443238091355784E-003
  0.73831293676302334        4.4943568924102530E-003
  0.76212948311021766        5.0630349243518937E-003
  0.78594602945741199        5.6389423094281707E-003
  0.80976257580460631        6.2036347411722264E-003
  0.83357912215180052        6.7300010954451121E-003
  0.85739566849899485        7.1808149009699347E-003
  0.88121221484618917        7.5080110710582931E-003
  0.90502876119338349        7.6535472136069482E-003
  0.92884530754057781        7.5530128688849063E-003
  0.95266185388777203        7.1431983138268533E-003
  0.97647840023496635        6.3742253361095472E-003
   1.0002949465821607        5.2251690362741868E-003
   1.0241114929293549        3.7193503812217171E-003
   1.0479280392765493        1.9305565758240308E-003
   1.0717445856237435        0.0000000000000000     
   0.0000000000000000       -0.0000000000000000     
   2.4162314589378123E-002  -1.1641253765184122E-003
   4.8324629178756247E-002  -2.1852895981646862E-003
   7.2486943768134374E-002  -2.9320864713381391E-003
   9.6649258357512494E-002  -3.3498134100524261E-003
  0.12081157294689061       -3.4411142939154878E-003
  0.14497388753626875       -3.2526331494721616E-003
  0.16913620212564687       -2.8540245861867555E-003
  0.19329851671502499       -2.3196578122589174E-003
  0.21746083130440311       -1.7167133115650185E-003
  0.24162314589378123       -1.0994967117507149E-003
  0.26578546048315937       -5.0816243133648773E-004
  0.28994777507253749        3.0092154952338513E-005
  0.31411008966191561        4.9879928268204430E-004
  0.33827240425129373        8.8981881348484688E-004
  0.36243471884067185        1.2011824166845830E-003
  0.38659703343004997        1.4353350202175874E-003
  0.41075934801942809        1.5977831837244811E-003
  0.43492166260880621        1.6960984315473925E-003
  0.45908397719818433        1.7392052553975401E-003
  0.48324629178756245        1.7368855804935335E-003
  0.50740860637694063        1.6994413070371851E-003
  0.53157092096631875        1.6374677474520524E-003
  0.55573323555569687        1.5617005584345144E-003
  0.57989555014507499        1.4829060567605708E-003
  0.60405786473445311        1.4117893295021236E-003
  0.62822017932383123        1.3588962784440543E-003
  0.65238249391320935        1.3344846594625158E-003
  0.67654480850258747        1.3483351956870004E-003
  0.70070712309196559        1.4094668207699952E-003
  0.72486943768134371        1.5257100550964426E-003
  0.74903175227072183        1.7030800376212454E-003
  0.77319406686009995        1.9448779463820311E-003
  0.79735638144947807        2.2504417973714824E-003
  0.82151869603885619        2.6134764791942858E-003
  0.84568101062823431        3.0199406071345879E-003
  0.86984332521761243        3.4455923753333780E-003
  0.89400563980699055        3.8535530928705090E-003
  0.91816795439636867        4.1926922679518704E-003
  0.94233026898574679        4.3982727430094126E-003
  0.96649258357512491        4.3969309261455251E-003
  0.99065489816450303        4.1181351220422151E-003
   1.0148172127538813        3.5127686406639345E-003
   1.0389795273432594        2.5754072254073231E-003
   1.0631418419326375        1.3590891373739516E-003
   1.0873041565220156        0.0000000000000000     
   0.0000000000000000        5.6288766674041071E-019
   2.4478985607152736E-002  -2.6118598283889766E-004
   4.8957971214305472E-002  -4.0505490359931534E-004
   7.3436956821458205E-002  -3.2850593099580105E-004
   9.7915942428610944E-002  -9.0540434816918647E-006
  0.12239492803576368        5.2162716139340579E-004
  0.14687391364291641        1.1976299207725090E-003
  0.17135289925006916        1.9426446708840986E-003
  0.19583188485722189        2.6870574714759413E-003
  0.22031087046437461        3.3763365569173453E-003
  0.24478985607152737        3.9728624632174667E-003
  0.26926884167868009        4.4541475248284414E-003
  0.29374782728583282        4.8096916322043458E-003
  0.31822681289298554        5.0377595430634095E-003
  0.34270579850013833        5.1426442387817045E-003
  0.36718478410729105        5.1325654301658512E-003
  0.39166376971444378        5.0181581512005599E-003
  0.41614275532159650        4.8114388679395522E-003
  0.44062174092874923        4.5251299471438930E-003
  0.46510072653590201        4.1722405502768890E-003
  0.48957971214305473        3.7658249076114817E-003
  0.51405869775020741        3.3188598918926279E-003
  0.53853768335736019        2.8442004295858572E-003
  0.56301666896451297        2.3545833449748130E-003
  0.58749565457166564        1.8626582693434647E-003
  0.61197464017881842        1.3810288875875621E-003
  0.63645362578597109        9.2228947373618154E-004
  0.66093261139312387        4.9904052167183775E-004
  0.68541159700027665        1.2386310918178611E-004
  0.70989058260742932       -1.9077609600444325E-004
  0.73436956821458210       -4.3272939800196230E-004
  0.75884855382173477       -5.9053983106628345E-004
  0.78332753942888755       -6.5406089788620152E-004
  0.80780652503604033       -6.1543254646877015E-004
  0.83228551064319301       -4.7054720422694219E-004
  0.85676449625034579       -2.2114642790494431E-004
  0.88124348185749846        1.2236098940100054E-004
  0.90572246746465124        5.3744686740260159E-004
  0.93020145307180402        9.8588629236289957E-004
  0.95468043867895669        1.4113560072527495E-003
  0.97915942428610947        1.7406694429937045E-003
   1.0036384098932623        1.8921523035368842E-003
   1.0281173955004148        1.7941735047752871E-003
   1.0525963811075676        1.4123852197431910E-003
   1.0770753667147204        7.7353302047175262E-004
   1.1015543523218732        0.0000000000000000     
   0.0000000000000000       -4.8284784195564568E-019
   2.4766919177215106E-002   6.4130083521741783E-004
   4.9533838354430211E-002   1.3617666178060567E-003
   7.4300757531645320E-002   2.2266463582108383E-003
   9.9067676708860422E-002   3.2238327004741989E-003
  0.12383459588607552        4.2972391284911825E-003
  0.14860151506329064        5.3710950828717314E-003
  0.17336843424050574        6.3731263005499129E-003
  0.19813535341772084        7.2475636378657674E-003
  0.22290227259493595        7.9586178705051518E-003
  0.24766919177215105        8.4883777788581621E-003
  0.27243611094936615        8.8326113071621991E-003
  0.29720303012658128        8.9964978509535481E-003
  0.32196994930379635        8.9911347482575597E-003
  0.34673686848101148        8.8309904595171920E-003
  0.37150378765822656        8.5321882149057629E-003
  0.39627070683544169        8.1114233834936132E-003
  0.42103762601265682        7.5853280051750554E-003
  0.44580454518987189        6.9701350313624488E-003
  0.47057146436708702        6.2815358956214307E-003
  0.49533838354430210        5.5346588184663030E-003
  0.52010530272151723        4.7441201795451835E-003
  0.54487222189873230        3.9241185480625284E-003
  0.56963914107594738        3.0885523305533842E-003
  0.59440606025316256        2.2511490433556264E-003
  0.61917297943037763        1.4255980696648097E-003
  0.64393989860759271        6.2568007114513187E-004
  0.66870681778480789       -1.3461480409469439E-004
  0.69347373696202297       -8.4099138489841536E-004
  0.71824065613923804       -1.4787949955811452E-003
  0.74300757531645312       -2.0330279121996363E-003
  0.76777449449366830       -2.4884845902421633E-003
  0.79254141367088338       -2.8300802373191665E-003
  0.81730833284809845       -3.0434849560135322E-003
  0.84207525202531364       -3.1162240841688081E-003
  0.86684217120252871       -3.0394568568577040E-003
  0.89160909037974378       -2.8106735517710564E-003
  0.91637600955695886       -2.4374888565482002E-003
  0.94114292873417404       -1.9424175373564147E-003
  0.96590984791138912       -1.3677683390966311E-003
  0.99067676708860419       -7.7834933136603293E-004
   1.0154436862658194       -2.5770194699224411E-004
   1.0402106054430345        1.0750459080602695E-004
   1.0649775246202495        2.5669079334240952E-004
   1.0897444437974646        1.8720923751698072E-004
   1.1145113629746797        0.0000000000000000     
   0.0000000000000000       -0.0000000000000000     
   2.5027393850789417E-002   1.5273506965694074E-003
   5.0054787701578833E-002   3.0846914266535845E-003
   7.5082181552368246E-002   4.6920862764643738E-003
  0.10010957540315767        6.3030609232736963E-003
  0.12513696925394707        7.8435508404931988E-003
  0.15016436310473649        9.2373305851533530E-003
  0.17519175695552591        1.0425023098240876E-002
  0.20021915080631533        1.1370926190934728E-002
  0.22524654465710475        1.2061137741655778E-002
  0.25027393850789414        1.2498092040073881E-002
  0.27530133235868359        1.2694822400330694E-002
  0.30032872620947298        1.2670353668076433E-002
  0.32535612006026243        1.2446489876648726E-002
  0.35038351391105182        1.2045786977442925E-002
  0.37541090776184127        1.1490387486272393E-002
  0.40043830161263066        1.0801428340544605E-002
  0.42546569546342006        9.9988066668534430E-003
  0.45049308931420950        9.1011572807046925E-003
  0.47552048316499890        8.1259485367942124E-003
  0.50054787701578829        7.0896397080580922E-003
  0.52557527086657774        6.0078669856416011E-003
  0.55060266471736719        4.8956402250117190E-003
  0.57563005856815663        3.7675416837005451E-003
  0.60065745241894597        2.6379232575448183E-003
  0.62568484626973542        1.5211014142591378E-003
  0.65071224012052487        4.3154984110944971E-004
  0.67573963397131420       -6.1591102474322984E-004
  0.70076702782210365       -1.6059311749557553E-003
  0.72579442167289310       -2.5224639405275490E-003
  0.75082181552368255       -3.3486331753747054E-003
  0.77584920937447188       -4.0666691643674261E-003
  0.80087660322526133       -4.6579734470332769E-003
  0.82590399707605078       -5.1034129147866647E-003
  0.85093139092684011       -5.3840030515964208E-003
  0.87595878477762956       -5.4822208549697707E-003
  0.90098617862841901       -5.3842787662292790E-003
  0.92601357247920846       -5.0837446976893276E-003
  0.95104096632999779       -4.5867806601338733E-003
  0.97606836018078724       -3.9187155153005623E-003
   1.0010957540315766       -3.1302258435271374E-003
   1.0261231478823660       -2.2987789791245571E-003
   1.0511505417331555       -1.5181727808839494E-003
   1.0761779355839449       -8.7060452513375471E-004
   1.1012053294347344       -3.8898853817166679E-004
   1.1262327232855238        0.0000000000000000     
   0.0000000000000000       -0.0000000000000000     
   2.5262175672390013E-002   2.3847040141317293E-003
   5.0524351344780026E-002   4.7410718383346442E-003
   7.5786527017170036E-002   7.0388890328698817E-003
  0.10104870268956005        9.1994995584489328E-003
  0.12631087836195007        1.1138014037804272E-002
  0.15157305403434007        1.2786170028110302E-002
  0.17683522970673010        1.4104131313900479E-002
  0.20209740537912010        1.5079944850758868E-002
  0.22735958105151011        1.5722599679586891E-002
  0.25262175672390014        1.6054082138974426E-002
  0.27788393239629017        1.6102968021393445E-002
  0.30314610806868014        1.5900096003156020E-002
  0.32840828374107017        1.5475998896670498E-002
  0.35367045941346020        1.4859568486172033E-002
  0.37893263508585018        1.4077497317584384E-002
  0.40419481075824021        1.3154171270228653E-002
  0.42945698643063024        1.2111802953973773E-002
  0.45471916210302021        1.0970679980890999E-002
  0.47998133777541024        9.7494571043764307E-003
  0.50524351344780027        8.4654550650220053E-003
  0.53050568912019025        7.1349489667708304E-003
  0.55576786479258034        5.7734403891773417E-003
  0.58103004046497031        4.3959136811697521E-003
  0.60629221613736028        3.0170801117362024E-003
  0.63155439180975037        1.6516150093956431E-003
  0.65681656748214035        3.1439332948835028E-004
  0.68207874315453032       -9.7927157672974673E-004
  0.70734091882692041       -2.2133830830680821E-003
  0.73260309449931038       -3.3710111568796644E-003
  0.75786527017170036       -4.4340448573869668E-003
  0.78312744584409044       -5.3829679920522396E-003
  0.80838962151648042       -6.1967005995191794E-003
  0.83365179718887039       -6.8525865527739212E-003
  0.85891397286126048       -7.3266691214927907E-003
  0.88417614853365045       -7.5944914172892874E-003
  0.90943832420604043       -7.6327916894621513E-003
  0.93470049987843051       -7.4226135313434369E-003
  0.95996267555082049       -6.9544217501814002E-003
  0.98522485122321046       -6.2355334614013058E-003
   1.0104870268956005       -5.2989727349279439E-003
   1.0357492025679906       -4.2099869944792721E-003
   1.0610113782403805       -3.0621166617903310E-003
   1.0862735539127706       -1.9535591278117201E-003
   1.1115357295851607       -9.4656213739263174E-004
   1.1367979052575505        0.0000000000000000     
   0.0000000000000000       -0.0000000000000000     
   2.5473254163295343E-002   3.2044441229635515E-003
   5.0946508326590687E-002   6.3151200687618335E-003
   7.6419762489886023E-002   9.2485107780552207E-003
  0.10189301665318137        1.1897257283996102E-002
  0.12736627081647672        1.4172679835509338E-002
  0.15283952497977205        1.6021392187469469E-002
  0.17831277914306740        1.7427588634129014E-002
  0.20378603330636275        1.8404746410880510E-002
  0.22925928746965810        1.8984341419510768E-002
  0.25473254163295345        1.9206367833584072E-002
  0.28020579579624877        1.9112990793847796E-002
  0.30567904995954409        1.8744935530746035E-002
  0.33115230412283947        1.8139767035109874E-002
  0.35662555828613479        1.7331311214566315E-002
  0.38209881244943017        1.6349695644929926E-002
  0.40757206661272549        1.5221688202689793E-002
  0.43304532077602081        1.3971151362375096E-002
  0.45851857493931619        1.2619516863493304E-002
  0.48399182910261151        1.1186236016779511E-002
  0.50946508326590689        9.6891888206013417E-003
  0.53493833742920216        8.1450496900821647E-003
  0.56041159159249754        6.5696148159523236E-003
  0.58588484575579292        4.9780994226807287E-003
  0.61135809991908818        3.3854144404434285E-003
  0.63683135408238356        1.8064323931037468E-003
  0.66230460824567894        2.5625213368240141E-004
  0.68777786240897432       -1.2495284462348028E-003
  0.71325111657226958       -2.6945236459630854E-003
  0.73872437073556496       -4.0612492040746602E-003
  0.76419762489886034       -5.3307881321647621E-003
  0.78967087906215561       -6.4824406916088092E-003
  0.81514413322545098       -7.4933834104482962E-003
  0.84061738738874636       -8.3383942418733328E-003
  0.86609064155204163       -8.9897584933338447E-003
  0.89156389571533701       -9.4175681970903626E-003
  0.91703714987863238       -9.5907835940488521E-003
  0.94251040404192765       -9.4796450176425559E-003
  0.96798365820522303       -9.0602549475590870E-003
  0.99345691236851841       -8.3221682201587693E-003
   1.0189301665318138       -7.2790270471894923E-003
   1.0444034206951092       -5.9795417317430634E-003
   1.0698766748584043       -4.5106860018459018E-003
   1.0953499290216997       -2.9807907241643401E-003
   1.1208231831849951       -1.4791917421458807E-003
   1.1462964373482905        0.0000000000000000     
   0.0000000000000000       -0.0000000000000000     
   2.5662681363159561E-002   3.9805299954904332E-003
   5.1325362726319122E-002   7.7968005300450612E-003
   7.6988044089478680E-002   1.1310752116551498E-002
  0.10265072545263824        1.4390501304820901E-002
  0.12831340681579781        1.6949941602005136E-002
  0.15397608817895736        1.8955815453046566E-002
  0.17963876954211694        2.0418981002838562E-002
  0.20530145090527649        2.1378579061834914E-002
  0.23096413226843604        2.1887328872303942E-002
  0.25662681363159562        2.2001377316331464E-002
  0.28228949499475520        2.1774566172093675E-002
  0.30795217635791472        2.1255807969285778E-002
  0.33361485772107430        2.0488304394165116E-002
  0.35927753908423388        1.9509720775631938E-002
  0.38494022044739340        1.8352784262570858E-002
  0.41060290181055298        1.7046017246354694E-002
  0.43626558317371256        1.5614464490550935E-002
  0.46192826453687208        1.4080353867344294E-002
  0.48759094590003166        1.2463672828840019E-002
  0.51325362726319124        1.0782663094758249E-002
  0.53891630862635076        9.0542448360525062E-003
  0.56457898998951039        7.2943846827186760E-003
  0.59024167135266992        5.5184223106595010E-003
  0.61590435271582944        3.7413697974756719E-003
  0.64156703407898907        1.9781971826099646E-003
  0.66722971544214860        2.4411706979517351E-004
  0.69289239680530812       -1.4451192653591599E-003
  0.71855507816846775       -3.0729021228102981E-003
  0.74421775953162728       -4.6214085811861856E-003
  0.76988044089478680       -6.0712033895152203E-003
  0.79554312225794643       -7.4007916832019034E-003
  0.82120580362110596       -8.5861318623238030E-003
  0.84686848498426548       -9.6001424022065691E-003
  0.87253116634742511       -1.0412286319639960E-002
  0.89819384771058464       -1.0988410120180486E-002
  0.92385652907374416       -1.1291177565492172E-002
  0.94951921043690379       -1.1281701622842406E-002
  0.97518189180006332       -1.0923336279395811E-002
   1.0008445731632230       -1.0188891422466206E-002
   1.0265072545263825       -9.0722133349456051E-003
   1.0521699358895420       -7.6027832313934774E-003
   1.0778326172527015       -5.8560078401397753E-003
   1.1034952986158610       -3.9447796102608096E-003
   1.1291579799790208       -1.9824473468248475E-003
   1.1548206613421803        0.0000000000000000     
   0.0000000000000000       -0.0000000000000000     
   2.5832475104365774E-002   4.7093128529252983E-003
   5.1664950208731547E-002   9.1807353186347390E-003
   7.7497425313097321E-002   1.3221875345053952E-002
  0.10332990041746309        1.6680729430950551E-002
  0.12916237552182885        1.9479154269470587E-002
  0.15499485062619464        2.1607686387123098E-002
  0.18082732573056043        2.3105005019987454E-002
  0.20665980083492619        2.4035176586891117E-002
  0.23249227593929195        2.4470484213793671E-002
  0.25832475104365771        2.4481324014836967E-002
  0.28415722614802352        2.4131470714138667E-002
  0.30998970125238928        2.3476584185587734E-002
  0.33582217635675504        2.2564380918671547E-002
  0.36165465146112086        2.1435521134388971E-002
  0.38748712656548662        2.0124708599162225E-002
  0.41331960166985238        1.8661765792720483E-002
  0.43915207677421814        1.7072589749135208E-002
  0.46498455187858390        1.5379964496017506E-002
  0.49081702698294971        1.3604237842080528E-002
  0.51664950208731542        1.1763882516053582E-002
  0.54248197719168123        9.8759646953194471E-003
  0.56831445229604705        7.9565421077158437E-003
  0.59414692740041275        6.0210117688597620E-003
  0.61997940250477857        4.0844252616922677E-003
  0.64581187760914438        2.1617878084111961E-003
  0.67164435271351008        2.6835641661177468E-004
  0.69747682781787590       -1.5800478939379426E-003
  0.72330930292224171       -3.3666985002925960E-003
  0.74914177802660742       -5.0735764549952531E-003
  0.77497425313097323       -6.6809229188656560E-003
  0.80080672823533894       -8.1667171378809796E-003
  0.82663920333970475       -9.5060735653944416E-003
  0.85247167844407057       -1.0670570007883188E-002
  0.87830415354843627       -1.1627559279505997E-002
  0.90413662865280209       -1.2339600111517806E-002
  0.92996910375716779       -1.2764302911217041E-002
  0.95580157886153361       -1.2855170423698695E-002
  0.98163405396589942       -1.2564462859153160E-002
   1.0074665290702651       -1.1849664142097890E-002
   1.0332990041746308       -1.0685304792976684E-002
   1.0591314792789968       -9.0802686916143759E-003
   1.0849639543833625       -7.0947161796288214E-003
   1.1107964294877282       -4.8411642337578310E-003
   1.1366289045920941       -2.4534847062419448E-003
   1.1624613796964598        0.0000000000000000     
   0.0000000000000000        3.2826621763878738E-019
   2.5984562705873644E-002   5.3890751484271249E-003
   5.1969125411747287E-002   1.0465198662261310E-002
   7.7953688117620934E-002   1.4982968678574146E-002
  0.10393825082349457        1.8774549737464064E-002
  0.12992281352936821        2.1774065704635172E-002
  0.15590737623524187        2.3998123252144010E-002
  0.18189193894111549        2.5513278886167494E-002
  0.20787650164698915        2.6407187687908243E-002
  0.23386106435286280        2.6769847843798111E-002
  0.25984562705873643        2.6684096460544243E-002
  0.28583018976461005        2.6222114097797976E-002
  0.31181475247048374        2.5445115042773470E-002
  0.33779931517635736        2.4404439624150329E-002
  0.36378387788223099        2.3143094875146878E-002
  0.38976844058810467        2.1697296847280997E-002
  0.41575300329397830        2.0097837948530001E-002
  0.44173756599985192        1.8371233199793120E-002
  0.46772212870572560        1.6540656048812094E-002
  0.49370669141159923        1.4626695000092720E-002
  0.51969125411747286        1.2647966555328670E-002
  0.54567581682334654        1.0621617586696920E-002
  0.57166037952922011        8.5637458850229727E-003
  0.59764494223509379        6.4897632649355387E-003
  0.62362950494096747        4.4147220842094079E-003
  0.64961406764684104        2.3536236092634292E-003
  0.67559863035271472        3.2172537207840278E-004
  0.70158319305858841       -1.6651355379411232E-003
  0.72756775576446198       -3.5901855344863333E-003
  0.75355231847033566       -5.4353047253535309E-003
  0.77953688117620934       -7.1805432745167463E-003
  0.80552144388208291       -8.8035421584938978E-003
  0.83150600658795659       -1.0278839150083822E-002
  0.85749056929383027       -1.1577052164596121E-002
  0.88347513199970384       -1.2663962766637641E-002
  0.90945969470557753       -1.3499593376412431E-002
  0.93544425741145121       -1.4037520461117944E-002
  0.96142882011732478       -1.4224954984058243E-002
  0.98741338282319846       -1.4004629903658411E-002
   1.0133979455290720       -1.3320281109000935E-002
   1.0393825082349457       -1.2128163745754612E-002
   1.0653670709408194       -1.0416205148582195E-002
   1.0913516336466931       -8.2268424607357272E-003
   1.1173361963525668       -5.6680869617566285E-003
   1.1433207590584402       -2.8907536472195239E-003
   1.1693053217643139        0.0000000000000000     
   0.0000000000000000       -0.0000000000000000     
   2.6120750258631146E-002   6.0196126355842421E-003
   5.2241500517262292E-002   1.1651235881555129E-002
   7.8362250775893441E-002   1.6598584443144212E-002
  0.10448300103452458        2.0681940510442195E-002
  0.13060375129315574        2.3850931065197756E-002
  0.15672450155178688        2.6149367149250771E-002
  0.18284525181041802        2.7670964966156265E-002
  0.20896600206904917        2.8525304413915795E-002
  0.23508675232768031        2.8818245836140531E-002
  0.26120750258631148        2.8643423207651987E-002
  0.28732825284494262        2.8080116949236948E-002
  0.31344900310357376        2.7194120121361944E-002
  0.33956975336220491        2.6039693495150736E-002
  0.36569050362083605        2.4661694146961417E-002
  0.39181125387946719        2.3097503530946376E-002
  0.41793200413809833        2.1378643007026753E-002
  0.44405275439672948        1.9532078265297508E-002
  0.47017350465536062        1.7581255574600069E-002
  0.49629425491399176        1.5546922190227174E-002
  0.52241500517262296        1.3447779908428490E-002
  0.54853575543125410        1.1301013459770977E-002
  0.57465650568988524        9.1227279341405225E-003
  0.60077725594851639        6.9283231330429041E-003
  0.62689800620714753        4.7328280525831112E-003
  0.65301875646577867        2.5512156259175889E-003
  0.67913950672440981        3.9871629504012506E-004
  0.70526025698304096       -1.7088511678197706E-003
  0.73138100724167210       -3.7547120011783008E-003
  0.75750175750030324       -5.7207090103783189E-003
  0.78362250775893438       -7.5867921414991069E-003
  0.80974325801756553       -9.3303955251189865E-003
  0.83586400827619667       -1.0925671935920273E-002
  0.86198475853482781       -1.2342559418207000E-002
  0.88810550879345895       -1.3545675668139598E-002
  0.91422625905209010       -1.4493092839060270E-002
  0.94034700931072124       -1.5135178563306019E-002
  0.96646775956935238       -1.5413970350369656E-002
  0.99258850982798352       -1.5264091429160964E-002
   1.0187092600866148       -1.4617116070053934E-002
   1.0448300103452459       -1.3412378014236857E-002
   1.0709507606038771       -1.1617214290065432E-002
   1.0970715108625082       -9.2548835476912658E-003
   1.1231922611211393       -6.4256160756327989E-003
   1.1493130113797705       -3.2937323638671089E-003
   1.1754337616384016        0.0000000000000000     
   0.0000000000000000       -0.0000000000000000     
   2.6242708135275968E-002   6.6018692698558545E-003
   5.2485416270551935E-002   1.2741918297285068E-002
   7.8728124405827909E-002   1.8075642104717782E-002
  0.10497083254110387        2.2414927885840298E-002
  0.13121354067637983        2.5727170103930160E-002
  0.15745624881165582        2.8083627159690660E-002
  0.18369895694693178        2.9603948727858594E-002
  0.20994166508220774        3.0417837379156092E-002
  0.23618437321748370        3.0645253804615157E-002
  0.26242708135275966        3.0389173422005835E-002
  0.28866978948803562        2.9734875536401178E-002
  0.31491249762331164        2.8751939533631379E-002
  0.34115520575858760        2.7496992395172646E-002
  0.36739791389386356        2.6016359895520529E-002
  0.39364062202913952        2.4348328766115240E-002
  0.41988333016441548        2.2524972520897805E-002
  0.44612603829969144        2.0573587348893592E-002
  0.47236874643496740        1.8517810386032861E-002
  0.49861145457024336        1.6378491339831585E-002
  0.52485416270551932        1.4174378108542685E-002
  0.55109687084079528        1.1922665340341070E-002
  0.57733957897607124        9.6394446524721497E-003
  0.60358228711134720        7.3400872687869262E-003
  0.62982499524662328        5.0395841527935449E-003
  0.65606770338189924        2.7528650905749002E-003
  0.68231041151717520        4.9511638683023015E-004
  0.70855311965245116       -1.7178832776752425E-003
  0.73479582778772712       -3.8693877905964106E-003
  0.76103853592300308       -5.9412452602646514E-003
  0.78728124405827904       -7.9133677643238483E-003
  0.81352395219355500       -9.7630750653869679E-003
  0.83976666032883096       -1.1464273045026422E-002
  0.86600936846410692       -1.2986426522867337E-002
  0.89225207659938288       -1.4293297673411118E-002
  0.91849478473465884       -1.5341464514959435E-002
  0.94473749286993480       -1.6078749062108280E-002
  0.97098020100521076       -1.6442950292086381E-002
  0.99722290914048672       -1.6361829634551923E-002
   1.0234656172757628       -1.5756308303874891E-002
   1.0497083254110386       -1.4550293971636595E-002
   1.0759510335463147       -1.2691390288050637E-002
   1.1021937416815906       -1.0183044873915918E-002
   1.1284364498168666       -7.1152525523881030E-003
   1.1546791579521425       -3.6626936259495672E-003
   1.1809218660874186        0.0000000000000000     
   0.0000000000000000        1.4606553861683432E-019
   2.6351966730198840E-002   7.1376276941921930E-003
   5.2703933460397680E-002   1.3741731171567928E-002
   7.9055900190596523E-002   1.9422568967584375E-002
  0.10540786692079536        2.3986608411375787E-002
  0.13175983365099420        2.7420440212701097E-002
  0.15811180038119305        2.9822350075649880E-002
  0.18446376711139187        3.1336389933003653E-002
  0.21081573384159072        3.2110569026399596E-002
  0.23716770057178957        3.2277326729880373E-002
  0.26351966730198839        3.1947713088764568E-002
  0.28987163403218724        3.1212085915710012E-002
  0.31622360076238609        3.0143169232954504E-002
  0.34257556749258494        2.8799519273655101E-002
  0.36892753422278374        2.7228636865870539E-002
  0.39527950095298259        2.5469518040415841E-002
  0.42163146768318144        2.3554658058204898E-002
  0.44798343441338029        2.1511596862760805E-002
  0.47433540114357914        1.9364104654934662E-002
  0.50068736787377799        1.7133094911082711E-002
  0.52703933460397678        1.4837335513218709E-002
  0.55339130133417569        1.2494013070094734E-002
  0.57974326806437448        1.0119192915152618E-002
  0.60609523479457328        7.7282078819690689E-003
  0.63244720152477218        5.3360024380880262E-003
  0.65879916825497098        2.9574546731279731E-003
  0.68515113498516989        6.0769664708451880E-004
  0.71150310171536868       -1.6975464892977441E-003
  0.73785506844556747       -3.9415764456981030E-003
  0.76420703517576638       -6.1062750291220602E-003
  0.79055900190596518       -8.1715593086089597E-003
  0.81691096863616408       -1.0114699991485746E-002
  0.84326293536636288       -1.1909456040495623E-002
  0.86961490209656167       -1.3524972231856338E-002
  0.89596686882676058       -1.4924389337087129E-002
  0.92231883555695937       -1.6063146518583288E-002
  0.94867080228715828       -1.6887051718446181E-002
  0.97502276901735707       -1.7330440458374972E-002
   1.0013747357475560       -1.7315292291527260E-002
   1.0277267024777548       -1.6753261941183820E-002
   1.0540786692079536       -1.5554353446074764E-002
   1.0804306359381524       -1.3647601295210157E-002
   1.1067826026683514       -1.1016642504352093E-002
   1.1331345693985502       -7.7395205046695628E-003
   1.1594865361287490       -3.9985044699916063E-003
   1.1858385028589478        0.0000000000000000     
   0.0000000000000000       -0.0000000000000000     
   2.6449918554133693E-002   7.6292536366948252E-003
   5.2899837108267386E-002   1.4656083732960137E-002
   7.9349755662401072E-002   2.0648644174624010E-002
  0.10579967421653477        2.5410446420819577E-002
  0.13224959277066847        2.8948019162389045E-002
  0.15869951132480214        3.1385786765683557E-002
  0.18514942987893585        3.2890517243269919E-002
  0.21159934843306955        3.3626774354158617E-002
  0.23804926698720325        3.3738014690132691E-002
  0.26449918554133695        3.3342272030572627E-002
  0.29094910409547065        3.2534216811615640E-002
  0.31739902264960429        3.1389198358137582E-002
  0.34384894120373799        2.9967356881778852E-002
  0.37029885975787169        2.8317141224024223E-002
  0.39674877831200539        2.6478108309795398E-002
  0.42319869686613909        2.4483078452690914E-002
  0.44964861542027279        2.2359772469328510E-002
  0.47609853397440649        2.0132052791732059E-002
  0.50254845252854019        1.7820870179054357E-002
  0.52899837108267389        1.5444995311686242E-002
  0.55544828963680759        1.3021595540110795E-002
  0.58189820819094129        1.0566702417820848E-002
  0.60834812674507499        8.0956050443496113E-003
  0.63479804529920858        5.6231970137192314E-003
  0.66124796385334228        3.1643002873531219E-003
  0.68769788240747598        7.3398714937814198E-004
  0.71414780096160968       -1.6520786814897966E-003
  0.74059771951574338       -3.9772587610637494E-003
  0.76704763806987708       -6.2234873310373232E-003
  0.79349755662401078       -8.3707158656261514E-003
  0.81994747517814448       -1.0396212272745602E-002
  0.84639739373227818       -1.2273661314450632E-002
  0.87284731228641188       -1.3972001861383964E-002
  0.89929723084054558       -1.5453931826368485E-002
  0.92574714939467928       -1.6674028976406095E-002
  0.95219706794881298       -1.7576513139813926E-002
  0.97864698650294668       -1.8092896200974908E-002
   1.0050969050570804       -1.8140300452993606E-002
   1.0315468236112140       -1.7622361030045261E-002
   1.0579967421653478       -1.6436656182683047E-002
   1.0844466607194814       -1.4494985732429286E-002
   1.1108965792736152       -1.1761642179765552E-002
   1.1373464978277488       -8.3016349448107370E-003
   1.1637964163818826       -4.3024584059563565E-003
   1.1902463349360162        0.0000000000000000     
   0.0000000000000000        5.5533856779270354E-020
   2.6537824158116733E-002   8.0794899098575214E-003
   5.3075648316233466E-002   1.5490926421851611E-002
   7.9613472474350203E-002   2.1763510707346320E-002
  0.10615129663246693        2.6699784516201912E-002
  0.13268912079058368        3.0326413482543377E-002
  0.15922694494870041        3.2792761512882816E-002
  0.18576476910681713        3.4286577948503739E-002
  0.21230259326493386        3.4987337780637201E-002
  0.23884041742305059        3.5048216234279006E-002
  0.26537824158116735        3.4593297690305523E-002
  0.29191606573928408        3.3720929177572641E-002
  0.31845388989740081        3.2508664539657270E-002
  0.34499171405551754        3.1017954238190829E-002
  0.37152953821363427        2.9298018761397395E-002
  0.39806736237175100        2.7388862951656840E-002
  0.42460518652986773        2.5323560122467063E-002
  0.45114301068798446        2.3129966229755161E-002
  0.47768083484610119        2.0832007104919087E-002
  0.50421865900421792        1.8450652801130327E-002
  0.53075648316233470        1.6004665743690395E-002
  0.55729430732045138        1.3511187365528286E-002
  0.58383213147856816        1.0986211492389561E-002
  0.61036995563668484        8.4449810956836787E-003
  0.63690777979480162        5.9023371952613918E-003
  0.66344560395291829        3.3730438857777173E-003
  0.68998342811103508        8.7211115084257851E-004
  0.71652125226915175       -1.5848629528556427E-003
  0.74305907642726854       -3.9813070491922118E-003
  0.76959690058538521       -6.2992199655062756E-003
  0.79613472474350200       -8.5186076810700624E-003
  0.82267254890161867       -1.0616768132537721E-002
  0.84921037305973546       -1.2567365037371509E-002
  0.87574819721785224       -1.4339216904827279E-002
  0.90228602137596892       -1.5894715694597418E-002
  0.92882384553408570       -1.7187795356264576E-002
  0.95536166969220238       -1.8161429588894010E-002
  0.98189949385031916       -1.8744834051547074E-002
   1.0084373180084358       -1.8851060431475466E-002
   1.0349751421665525       -1.8376829634565845E-002
   1.0615129663246694       -1.7208685613552280E-002
   1.0880507904827861       -1.5242599837278426E-002
   1.1145886146409028       -1.2424312305234757E-002
   1.1411264387990194       -8.8052380243045236E-003
   1.1676642629571363       -4.5761377210170665E-003
   1.1942020871152530        0.0000000000000000     
   0.0000000000000000        1.7399268889998515E-020
   2.6616820235306253E-002   8.4912943164067081E-003
   5.3233640470612506E-002   1.6252459247462110E-002
   7.9850460705918752E-002   2.2776822539161773E-002
  0.10646728094122501        2.7867515708931270E-002
  0.13308410117653127        3.1571128033528996E-002
  0.15970092141183750        3.4060577253258492E-002
  0.18631774164714376        3.5542883269205718E-002
  0.21293456188245002        3.6210920829707650E-002
  0.23955138211775628        3.6226440996865852E-002
  0.26616820235306254        3.5718783760029002E-002
  0.29278502258836880        3.4789444721895463E-002
  0.31940184282367501        3.3517840554794689E-002
  0.34601866305898127        3.1966514102882676E-002
  0.37263548329428753        3.0185319812160952E-002
  0.39925230352959379        2.8214623981696794E-002
  0.42586912376490005        2.6087698988555789E-002
  0.45248594400020631        2.3832502591692523E-002
  0.47910276423551257        2.1473003725733939E-002
  0.50571958447081877        1.9030179692486611E-002
  0.53233640470612509        1.6522777824189708E-002
  0.55895322494143129        1.3967910055563880E-002
  0.58557004517673761        1.1381530889818399E-002
  0.61218686541204381        8.7788367008556755E-003
  0.63880368564735002        6.1746159616374585E-003
  0.66542050588265633        3.5835748957316915E-003
  0.69203732611796254        1.0206606104559003E-003
  0.71865414635326885       -1.4985963168327831E-003
  0.74527096658857506       -3.9576955905371849E-003
  0.77188778682388137       -6.3387082921338017E-003
  0.79850460705918758       -8.6217085469558596E-003
  0.82512142729449389       -1.0784047661697813E-002
  0.85173824752980010       -1.2799407379815796E-002
  0.87835506776510630       -1.4636550391329344E-002
  0.90497188800041262       -1.6257668358505312E-002
  0.93158870823571882       -1.7616222939269510E-002
  0.95820552847102514       -1.8654217202192847E-002
  0.98482234870633134       -1.9299005615090299E-002
   1.0114391689416375       -1.9460236333402148E-002
   1.0380559891769439       -1.9028686780129669E-002
   1.0646728094122502       -1.7881150268861386E-002
   1.0912896296475563       -1.5899179968809823E-002
   1.1179064498828626       -1.3010969188311228E-002
   1.1445232701181689       -9.2541940354889801E-003
   1.1711400903534752       -4.8213026978227644E-003
   1.1977569105887813        0.0000000000000000     
   0.0000000000000000        0.0000000000000000     
   2.6687928821408472E-002   8.8677152531114727E-003
   5.3375857642816944E-002   1.6946915538539817E-002
   8.0063786464225420E-002   2.3697998118450577E-002
  0.10675171528563389        2.8925875830396033E-002
  0.13343964410704237        3.2696548500840944E-002
  0.16012757292845084        3.5205009468726248E-002
  0.18681550174985931        3.6675909623920186E-002
  0.21350343057126778        3.7314152338905893E-002
  0.24019135939267625        3.7289065443406134E-002
  0.26687928821408474        3.6734568721309993E-002
  0.29356721703549321        3.5754867656342518E-002
  0.32025514585690168        3.4430963487225914E-002
  0.34694307467831015        3.2826317287361434E-002
  0.37363100349971862        3.0991309418944818E-002
  0.40031893232112709        2.8966601129027297E-002
  0.42700686114253555        2.6785623319568318E-002
  0.45369478996394402        2.4476411228976733E-002
  0.48038271878535249        2.2062962695236728E-002
  0.50707064760676102        1.9566254388527292E-002
  0.53375857642816948        1.7005014602129689E-002
  0.56044650524957795        1.4396324254495163E-002
  0.58713443407098642        1.1756098468201803E-002
  0.61382236289239489        9.0994877772236447E-003
  0.64051029171380336        6.4412292177234371E-003
  0.66719822053521183        3.7959722203573087E-003
  0.69388614935662030        1.1786016697574681E-003
  0.72057407817802877       -1.3954196001418997E-003
  0.74726200699943723       -3.9096642694702475E-003
  0.77394993582084570       -6.3462803119691633E-003
  0.80063786464225417       -8.6854191719672545E-003
  0.82732579346366264       -1.0904502162222810E-002
  0.85401372228507111       -1.2977257960094231E-002
  0.88070165110647958       -1.4872442513715922E-002
  0.90738957992788805       -1.6552129342051736E-002
  0.93407750874929651       -1.7969443899980852E-002
  0.96076543757070498       -1.9065641594117787E-002
  0.98745336639211345       -1.9766575330901377E-002
   1.0141412952135220       -1.9979054776241727E-002
   1.0408292240349304       -1.9588761329819553E-002
   1.0675171528563390       -1.8463905278522232E-002
   1.0942050816777473       -1.6472990223236610E-002
   1.1208930104991559       -1.3527795327089885E-002
   1.1475809393205643       -9.6524335935761381E-003
   1.1742688681419728       -5.0398042552878223E-003
   1.2009567969633812        0.0000000000000000     
   0.0000000000000000       -4.7387157353574332E-020
   2.6752066893293808E-002   9.2117988679016466E-003
   5.3504133786587617E-002   1.7580406688887263E-002
   8.0256200679881429E-002   2.4536055875050877E-002
  0.10700826757317523        2.9886323773289061E-002
  0.13376033446646904        3.3715901305363991E-002
  0.16051240135976286        3.6240355919223380E-002
  0.18726446825305665        3.7700429895043935E-002
  0.21401653514635047        3.8311823929412951E-002
  0.24076860203964429        3.8250573180633136E-002
  0.26752066893293808        3.7654603302816926E-002
  0.29427273582623187        3.6630464645629829E-002
  0.32102480271952571        3.5260515671876054E-002
  0.34777686961281951        3.3608995858493473E-002
  0.37452893650611330        3.1726726279709176E-002
  0.40128100339940714        2.9654611721065621E-002
  0.42803307029270093        2.7426211035409841E-002
  0.45478513718599473        2.5069619201466983E-002
  0.48153720407928857        2.2608853128801856E-002
  0.50828927097258236        2.0064883893020864E-002
  0.53504133786587615        1.7456418774711331E-002
  0.56179340475916995        1.4800507519263161E-002
  0.58854547165246374        1.2113026786910196E-002
  0.61529753854575764        9.4090827789273159E-003
  0.64204960543905143        6.7033628471484408E-003
  0.66880167233234522        4.0104613449614907E-003
  0.69555373922563901        1.3452023248320788E-003
  0.72230580611893280       -1.2770184238590670E-003
  0.74905787301222659       -3.8398470893943912E-003
  0.77580993990552050       -6.3255111566158937E-003
  0.80256200679881429       -8.7142454930443057E-003
  0.82931407369210808       -1.0983553325824699E-002
  0.85606614058540187       -1.3107231839688066E-002
  0.88281820747869566       -1.5054067911346428E-002
  0.90957027437198945       -1.6786081361320482E-002
  0.93632234126528324       -1.8256170226670084E-002
  0.96307440815857714       -1.9405023740818365E-002
  0.98982647505187094       -2.0157291570459743E-002
   1.0165785419451647       -2.0417423757503293E-002
   1.0433306088384586       -2.0066742911712517E-002
   1.0700826757317523       -1.8965927973537321E-002
   1.0968347426250462       -1.6971732253881405E-002
   1.1235868095183399       -1.3980714432040209E-002
   1.1503388764116338       -1.0003838112241942E-002
   1.1770909433049275       -5.2335165106146128E-003
   1.2038430101982214        0.0000000000000000     
   0.0000000000000000        0.0000000000000000     
   2.6810055918277224E-002   9.5265220510382942E-003
   5.3620111836554449E-002   1.8158815269812674E-002
   8.0430167754831666E-002   2.5299511842008876E-002
  0.10724022367310890        3.0759484642386974E-002
  0.13405027959138613        3.4641265194188170E-002
  0.16086033550966333        3.7179519719595502E-002
  0.18767039142794056        3.8629657957325841E-002
  0.21448044734621780        3.9217080572215846E-002
  0.24129050326449503        3.9123775833330918E-002
  0.26810055918277226        3.8491187989701511E-002
  0.29491061510104949        3.7427907985227292E-002
  0.32172067101932666        3.6017465145251726E-002
  0.34853072693760390        3.4324764597539061E-002
  0.37534078285588113        3.2401000612255287E-002
  0.40215083877415836        3.0287281598034402E-002
  0.42896089469243559        2.8017271238244202E-002
  0.45577095061071282        2.5619111345074046E-002
  0.48258100652899005        2.3116831202949557E-002
  0.50939106244726728        2.0531393367930265E-002
  0.53620111836554452        1.7881483463695214E-002
  0.56301117428382175        1.5184120781603194E-002
  0.58982123020209898        1.2455145029005773E-002
  0.61663128612037621        9.7096200048971577E-003
  0.64344134203865333        6.9621854710297153E-003
  0.67025139795693056        4.2273827527159660E-003
  0.69706145387520779        1.5199768603473254E-003
  0.72387150979348502       -1.1447022062520307E-003
  0.75068156571176226       -3.7503738369802876E-003
  0.77749162163003949       -6.2793463352445681E-003
  0.80430167754831672       -8.7119420173507149E-003
  0.83111173346659395       -1.1025754621248962E-002
  0.85792178938487118       -1.3194666129775001E-002
  0.88473184530314841       -1.5187523601218368E-002
  0.91154190122142564       -1.6966344237897498E-002
  0.93835195713970287       -1.8483886377829023E-002
  0.96516201305798011       -1.9680421804846339E-002
  0.99197206897625734       -2.0479645523759228E-002
   1.0187821248945346       -2.0784054509028468E-002
   1.0455921808128117       -2.0471252824649930E-002
   1.0724022367310890       -1.9395328885895482E-002
   1.0992122926493662       -1.7402499531295797E-002
   1.1260223485676435       -1.4375309712035499E-002
   1.1528324044859206       -1.0312156666589276E-002
   1.1796424604041980       -5.4042859416841508E-003
   1.2064525163224751        0.0000000000000000     
   0.0000000000000000        0.0000000000000000     
   2.6862631076307892E-002   9.8147461524700323E-003
   5.3725262152615784E-002   1.8687725776694551E-002
   8.0587893228923679E-002   2.5996323450663966E-002
  0.10745052430523157        3.1555136982191596E-002
  0.13431315538153946        3.5483616106401238E-002
  0.16117578645784736        3.8034110561102161E-002
  0.18803841753415523        3.9475395932289138E-002
  0.21490104861046314        4.0041600609917363E-002
  0.24176367968677104        3.9920013207866749E-002
  0.26862631076307891        3.9255182789357912E-002
  0.29548894183938679        3.8157486757368318E-002
  0.32235157291569472        3.6711472034367983E-002
  0.34921420399200259        3.4982618105217703E-002
  0.37607683506831047        3.3022438699877352E-002
  0.40293946614461840        3.0872214738240575E-002
  0.42980209722092627        2.8565697220545715E-002
  0.45666472829723415        2.6131065446220826E-002
  0.48352735937354208        2.3592356630013113E-002
  0.51038999044984990        2.0970523298511425E-002
  0.53725262152615783        1.8284229654368885E-002
  0.56411525260246576        1.5550465793735421E-002
  0.59097788367877357        1.2785036307623142E-002
  0.61784051475508150        1.0002964724111323E-002
  0.64470314583138943        7.2188454468802036E-003
  0.67156577690769725        4.4471689493788963E-003
  0.69842840798400518        1.7026431591118448E-003
  0.72529103906031311       -9.9946618266280596E-004
  0.75215367013662093       -3.6429508863432881E-003
  0.77901630121292886       -6.2102005680050934E-003
  0.80587893228923679       -8.6816276439466086E-003
  0.83274156336554461       -1.1034922667373727E-002
  0.85960419444185254       -1.3244064924572432E-002
  0.88646682551816047       -1.5277984705459562E-002
  0.91332945659446829       -1.7098737582602760E-002
  0.94019208767077622       -1.8659013639456198E-002
  0.96705471874708415       -1.9898790033912542E-002
  0.99391734982339197       -2.0741015361651814E-002
   1.0207799808996998       -2.1086579667477748E-002
   1.0476426119760078       -2.0809924293254702E-002
   1.0745052430523157       -1.9759384880401305E-002
   1.1013678741286235       -1.7771762608674482E-002
   1.1282305052049315       -1.4716774546781060E-002
   1.1550931362812393       -1.0580948418738634E-002
   1.1819557673575471       -5.5538941214991634E-003
   1.2088183984338552        0.0000000000000000     
   0.0000000000000000       -1.2238328105433830E-019
   2.6910449991589105E-002   1.0079187017634919E-002
   5.3820899983178211E-002   1.9172384125304625E-002
   8.0731349974767316E-002   2.6633866972552475E-002
  0.10764179996635642        3.2282230053776118E-002
  0.13455224995794551        3.6252892326361884E-002
  0.16146269994953463        3.8814553983880354E-002
  0.18837314994112375        4.0248177757911105E-002
  0.21528359993271284        4.0795762443074757E-002
  0.24219404992430194        4.0649333032353151E-002
  0.26910449991589103        3.9956191912719444E-002
  0.29601494990748017        3.8828290288653949E-002
  0.32292539989906927        3.7351066257113742E-002
  0.34983584989065836        3.5590499468815907E-002
  0.37674629988224750        3.3598380179868347E-002
  0.40365674987383660        3.1416137495344033E-002
  0.43056719986542569        2.9077596460295913E-002
  0.45747764985701478        2.6610967148716715E-002
  0.48438809984860387        2.4040291878190144E-002
  0.51129854984019296        2.1386512609372729E-002
  0.53820899983178205        1.8668272925522603E-002
  0.56511944982337126        1.5902535294522943E-002
  0.59202989981496035        1.3105071174998041E-002
  0.61894034980654944        1.0290866006615202E-002
  0.64585079979813853        7.4744710679272176E-003
  0.67276124978972762        4.6703281449218138E-003
  0.69967169978131671        1.8930900542832550E-003
  0.72658214977290581       -8.4204010652148408E-004
  0.75349259976449501       -3.5189255660477169E-003
  0.78040304975608410       -6.1200372848105224E-003
  0.80731349974767319       -8.6258795594499286E-003
  0.83422394973926228       -1.1014244509335306E-002
  0.86113439973085137       -1.3259218544152828E-002
  0.88804484972244047       -1.5329833682134288E-002
  0.91495529971402956       -1.7188217240442501E-002
  0.94186574970561865       -1.8787049913046822E-002
  0.96877619969720774       -2.0066116566968287E-002
  0.99568664968879694       -2.0947794960485031E-002
   1.0225970996803859       -2.1331663995692324E-002
   1.0495075496719750       -2.1089485185141581E-002
   1.0764179996635641       -2.0064585130132109E-002
   1.1033284496551534       -1.8085375367610571E-002
   1.1302388996467425       -1.5009886911598755E-002
   1.1571493496383316       -1.0813544850786169E-002
   1.1840597996299207       -5.6840313437205173E-003
   1.2109702496215098        0.0000000000000000     
   0.0000000000000000        0.0000000000000000     
   2.6954100886997980E-002   1.0322397631755917E-002
   5.3908201773995960E-002   1.9617678689801240E-002
   8.0862302660993937E-002   2.7218938923697575E-002
  0.10781640354799192        3.2948920857732503E-002
  0.13477050443498989        3.6958070895983249E-002
  0.16172460532198787        3.9530202154304403E-002
  0.18867870620898586        4.0957405391175719E-002
  0.21563280709598384        4.1488796859445051E-002
  0.24258690798298183        4.1320651423464513E-002
  0.26954100886997978        4.0602726133343495E-002
  0.29649510975697779        3.9448367760567558E-002
  0.32344921064397575        3.7943801030305750E-002
  0.35040331153097376        3.6155445280289682E-002
  0.37735741241797172        3.4135332883157884E-002
  0.40431151330496973        3.1925022068156082E-002
  0.43126561419196768        2.9558401880808285E-002
  0.45821971507896564        2.7063708412239363E-002
  0.48517381596596365        2.4464987414473185E-002
  0.51212791685296166        2.1783170406056176E-002
  0.53908201773995956        1.9036881499202362E-002
  0.56603611862695757        1.6243057250191571E-002
  0.59299021951395559        1.3417437995883123E-002
  0.61994432040095360        1.0574973222051996E-002
  0.64689842128795150        7.7301732260033305E-003
  0.67385252217494951        4.8974331672137642E-003
  0.70080662306194752        2.0913526320525460E-003
  0.72776072394894542       -6.7292635801361226E-004
  0.75471482483594343       -3.3793374018564861E-003
  0.78166892572294144       -6.0104326216647462E-003
  0.80862302660993945       -8.5468094649840398E-003
  0.83557712749693736       -1.0966365352860847E-002
  0.86253122838393537       -1.3243301765295860E-002
  0.88948532927093338       -1.5346767629461449E-002
  0.91643943015793128       -1.7238989653102291E-002
  0.94339353104492929       -1.8872688287738058E-002
  0.97034763193192730       -2.0187542231885854E-002
  0.99730173281892531       -2.1105507493702484E-002
   1.0242558337059233       -2.1525105730102821E-002
   1.0512099345929213       -2.1315838845522211E-002
   1.0781640354799191       -2.0316683520686458E-002
   1.1051181363669171       -1.8348594851541902E-002
   1.1320722372539151       -1.5259000796999794E-002
   1.1590263381409132       -1.1013027040425854E-002
   1.1859804390279112       -5.7962788194951620E-003
   1.2129345399149092        0.0000000000000000     
   0.0000000000000000        0.0000000000000000     
   2.6994110126102856E-002   1.0546760320188414E-002
   5.3988220252205711E-002   2.0028137147836626E-002
   8.0982330378308570E-002   2.7757774061303274E-002
  0.10797644050441142        3.3562623444769096E-002
  0.13497055063051427        3.7607249124341519E-002
  0.16196466075661714        4.0189442045747051E-002
  0.18895877088271998        4.1611475743658789E-002
  0.21595288100882284        4.2128925055433052E-002
  0.24294699113492571        4.1941895663928780E-002
  0.26994110126102855        4.1202345504674276E-002
  0.29693521138713141        4.0024867360861915E-002
  0.32392932151323428        3.8496385964570903E-002
  0.35092343163933715        3.6683710925355890E-002
  0.37791754176543996        3.4639089095817498E-002
  0.40491165189154282        3.2404192882411045E-002
  0.43190576201764569        3.0012967758464057E-002
  0.45889987214374856        2.7493672531699240E-002
  0.48589398226985142        2.4870355549090971E-002
  0.51288809239595423        2.2163938449397291E-002
  0.53988220252205710        1.9393027217353229E-002
  0.56687631264815996        1.6574534257121250E-002
  0.59387042277426283        1.3724170741788343E-002
  0.62086453290036570        1.0856852225987750E-002
  0.64785864302646856        7.9870500232547183E-003
  0.67485275315257143        5.1291145652989038E-003
  0.70184686327867429        2.2975939287762288E-003
  0.72884097340477705       -4.9242950794941838E-004
  0.75583508353087991       -3.2249587418853756E-003
  0.78282919365698278       -5.8826268345599717E-003
  0.80982330378308565       -8.4461254054125322E-003
  0.83681741390918851       -1.0893460291400011E-002
  0.86381152403529138       -1.3198954721395741E-002
  0.89080563416139424       -1.5331887329559228E-002
  0.91779974428749711       -1.7254607577405351E-002
  0.94479385441359998       -1.8919917330359030E-002
  0.97178796453970284       -2.0267462419312800E-002
  0.99878207466580571       -2.1218904732603818E-002
   1.0257761847919085       -2.1671927773816893E-002
   1.0527702949180113       -2.1494140412745097E-002
   1.0797644050441142       -2.0520753120668603E-002
   1.1067585151702171       -1.8566109294741649E-002
   1.1337526252963199       -1.5468049397922725E-002
   1.1607467354224228       -1.1182214095135371E-002
   1.1877408455485257       -5.8920974774781662E-003
   1.2147349556746285        0.0000000000000000     
   0.0000000000000000        0.0000000000000000     
   2.7030949141648115E-002   1.0754486043685889E-002
   5.4061898283296231E-002   2.0407934644467100E-002
   8.1092847424944353E-002   2.8256074444698270E-002
  0.10812379656659246        3.4130065201310802E-002
  0.13515474570824057        3.8207727092867093E-002
  0.16218569484988871        4.0799798595475931E-002
  0.18921664399153681        4.2217897600735174E-002
  0.21624759313318492        4.2723483025294183E-002
  0.24327854227483303        4.2520131046425123E-002
  0.27030949141648114        4.1761784936334395E-002
  0.29734044055812925        4.0564157934919250E-002
  0.32437138969977741        3.9014802931501100E-002
  0.35140233884142552        3.7180879379698870E-002
  0.37843328798307363        3.5114826396856688E-002
  0.40546423712472174        3.2858418858532294E-002
  0.43249518626636985        3.0445652998857851E-002
  0.45952613540801795        2.7904808132051141E-002
  0.48655708454966606        2.5259934951011875E-002
  0.51358803369131423        2.2531946059510255E-002
  0.54061898283296228        1.9739430749963996E-002
  0.56764993197461044        1.6899279006167302E-002
  0.59468088111625850        1.4027174692453305E-002
  0.62171183025790666        1.1138001304125801E-002
  0.64874277939955483        8.2461929873803002E-003
  0.67577372854120288        5.3660571467189326E-003
  0.70280467768285104        2.5120918665060003E-003
  0.72983562682449910       -3.0067887795683047E-004
  0.75686657596614726       -3.0563266683916838E-003
  0.78389752510779531       -5.7375653673995240E-003
  0.81092847424944348       -8.3251817259348652E-003
  0.83795942339109153       -1.0797292780563567E-002
  0.86499037253273969       -1.3128349372682785E-002
  0.89202132167438786       -1.5287770969744201E-002
  0.91905227081603591       -1.7238049982879557E-002
  0.94608321995768407       -1.8932105603220162E-002
  0.97311416909933213       -2.0309613975930001E-002
   1.0001451182409802       -2.1292053133392115E-002
   1.0271760673826285       -2.1776458633453143E-002
   1.0542070165242765       -2.1628867101052513E-002
   1.0812379656659246       -2.0681239799977536E-002
   1.1082689148075728       -1.8742070451149149E-002
   1.1352998639492209       -1.5640556069847225E-002
   1.1623308130908689       -1.1323659615088456E-002
   1.1893617622325170       -5.9728217191807919E-003
   1.2163927113741653        0.0000000000000000     
   0.0000000000000000       -1.9453149474164254E-019
   2.7065040771596063E-002   1.0947618838864550E-002
   5.4130081543192127E-002   2.0760909822501776E-002
   8.1195122314788190E-002   2.8719045487455429E-002
  0.10826016308638425        3.4657346405247758E-002
  0.13532520385798030        3.8766088522286676E-002
  0.16239024462957638        4.1368031544064522E-002
  0.18945528540117246        4.2783398505447351E-002
  0.21652032617276851        4.3279033338362860E-002
  0.24358536694436456        4.3061673565794101E-002
  0.27065040771596061        4.2287064915806610E-002
  0.29771544848755671        4.1071935713283568E-002
  0.32478048925915276        3.9504407404249431E-002
  0.35184553003074881        3.7651956211577693E-002
  0.37891057080234491        3.5567195675737052E-002
  0.40597561157394096        3.3291994004096978E-002
  0.43304065234553701        3.0860394005258550E-002
  0.46010569311713306        2.8300694110397921E-002
  0.48717073388872911        2.5636947528177911E-002
  0.51423577466032522        2.2890058845710607E-002
  0.54130081543192121        2.0078602120228325E-002
  0.56836585620351732        1.7219446574317586E-002
  0.59543089697511342        1.4328250485346137E-002
  0.62249593774670942        1.1419866988103407E-002
  0.64956097851830552        8.5086946777615628E-003
  0.67662601928990163        5.6089994136629432E-003
  0.70369106006149762        2.7352305760793526E-003
  0.73075610083309372       -9.7645252921774268E-005
  0.75782114160468983       -2.8737676415813897E-003
  0.78488618237628582       -5.5759312869113776E-003
  0.81195122314788193       -8.1850191068287958E-003
  0.83901626391947792       -1.0679262007329016E-002
  0.86608130469107403       -1.3033243834454766E-002
  0.89314634546267013       -1.5216534889668896E-002
  0.92021138623426613       -1.7191788431887033E-002
  0.94727642700586223       -1.8912072524018067E-002
  0.97434146777745823       -2.0317148856885861E-002
   1.0014065085490544       -2.1328407845613937E-002
   1.0284715493206504       -2.1842403380650084E-002
   1.0555365900922464       -2.1723881664158458E-002
   1.0826016308638424       -2.0802013082974996E-002
   1.1096666716354386       -1.8880127433666773E-002
   1.1367317124070346       -1.5779650009734747E-002
   1.1637967531786306       -1.1439653687865908E-002
   1.1908617939502268       -6.0396567689142040E-003
   1.2179268347218228        0.0000000000000000     
   0.0000000000000000        2.0918681701183094E-019
   2.7096765037968467E-002   1.1128043890369586E-002
   5.4193530075936934E-002   2.1090586112206079E-002
   8.1290295113905398E-002   2.9151436054778403E-002
  0.10838706015187387        3.5150000539694685E-002
  0.13548382518984234        3.9288278411462735E-002
  0.16258059022781080        4.1900225428832975E-002
  0.18967735526577928        4.3314022039890446E-002
  0.21677412030374774        4.3801465494462830E-002
  0.24387088534171619        4.3572190185630452E-002
  0.27096765037968468        4.2783589440078054E-002
  0.29806441541765316        4.1553318361739686E-002
  0.32516118045562159        3.9970017577058363E-002
  0.35225794549359007        3.8101453065011441E-002
  0.37935471053155856        3.6000398506075934E-002
  0.40645147556952699        3.3708808361104840E-002
  0.43354824060749547        3.1260768987929739E-002
  0.46064500564546396        2.8684597166606457E-002
  0.48774177068343239        2.6004349087686077E-002
  0.51483853572140093        2.3240922438278282E-002
  0.54193530075936935        2.0412877474352838E-002
  0.56903206579733778        1.7537064216699007E-002
  0.59612883083530632        1.4629116928215623E-002
  0.62322559587327475        1.1703859898492283E-002
  0.65032236091124318        8.7756575793949132E-003
  0.67741912594921172        5.8587355389057173E-003
  0.70451589098718015        2.9674954977668921E-003
  0.73161265602514858        1.1684740110542752E-004
  0.75870942106311712       -2.6774159610570255E-003
  0.78580618610108555       -5.3981703874635308E-003
  0.81290295113905398       -8.0263961755194808E-003
  0.83999971617702252       -1.0540440819908523E-002
  0.86709648121499094       -1.2915026355678490E-002
  0.89419324625295937       -1.5119883218792197E-002
  0.92129001129092791       -1.7117841801149170E-002
  0.94838677632889634       -1.8862147318671689E-002
  0.97548354136686477       -2.0292696041710516E-002
   1.0025803064048333       -2.1330875727579614E-002
   1.0296770714428019       -2.1872905105763615E-002
   1.0567738364807702       -2.1782488703297891E-002
   1.0838706015187387       -2.0886413009380843E-002
   1.1109673665567072       -1.8983460080439895E-002
   1.1380641315946756       -1.5888084360914614E-002
   1.1651608966326441       -1.1532228433386060E-002
   1.1922576616706126       -6.0936785006986153E-003
   1.2193544267085810        0.0000000000000000     
   0.0000000000000000       -2.2285406847421275E-019
   2.7126464412463056E-002   1.1297498078415832E-002
   5.4252928824926112E-002   2.1400196348913256E-002
   8.1379393237389172E-002   2.9557580530673172E-002
  0.10850585764985222        3.5613053731747529E-002
  0.13563232206231529        3.9779676589481852E-002
  0.16275878647477834        4.2401872708490995E-002
  0.18988525088724140        4.3815216207794341E-002
  0.21701171529970445        4.4296086112465882E-002
  0.24413817971216750        4.4056788309671302E-002
  0.27126464412463058        4.3256233014568511E-002
  0.29839110853709361        4.2012928318690836E-002
  0.32551757294955669        4.0415993247675266E-002
  0.35264403736201971        3.8533461561707019E-002
  0.37977050177448279        3.6418255719910808E-002
  0.40689696618694582        3.4112411024382082E-002
  0.43402343059940890        3.1650055277004881E-002
  0.46114989501187198        2.9059523314258717E-002
  0.48827635942433500        2.6364874983628793E-002
  0.51540282383679803        2.3587002236738003E-002
  0.54252928824926117        2.0744452910781159E-002
  0.56965575266172419        1.7854059270058422E-002
  0.59678221707418722        1.4931432979489288E-002
  0.62390868148665024        1.1991370812709082E-002
  0.65103514589911338        9.0482042759126129E-003
  0.67816161031157640        6.1161196684316761E-003
  0.70528807472403943        3.2094718456280409E-003
  0.73241453913650256        3.4311460453162609E-004
  0.75954100354896559       -2.4672268412117256E-003
  0.78666746796142861       -5.2045099385704362E-003
  0.81379393237389164       -7.8498138300030218E-003
  0.84092039678635477       -1.0381605493611588E-002
  0.86804686119881780       -1.2774750336059584E-002
  0.89517332561128082       -1.4999147864277048E-002
  0.92229979002374396       -1.7017820823537845E-002
  0.94942625443620698       -1.8784217487729592E-002
  0.97655271884867001       -2.0238412975442512E-002
   1.0036791832611331       -2.1301868340455690E-002
   1.0308056476735961       -2.1870597389471731E-002
   1.0579321120860592       -2.1807483744134548E-002
   1.0850585764985223       -2.0937292228888734E-002
   1.1121850409109852       -1.9054810437874169E-002
   1.1393115053234484       -1.5968255001334430E-002
   1.1664379697359115       -1.1603165529667909E-002
   1.1935644341483744       -6.1358348280755046E-003
   1.2206908985608376        0.0000000000000000     
   0.0000000000000000        0.0000000000000000     
   2.7154448618003899E-002   1.1457582147776450E-002
   5.4308897236007798E-002   2.1692709330597418E-002
   8.1463345854011701E-002   2.9941441447037448E-002
  0.10861779447201560        3.6051082332069953E-002
  0.13577224309001951        4.0245166840258792E-002
  0.16292669170802340        4.2877950331205401E-002
  0.19008114032602730        4.4291913776318435E-002
  0.21723558894403119        4.4767700211291214E-002
  0.24439003756203509        4.4520095980410040E-002
  0.27154448618003901        4.3709418389981824E-002
  0.29869893479804288        4.2454967152067161E-002
  0.32585338341604680        4.0846306190840259E-002
  0.35300783203405067        3.8951719297580650E-002
  0.38016228065205460        3.6824268772353966E-002
  0.40731672927005846        3.4506066709899356E-002
  0.43447117788806239        3.2031280989753441E-002
  0.46162562650606631        2.9428264581077519E-002
  0.48878007512407018        2.6721081811538400E-002
  0.51593452374207405        2.3930620076497117E-002
  0.54308897236007803        2.1075416109671476E-002
  0.57024342097808189        1.8172285744195216E-002
  0.59739786959608576        1.5236819307403010E-002
  0.62455231821408963        1.2283787202627940E-002
  0.65170676683209361        9.3274889809044984E-003
  0.67886121545009748        6.3820724660302915E-003
  0.70601566406810135        3.4618461897790217E-003
  0.73317011268610532        5.8160801433625761E-004
  0.76032456130410919       -2.2429846550763763E-003
  0.78747900992211306       -4.9949717730572649E-003
  0.81463345854011693       -7.6555331049705166E-003
  0.84178790715812091       -1.0203258281875138E-002
  0.86894235577612478       -1.2613161428183625E-002
  0.89609680439412864       -1.4855319966438208E-002
  0.92325125301213262       -1.6892963596610511E-002
  0.95040570163013649       -1.8679767908503914E-002
  0.97756015024814036       -2.0156027557491570E-002
   1.0047145988661443       -2.1243345744021258E-002
   1.0318690474841481       -2.1837648295683930E-002
   1.0590234961021521       -2.1801195136673231E-002
   1.0861779447201561       -2.0957052841495797E-002
   1.1133323933381598       -1.9096511348278132E-002
   1.1404868419561638       -1.6022218687217971E-002
   1.1676412905741678       -1.1654004466981716E-002
   1.1947957391921715       -6.1669479046233934E-003
   1.2219501878101755        0.0000000000000000     
   0.0000000000000000        0.0000000000000000     
   2.7180999018365837E-002   1.1609773876813688E-002
   5.4361998036731675E-002   2.1970857353446272E-002
   8.1542997055097516E-002   3.0306651776640433E-002
  0.10872399607346335        3.6468268125551866E-002
  0.13590499509182918        4.0689201619516044E-002
  0.16308599411019503        4.3332990278338430E-002
  0.19026699312856085        4.4748605520918854E-002
  0.21744799214692670        4.5220684818915634E-002
  0.24462899116529255        4.4966334224072209E-002
  0.27180999018365837        4.4147186552833693E-002
  0.29899098920202422        4.2883282481286283E-002
  0.32617198822039006        4.1264603550312189E-002
  0.35335298723875591        3.9359669409259682E-002
  0.38053398625712170        3.7221675294378080E-002
  0.40771498527548755        3.4892807175775586E-002
  0.43489598429385340        3.2407272246914233E-002
  0.46207698331221925        2.9793441977339977E-002
  0.48925798233058510        2.7075386104512534E-002
  0.51643898134895094        2.4273988641698475E-002
  0.54361998036731674        2.1407776459801534E-002
  0.57080097938568264        1.8493550166321013E-002
  0.59798197840404843        1.5546879859369393E-002
  0.62516297742241422        1.2582510539762058E-002
  0.65234397644078013        9.6147105923598819E-003
  0.67952497545914592        6.6575899329695543E-003
  0.70670597447751182        3.7254110598946718E-003
  0.73388697349587761        8.3291583344226067E-004
  0.76106797251424341       -2.0043066922318139E-003
  0.78824897153260931       -4.7693801786048429E-003
  0.81542997055097510       -7.4435871518000090E-003
  0.84261096956934101       -1.0005643422348895E-002
  0.86979196858770680       -1.2430717478897057E-002
  0.89697296760607259       -1.4689073638345214E-002
  0.92415396662443849       -1.6744162909431409E-002
  0.95133496564280429       -1.8549911418728783E-002
  0.97851596466117019       -2.0046871462708529E-002
   1.0056969636795361       -2.1156851744791663E-002
   1.0328779626979019       -2.1775796306975757E-002
   1.0600589617162677       -2.1765518867335444E-002
   1.0872399607346335       -2.0947677655383495E-002
   1.1144209597529993       -1.9110511389895276E-002
   1.1416019587713653       -1.6051709517357744E-002
   1.1687829577897311       -1.1686050516523699E-002
   1.1959639568080969       -6.1877165083256032E-003
   1.2231449558264627        0.0000000000000000     
   0.0000000000000000        0.0000000000000000     
   2.7206372649795970E-002   1.1755441825205036E-002
   5.4412745299591940E-002   2.2237164097365102E-002
   8.1619117949387907E-002   3.0656556377467854E-002
  0.10882549059918388        3.6868451013733955E-002
  0.13603186324897984        4.1115862639997051E-002
  0.16323823589877581        4.3771144758954904E-002
  0.19044460854857179        4.5189407359691527E-002
  0.21765098119836776        4.5659056109024862E-002
  0.24485735384816373        4.5399382869054247E-002
  0.27206372649795968        4.4573260357793833E-002
  0.29927009914775565        4.3301428864408527E-002
  0.32647647179755163        4.1674265625494616E-002
  0.35368284444734760        3.9760515036578535E-002
  0.38088921709714357        3.7613500092722872E-002
  0.40809558974693955        3.5275478674712306E-002
  0.43530196239673552        3.2780697027651906E-002
  0.46250833504653149        3.0157545725699019E-002
  0.48971470769632747        2.7430100924951403E-002
  0.51692108034612338        2.4619244414660939E-002
  0.54412745299591936        2.1743494368009340E-002
  0.57133382564571533        1.8819637256732170E-002
  0.59854019829551131        1.5863223912850111E-002
  0.62574657094530728        1.2888974732155641E-002
  0.65295294359510325        9.9111275278106221E-003
  0.68015931624489923        6.9437546547302283E-003
  0.70736568889469520        4.0010726181346620E-003
  0.73457206154449117        1.0977669259941722E-003
  0.76177843419428715       -1.7506425828615916E-003
  0.78898480684408312       -4.5273648384921159E-003
  0.81619117949387909       -7.2137876674362930E-003
  0.84339755214367507       -9.7887570139601789E-003
  0.87060392479347104       -1.2227601795953984E-002
  0.89781029744326701       -1.4500782531947854E-002
  0.92501667009306299       -1.6571985965438688E-002
  0.95222304274285896       -1.8395411465847125E-002
  0.97942941539265493       -1.9911905344650323E-002
   1.0066357880424508       -2.1043541054929983E-002
   1.0338421606922468       -2.1686378499971792E-002
   1.0610485333420427       -2.1701946335841049E-002
   1.0882549059918387       -2.0910755597960531E-002
   1.1154612786416347       -1.9098395568470376E-002
   1.1426676512914307       -1.6058152873935153E-002
   1.1698740239412266       -1.1700381561573086E-002
   1.1970803965910226       -6.1987180699952992E-003
   1.2242867692408186        0.0000000000000000     
   0.0000000000000000        2.7041882675097326E-019
   2.7230805949911296E-002   1.1895859394536789E-002
   5.4461611899822591E-002   2.2493972507258510E-002
   8.1692417849733884E-002   3.0994252383440307E-002
  0.10892322379964518        3.7255179276202477E-002
  0.13615402974955648        4.1528917789388740E-002
  0.16338483569946777        4.4196246835091012E-002
  0.19061564164937908        4.5618122392739026E-002
  0.21784644759929037        4.6086531236872549E-002
  0.24507725354920165        4.5822841099223868E-002
  0.27230805949911296        4.4991103100903540E-002
  0.29953886544902425        4.3712723949819315E-002
  0.32676967139893554        4.2078459325719873E-002
  0.35400047734884682        4.0157269909776243E-002
  0.38123128329875816        3.8002602766775861E-002
  0.40846208924866945        3.5656786540511819E-002
  0.43569289519858073        3.3154106692365348E-002
  0.46292370114849202        3.0522973703843222E-002
  0.49015450709840330        2.7787471221293991E-002
  0.51738531304831459        2.4968479948373232E-002
  0.54461611899822593        2.2084510453029053E-002
  0.57184692494813716        1.9152336052412223E-002
  0.59907773089804850        1.6187489138790759E-002
  0.62630853684795984        1.3204666138681591E-002
  0.65353934279787107        1.0218074700993618E-002
  0.68077014874778241        7.2417497517906571E-003
  0.70800095469769364        4.2898615958827813E-003
  0.73523176064760498        1.3770387520700622E-003
  0.76246256659751632       -1.4812693523360918E-003
  0.78969337254742755       -4.2683588618639664E-003
  0.81692417849733889       -6.9657258831556917E-003
  0.84415498444725012       -9.5523509416513344E-003
  0.87138579039716146       -1.2003729974879109E-002
  0.89861659634707280       -1.4290529513330381E-002
  0.92584740229698403       -1.6376686816357559E-002
  0.95307820824689538       -1.8216697148538248E-002
  0.98030901419680661       -1.9751736229532725E-002
   1.0075398201467178       -2.0904198612524384E-002
   1.0347706260966292       -2.1570351097955250E-002
   1.0620014320465405       -2.1611585057985924E-002
   1.0892322379964519       -2.0847501003575665E-002
   1.1164630439463632       -1.9061401222404451E-002
   1.1436938498962743       -1.6042676102653995E-002
   1.1709246558461857       -1.1697853038964104E-002
   1.1981554617960970       -6.2004098598230518E-003
   1.2253862677460083        0.0000000000000000     
   0.0000000000000000        0.0000000000000000     
   2.7254518240742188E-002   1.2032219062996488E-002
   5.4509036481484377E-002   2.2743472528300758E-002
   8.1763554722226572E-002   3.1322628572832689E-002
  0.10901807296296875        3.7631757724684287E-002
  0.13627259120371094        4.1931874991328028E-002
  0.16352710944445314        4.4611867336532642E-002
  0.19078162768519533        4.6038298887188210E-002
  0.21803614592593751        4.6506586031199552E-002
  0.24529066416667969        4.6240083961372247E-002
  0.27254518240742187        4.5403973277060757E-002
  0.29979970064816408        4.4120301131186118E-002
  0.32705421888890629        4.2480188506539514E-002
  0.35430873712964844        4.0552806236463589E-002
  0.38156325537039065        3.8391723070175049E-002
  0.40881777361113281        3.6039337981465053E-002
  0.43607229185187502        3.3529976186304378E-002
  0.46332681009261723        3.0892069050163107E-002
  0.49058132833335938        2.8149708836083816E-002
  0.51783584657410153        2.5323776281896138E-002
  0.54509036481484374        2.2432775376788158E-002
  0.57234488305558595        1.9493467164437363E-002
  0.59959940129632816        1.6521366296323368E-002
  0.62685391953707037        1.3531145712563333E-002
  0.65410843777781258        1.0536983125605323E-002
  0.68136295601855468        7.5528759545897568E-003
  0.70861747425929689        4.5929478502369642E-003
  0.73587199250003910        1.6717694151180376E-003
  0.76312651074078131       -1.1952818743563316E-003
  0.79038102898152351       -3.9915917293012939E-003
  0.81763554722226561       -6.6987679950330989E-003
  0.84489006546300782       -9.2959307817466613E-003
  0.87214458370375003       -1.1758750265022974E-002
  0.89939910194449224       -1.4058109464185413E-002
  0.92665362018523445       -1.6158211552589057E-002
  0.95390813842597655       -1.8013870709261557E-002
  0.98116265666671876       -1.9566627151613794E-002
   1.0084171749074611       -2.0739251076453039E-002
   1.0356716931482031       -2.1428302337125945E-002
   1.0629262113889453       -2.1495172104534790E-002
   1.0901807296296875       -2.0758766415325230E-002
   1.1174352478704297       -1.9000428583107715E-002
   1.1446897661111719       -1.6006115219382222E-002
   1.1719442843519141       -1.1679100270475338E-002
   1.1991988025926563       -6.1931288629479136E-003
   1.2264533208333985        0.0000000000000000     
   0.0000000000000000        0.0000000000000000     
   2.7277715025191239E-002   1.2165646768979679E-002
   5.4555430050382478E-002   2.2987728737520190E-002
   8.1833145075573710E-002   3.1644403945897688E-002
  0.10911086010076496        3.8001294236374439E-002
  0.13638857512595620        4.2328033745666432E-002
  0.16366629015114742        4.5021369003997953E-002
  0.19094400517633867        4.6453285288249845E-002
  0.21822172020152991        4.6922509711220674E-002
  0.24549943522672116        4.6654316043038518E-002
  0.27277715025191240        4.5814976753227397E-002
  0.30005486527710362        4.4527159930870489E-002
  0.32733258030229484        4.2882342391406043E-002
  0.35461029532748611        4.0949901060832912E-002
  0.38188801035267733        3.8783525150191234E-002
  0.40916572537786861        3.6425684170259556E-002
  0.43644344040305982        3.3910743967382764E-002
  0.46372115542825104        3.1267157927272825E-002
  0.49099887045344232        2.8519028109413404E-002
  0.51827658547863353        2.5687236392390612E-002
  0.54555430050382481        2.2790281155622497E-002
  0.57283201552901597        1.9844911960463861E-002
  0.60010973055420724        1.6866626299075729E-002
  0.62738744557939852        1.3870073964012533E-002
  0.65466516060458968        1.0869402786309301E-002
  0.68194287562978095        7.8785723939968078E-003
  0.70922059065497223        4.9116590837030225E-003
  0.73649830568016350        1.9831743190127666E-003
  0.76377602070535466       -8.9157827051933531E-004
  0.79105373573054594       -3.6960767454248867E-003
  0.81833145075573721       -6.4120446678270718E-003
  0.84560916578092837       -9.0187473581896296E-003
  0.87288688080611965       -1.1492037179158846E-002
  0.90016459583131092       -1.3803024943389345E-002
  0.92744231085650208       -1.5916196006199791E-002
  0.95472002588169336       -1.7786707245809170E-002
  0.98199774090688463       -1.9356498796110597E-002
   1.0092754559320758       -2.0548770238885898E-002
   1.0365531709572671       -2.1260457339354159E-002
   1.0638308859824583       -2.1353079885362891E-002
   1.0911086010076496       -2.0645048390130205E-002
   1.1183863160328409       -1.8916045341146583E-002
   1.1456640310580319       -1.5949016884951737E-002
   1.1729417460832232       -1.1644537437845080E-002
   1.2002194611084145       -6.1770898560337389E-003
   1.2274971761336058        0.0000000000000000     
   0.0000000000000000        0.0000000000000000     
   2.7300591160066601E-002   1.2297216511805240E-002
   5.4601182320133203E-002   2.3228708073993149E-002
   8.1901773480199808E-002   3.1962165922653218E-002
  0.10920236464026641        3.8366745314406564E-002
  0.13650295580033300        4.2720535211507177E-002
  0.16380354696039962        4.5427958891176831E-002
  0.19110413812046620        4.6866283402442893E-002
  0.21840472928053281        4.7337457845087257E-002
  0.24570532044059942        4.7068623573083557E-002
  0.27300591160066601        4.6227117622153216E-002
  0.30030650276073262        4.4936215372202160E-002
  0.32760709392079923        4.3287743323880863E-002
  0.35490768508086584        4.1351282316271283E-002
  0.38220827624093240        3.9180641857992346E-002
  0.40950886740099901        3.6818362791708546E-002
  0.43680945856106562        3.4298852784912265E-002
  0.46411004972113223        3.1650588534491125E-002
  0.49141064088119885        2.8897683133047671E-002
  0.51871123204126546        2.6061020701942987E-002
  0.54601182320133201        2.3159094933037225E-002
  0.57331241436139868        2.0208644617462919E-002
  0.60061300552146524        1.7225150562287687E-002
  0.62791359668153179        1.4223239615870208E-002
  0.65521418784159846        1.1217029616257587E-002
  0.68251477900166502        8.2204419128874846E-003
  0.70981537016173168        5.2475045002162071E-003
  0.73711596132179824        2.3126681764548520E-003
  0.76441655248186480       -5.6883954444627563E-004
  0.79171714364193146       -3.3805923144489998E-003
  0.81901773480199802       -6.1044339556874678E-003
  0.84631832596206469       -8.7197813168511315E-003
  0.87361891712213124       -1.1202677735705175E-002
  0.90091950828219780       -1.3524474116018760E-002
  0.92822009944226447       -1.5649955387213123E-002
  0.95552069060233102       -1.7534646070535089E-002
  0.98282128176239769       -1.9120922576944366E-002
   1.0101218729224644       -2.0332467769271396E-002
   1.0374224640825309       -2.1066674373981024E-002
   1.0647230552425975       -2.1185313607522845E-002
   1.0920236464026640       -2.0506485560202337E-002
   1.1193242375627306       -1.8808484384588525E-002
   1.1466248287227974       -1.5871634752006203E-002
   1.1739254198828639       -1.1594352349670677E-002
   1.2012260110429305       -6.1523811326331043E-003
   1.2285266022029970        0.0000000000000000     
   0.0000000000000000        0.0000000000000000     
   2.7323333974897140E-002   1.2427965332099482E-002
   5.4646667949794281E-002   2.3468308027129431E-002
   8.1970001924691421E-002   3.2278408749167667E-002
  0.10929333589958856        3.8730961491885652E-002
  0.13661666987448570        4.3112411842885140E-002
  0.16394000384938284        4.5834740180040523E-002
  0.19126333782427998        4.7280401005396440E-002
  0.21858667179917712        4.7754504863059280E-002
  0.24591000577407426        4.7486026291619951E-002
  0.27323333974897140        4.6643349097052034E-002
  0.30055667372386852        4.5350347701250050E-002
  0.32788000769876569        4.3699195202130864E-002
  0.35520334167366285        4.1759675908591344E-002
  0.38252667564855997        3.9585720448247784E-002
  0.40985000962345708        3.7219942345520667E-002
  0.43717334359835425        3.4696792584838473E-002
  0.46449667757325142        3.2044772621656781E-002
  0.49182001154814853        2.9288007884167463E-002
  0.51914334552304564        2.6447385845419568E-002
  0.54646667949794281        2.3541396397459488E-002
  0.57379001347283998        2.0586768206138632E-002
  0.60111334744773703        1.7598965770837294E-002
  0.62843668142263420        1.4592593071904787E-002
  0.65576001539753137        1.1581737681475187E-002
  0.68308334937242854        8.5802819809234990E-003
  0.71040668334732571        5.6022044624827348E-003
  0.73773001732222276        2.6618934181811688E-003
  0.76505335129711993       -2.2550241575559709E-004
  0.79237668527201710       -3.0436560173041369E-003
  0.81970001924691416       -5.7745366291375513E-003
  0.84702335322181133       -8.3977197177981886E-003
  0.87434668719670849       -1.0889449341749043E-002
  0.90167002117160566       -1.3221329964475862E-002
  0.92899335514650283       -1.5358464872733400E-002
  0.95631668912139989       -1.7256772737882543E-002
  0.98364002309629706       -1.8859104166763896E-002
   1.0109633570711942       -2.0089680298969056E-002
   1.0382866910460913       -2.0846431501697980E-002
   1.0656100250209886       -2.0991499374725754E-002
   1.0929333589958856       -2.0342847883272376E-002
   1.1202566929707827       -1.8677633605211800E-002
   1.1475800269456800       -1.5773919066366666E-002
   1.1749033609205770       -1.1528495969210659E-002
   1.2022266948954741       -6.1189572117578391E-003
   1.2295500288703713        0.0000000000000000     
   0.0000000000000000        0.0000000000000000     
   2.7346126414960415E-002   1.2558908931997782E-002
   5.4692252829920830E-002   2.3708385806097944E-002
   8.2038379244881249E-002   3.2595572892881911E-002
  0.10938450565984166        3.9096733589448027E-002
  0.13673063207480207        4.3506637770258802E-002
  0.16407675848976250        4.6244764736208935E-002
  0.19142288490472290        4.7698705290678614E-002
  0.21876901131968332        4.8176697598884231E-002
  0.24611513773464375        4.7909530596479233E-002
  0.27346126414960414        4.7066625971818050E-002
  0.30080739056456457        4.5772453990394681E-002
  0.32815351697952500        4.4119534128153635E-002
  0.35549964339448542        4.2177855359171609E-002
  0.38284576980944579        4.0001471191266895E-002
  0.41019189622440622        3.7633069719957106E-002
  0.43753802263936664        3.5107147047887324E-002
  0.46488414905432707        3.2452231002227147E-002
  0.49223027546928749        2.9692460727973241E-002
  0.51957640188424792        2.6848728180005225E-002
  0.54692252829920829        2.3939520318038351E-002
  0.57426865471416877        2.0981556273237296E-002
  0.60161478112912914        1.7990284528728809E-002
  0.62896090754408951        1.4980286153827968E-002
  0.65630703395904999        1.1965618024892993E-002
  0.68365316037401036        8.9601226635043062E-003
  0.71099928678897084        5.9777276013143399E-003
  0.73834541320393121        3.0327564543994618E-003
  0.76569153961889158        1.4027610059538304E-004
  0.79303766603385206       -2.6834900316732619E-003
  0.82038379244881243       -5.4206424446895038E-003
  0.84772991886377291       -8.0509231750195732E-003
  0.87507604527873328       -1.0550787838761719E-002
  0.90242217169369365       -1.2892109295277622E-002
  0.92976829810865413       -1.5040329653226877E-002
  0.95711442452361450       -1.6951790235698455E-002
  0.98446055093857499       -1.8569855967625840E-002
   1.0118066773535355       -1.9819343327061166E-002
   1.0391528037684958       -2.0598802075243706E-002
   1.0664989301834562       -2.0770861399670205E-002
   1.0938450565984166       -2.0153515554576926E-002
   1.1211911830133769       -1.8523016258587165E-002
   1.1485373094283375       -1.5655498050857863E-002
   1.1758834358432979       -1.1446665376781115E-002
   1.2032295622582583       -6.0766276794132620E-003
   1.2305756886732186        0.0000000000000000     
   0.0000000000000000        0.0000000000000000     
   2.7369150300625797E-002   1.2691058301483198E-002
   5.4738300601251594E-002   2.3950789202533386E-002
   8.2107450901877391E-002   3.2916086441066979E-002
  0.10947660120250319        3.9466841083699175E-002
  0.13684575150312900        4.3906181369040578E-002
  0.16421490180375478        4.6661087976829413E-002
  0.19158405210438056        4.8124278823297957E-002
  0.21895320240500638        4.8607111583907493E-002
  0.24632235270563219        4.8342185731091614E-002
  0.27369150300625800        4.7499960439094602E-002
  0.30106065330688375        4.6205503433613682E-002
  0.32842980360750956        4.4551683095368874E-002
  0.35579895390813537        4.2608695839731238E-002
  0.38316810420876113        4.0430720736298949E-002
  0.41053725450938694        3.8060522880607621E-002
  0.43790640481001275        3.5532645611432739E-002
  0.46527555511063856        3.2875644922311750E-002
  0.49264470541126437        3.0113675152550066E-002
  0.52001385571189018        2.7267633907864925E-002
  0.54738300601251599        2.4356006078926913E-002
  0.57475215631314169        2.1395501812708665E-002
  0.60212130661376750        1.8401553792896548E-002
  0.62949045691439331        1.5388720023519256E-002
  0.65685960721501913        1.2371026101937903E-002
  0.68422875751564494        9.3622735940158183E-003
  0.71159790781627075        6.3763373450363720E-003
  0.73896705811689656        3.4274737778630399E-003
  0.76633620841752226        5.3066438137210417E-004
  0.79370535871814807       -2.2979758588114289E-003
  0.82107450901877388       -5.0406852949118428E-003
  0.84844365931939969       -7.6773814545648082E-003
  0.87581280962002550       -1.0184743594501947E-002
  0.90318195992065131       -1.2534929397759355E-002
  0.93055111022127712       -1.4693742266875604E-002
  0.95792026052190293       -1.6617977149091696E-002
  0.98528941082252874       -1.8251556311916349E-002
   1.0126585611231544       -1.9519951728157764E-002
   1.0400277114237804       -2.0322416879779800E-002
   1.0673968617244061       -2.0522186130467510E-002
   1.0947660120250320       -1.9937445422835647E-002
   1.1221351623256577       -1.8343759788864048E-002
   1.1495043126262834       -1.5515649088683695E-002
   1.1768734629269093       -1.1348278405202805E-002
   1.2042426132275350       -6.0250410373140226E-003
   1.2316117635281609        0.0000000000000000     
   0.0000000000000000        0.0000000000000000     
   2.7369380943638701E-002   1.2692381390133824E-002
   5.4738761887277401E-002   2.3953216709872480E-002
   8.2108142830916109E-002   3.2919297496693645E-002
  0.10947752377455480        3.9470551269201570E-002
  0.13684690471819350        4.3910189748929594E-002
  0.16421628566183222        4.6665268398008775E-002
  0.19158566660547091        4.8128556191393113E-002
  0.21895504754910960        4.8611441857778062E-002
  0.24632442849274830        4.8346542896625364E-002
  0.27369380943638699        4.7504328821060607E-002
  0.30106319038002571        4.6209873319730282E-002
  0.32843257132366444        4.4556048263216047E-002
  0.35580195226730310        4.2613052148190424E-002
  0.38317133321094182        4.0435065308946673E-002
  0.41054071415458049        3.8064853620415048E-002
  0.43791009509821921        3.5536960902684440E-002
  0.46527947604185793        3.2879943438958066E-002
  0.49264885698549660        3.0117955727370204E-002
  0.52001823792913526        2.7271895435848847E-002
  0.54738761887277398        2.4360247438869324E-002
  0.57475699981641271        2.1399721796769019E-002
  0.60212638076005143        1.8405751037042627E-002
  0.62949576170369015        1.5392892933321967E-002
  0.65686514264732887        1.2375172768602451E-002
  0.68423452359096748        9.3663916954402071E-003
  0.71160390453460620        6.3804240258099358E-003
  0.73897328547824492        3.4315255007840361E-003
  0.76634266642188364        5.3467674110745100E-004
  0.79371204736552237       -2.2940083719835496E-003
  0.82108142830916098       -5.0367695968194376E-003
  0.84845080925279970       -7.6735262538253695E-003
  0.87582019019643842       -1.0180959888066670E-002
  0.90318957114007714       -1.2531231102314720E-002
  0.93055895208371586       -1.4690147010965608E-002
  0.95792833302735447       -1.6614507235512565E-002
  0.98529771397099319       -1.8248239811344043E-002
   1.0126670949146319       -1.9516823542287405E-002
   1.0400364758582705       -2.0319519341471998E-002
   1.0674058568019094       -2.0519568185399076E-002
   1.0947752377455480       -1.9935158722726658E-002
   1.1221446186891868       -1.8341850214328537E-002
   1.1495139996328254       -1.5514147983000316E-002
   1.1768833805764640       -1.1347214563914389E-002
   1.2042527615201029       -6.0244801476744669E-003
   1.2316221424637415        0.0000000000000000     
