   0.0000000000000000       -0.0000000000000000     
   2.2633138214953330E-002   3.9356101900717214E-002
   4.5266276429906660E-002   7.7430862648768764E-002
   6.7899414644859990E-002  0.11321631651822781     
   9.0532552859813320E-002  0.14569612662580891     
  0.11316569107476665       0.17406341644549708     
  0.13579882928971998       0.19771918974412694     
  0.15843196750467331       0.21628036114280283     
  0.18106510571962664       0.22956896379808411     
  0.20369824393457997       0.23758841601863243     
  0.22633138214953330       0.24049200860875083     
  0.24896452036448663       0.23854856819909315     
  0.27159765857943996       0.23210923393698904     
  0.29423079679439329       0.22157800842370537     
  0.31686393500934662       0.20738750827470503     
  0.33949707322429995       0.18998034559969057     
  0.36213021143925328       0.16979588408335808     
  0.38476334965420661       0.14726171545010550     
  0.40739648786915994       0.12278903223870322     
  0.43002962608411327        9.6771058009076691E-002
  0.45266276429906660        6.9583770835719191E-002
  0.47529590251401993        4.1588270122655278E-002
  0.49792904072897326        1.3134256450518142E-002
  0.52056217894392653       -1.5435801043601151E-002
  0.54319531715887992       -4.3782156350606519E-002
  0.56582845537383331       -7.1563235696841837E-002
  0.58846159358878658       -9.8431326150370771E-002
  0.61109473180373985      -0.12402880071346196     
  0.63372787001869324      -0.14798522055471031     
  0.65636100823364663      -0.16991572301570373     
  0.67899414644859990      -0.18942118831604549     
  0.70162728466355317      -0.20609076514332952     
  0.72426042287850656      -0.21950740431263752     
  0.74689356109345995      -0.22925706911205343     
  0.76952669930841322      -0.23494221899628601     
  0.79215983752336649      -0.23619995012177872     
  0.81479297573831988      -0.23272477236544961     
  0.83742611395327327      -0.22429537497385671     
  0.86005925216822654      -0.21080389015064074     
  0.88269239038317981      -0.19228517896073824     
  0.90532552859813320      -0.16894271088748444     
  0.92795866681308659      -0.14116692027338607     
  0.95059180502803986      -0.10954191453184409     
  0.97322494324299313       -7.4835921477000397E-002
  0.99585808145794652       -3.8003081153063625E-002
   1.0184912196728999        0.0000000000000000     
   0.0000000000000000       -0.0000000000000000     
   2.3045562104224863E-002   4.8584740994188302E-002
   4.6091124208449727E-002   9.5056958548160014E-002
   6.9136686312674583E-002  0.13773901794005325     
   9.2182248416899454E-002  0.17513121530592735     
  0.11522781052112432       0.20621998875080469     
  0.13827337262534917       0.23045676837074699     
  0.16131893472957404       0.24771681677271132     
  0.18436449683379891       0.25821671035316501     
  0.20741005893802378       0.26241621309115215     
  0.23045562104224865       0.26092360425085231     
  0.25350118314647352       0.25441621691716121     
  0.27654674525069833       0.24358090632628929     
  0.29959230735492320       0.22907416801400324     
  0.32263786945914807       0.21149887007686119     
  0.34568343156337294       0.19139359778227541     
  0.36872899366759782       0.16923075143264910     
  0.39177455577182269       0.14542021174376529     
  0.41482011787604756       0.12031620379542510     
  0.43786567998027243        9.4225743177645482E-002
  0.46091124208449730        6.7417652874993211E-002
  0.48395680418872211        4.0131584653277270E-002
  0.50700236629294704        1.2586784873366895E-002
  0.53004792839717185       -1.5009457849426163E-002
  0.55309349050139667       -4.2453628598510706E-002
  0.57613905260562159       -6.9537952959491570E-002
  0.59918461470984641       -9.6042389507014145E-002
  0.62223017681407133      -0.12172655141675212     
  0.64527573891829615      -0.14632153343102802     
  0.66832130102252107      -0.16952174798843195     
  0.69136686312674589      -0.19097707393990720     
  0.71441242523097082      -0.21028591435327609     
  0.73745798733519563      -0.22699016693556481     
  0.76050354943942045      -0.24057363938452975     
  0.78354911154364537      -0.25046606780294062     
  0.80659467364787019      -0.25605552991564540     
  0.82964023575209511      -0.25671249207410374     
  0.85268579785631993      -0.25182865433311780     
  0.87573135996054485      -0.24087268951109697     
  0.89877692206476967      -0.22346239177127372     
  0.92182248416899459      -0.19944837554381858     
  0.94486804627321941      -0.16899858167891371     
  0.96791360837744422      -0.13266701076612175     
  0.99095917048166915       -9.1424990351760355E-002
   1.0140047325858941       -4.6678238860632153E-002
   1.0370502946901188        0.0000000000000000     
   0.0000000000000000       -0.0000000000000000     
   2.3442945720834663E-002   5.8136883560302131E-002
   4.6885891441669325E-002  0.11306570821780371     
   7.0328837162503988E-002  0.16227404809117568     
   9.3771782883338650E-002  0.20377199394684417     
  0.11721472860417331       0.23647993018793442     
  0.14065767432500798       0.26012332079340333     
  0.16410062004584264       0.27506455972908017     
  0.18754356576667730       0.28208725782634014     
  0.21098651148751196       0.28219399152562880     
  0.23442945720834663       0.27644885926128537     
  0.25787240292918129       0.26587266435023288     
  0.28131534865001595       0.25138419921844940     
  0.30475829437085061       0.23377558642177607     
  0.32820124009168528       0.21370962444823680     
  0.35164418581251994       0.19172954981434062     
  0.37508713153335460       0.16827458723402919     
  0.39853007725418926       0.14369719633012479     
  0.42197302297502393       0.11827977122085717     
  0.44541596869585859        9.2249759471224199E-002
  0.46885891441669325        6.5792894606077276E-002
  0.49230186013752791        3.9064639305650808E-002
  0.51574480585836258        1.2200139048188742E-002
  0.53918775157919718       -1.4676925339660437E-002
  0.56263069730003190       -4.1446168052114776E-002
  0.58607364302086662       -6.7982590673702728E-002
  0.60951658874170123       -9.4148523782900576E-002
  0.63295953446253583      -0.11978501976970737     
  0.65640248018337055      -0.14470232603296548     
  0.67984542590420527      -0.16866912427308536     
  0.70328837162503988      -0.19140033886309551     
  0.72673131734587448      -0.21254354607375242     
  0.75017426306670920      -0.23166443253108768     
  0.77361720878754392      -0.24823245976596744     
  0.79706015450837853      -0.26160901447682550     
  0.82050310022921313      -0.27104196344363085     
  0.84394604595004785      -0.27567267579514965     
  0.86738899167088257      -0.27456391452459961     
  0.89083193739171718      -0.26675866243309510     
  0.91427488311255178      -0.25137922323696682     
  0.93771782883338650      -0.22777037634253247     
  0.96116077455422122      -0.19567753944544880     
  0.98460372027505583      -0.15543109659612628     
   1.0080466659958904      -0.10808422834050718     
   1.0314896117167252       -5.5498321951973240E-002
   1.0549325574375599        0.0000000000000000     
   0.0000000000000000       -0.0000000000000000     
   2.3816546347194292E-002   6.7827735316632470E-002
   4.7633092694388583E-002  0.13108593667500446     
   7.1449639041582871E-002  0.18629052922077752     
   9.5266185388777166E-002  0.23101598997419479     
  0.11908273173597146       0.26431565445598454     
  0.14289927808316574       0.28642910667907628     
  0.16671582443036004       0.29839574441340933     
  0.19053237077755433       0.30166058975337384     
  0.21434891712474863       0.29776888454020728     
  0.23816546347194292       0.28817363229569148     
  0.26198200981913722       0.27413954217603870     
  0.28579855616633149       0.25671313229879339     
  0.30961510251352581       0.23673099445057152     
  0.33343164886072008       0.21484603902852473     
  0.35724819520791440       0.19155935878643038     
  0.38106474155510867       0.16725116337399298     
  0.40488128790230293       0.14220791983891468     
  0.42869783424949726       0.11664490192814786     
  0.45251438059669152        9.0724379385452844E-002
  0.47633092694388585        6.4570108664962461E-002
  0.50014747329108011        3.8278906118014447E-002
  0.52396401963827444        1.1930063045329890E-002
  0.54778056598546876       -1.4406708687914764E-002
  0.57159711233266297       -4.0664184639737186E-002
  0.59541365867985729       -6.6770826882710924E-002
  0.61923020502705162       -9.2643737091322842E-002
  0.64304675137424583      -0.11818082298901308     
  0.66686329772144015      -0.14325160976875936     
  0.69067984406863447      -0.16768608842768398     
  0.71449639041582880      -0.19126096669923140     
  0.73831293676302301      -0.21368272482511397     
  0.76212948311021733      -0.23456706841439637     
  0.78594602945741165      -0.25341487153062564     
  0.80976257580460587      -0.26958576829974712     
  0.83357912215180019      -0.28227254622309855     
  0.85739566849899451      -0.29048285400542517     
  0.88121221484618883      -0.29303975812795169     
  0.90502876119338305      -0.28861900291776643     
  0.92884530754057737      -0.27584640346166245     
  0.95266185388777169      -0.25347871410955014     
  0.97647840023496590      -0.22067721596340040     
   1.0002949465821602      -0.17734738646665535     
   1.0241114929293544      -0.12445867883792337     
   1.0479280392765489       -6.4280727879833369E-002
   1.0717445856237431        0.0000000000000000     
   0.0000000000000000       -0.0000000000000000     
   2.4162314589378110E-002   7.7505713897948941E-002
   4.8324629178756219E-002  0.14882615414053263     
   7.2486943768134332E-002  0.20940680501770570     
   9.6649258357512438E-002  0.25649643304085579     
  0.12081157294689054       0.28951101915376376     
  0.14497388753626866       0.30942343065748862     
  0.16913620212564676       0.31807585208230854     
  0.19329851671502488       0.31759287772394462     
  0.21746083130440300       0.31000319923670944     
  0.24162314589378109       0.29705377618017659     
  0.26578546048315921       0.28015547005168534     
  0.28994777507253733       0.26040058291272661     
  0.31411008966191545       0.23861079217052328     
  0.33827240425129351       0.21539180845697878     
  0.36243471884067163       0.19118355111407292     
  0.38659703343004975       0.16630184991286506     
  0.41075934801942787       0.14097127931874526     
  0.43492166260880599       0.11535023232435238     
  0.45908397719818406        8.9549772671069561E-002
  0.48324629178756218        6.3647759843985893E-002
  0.50740860637694030        3.7699527799175452E-002
  0.53157092096631842        1.1746159999133117E-002
  0.55573323555569654       -1.4178800370175167E-002
  0.57989555014507466       -4.0043515226712047E-002
  0.60405786473445278       -6.5812292914259538E-002
  0.62822017932383090       -9.1439742782912350E-002
  0.65238249391320891      -0.11686406179437911     
  0.67654480850258703      -0.14199880271959905     
  0.70070712309196515      -0.16672235653040374     
  0.72486943768134326      -0.19086422724315491     
  0.74903175227072138      -0.21418701429074352     
  0.77319406686009950      -0.23636291472279075     
  0.79735638144947762      -0.25694366486024284     
  0.82151869603885574      -0.27532345462327201     
  0.84568101062823386      -0.29069600380323241     
  0.86984332521761198      -0.30201055620355305     
  0.89400563980699010      -0.30793819433061298     
  0.91816795439636811      -0.30687062244739849     
  0.94233026898574623      -0.29698775501647406     
  0.96649258357512435      -0.27644272237663714     
  0.99065489816450247      -0.24370871070313124     
   1.0148172127538806      -0.19808856284822859     
   1.0389795273432587      -0.14028381021599190     
   1.0631418419326368       -7.2882218110436936E-002
   1.0873041565220150        0.0000000000000000     
   0.0000000000000000       -0.0000000000000000     
   2.4478985607152708E-002   8.7047756575264326E-002
   4.8957971214305417E-002  0.16606338236226084     
   7.3436956821458121E-002  0.23136488811122694     
   9.7915942428610833E-002  0.28002688492821842     
  0.12239492803576354       0.31206042044949628     
  0.14687391364291624       0.32934550290297487     
  0.17135289925006897       0.33458509559101329     
  0.19583188485722167       0.33054424591332765     
  0.22031087046437436       0.31964698210350329     
  0.24478985607152709       0.30383872435306786     
  0.26926884167867982       0.28459689306312974     
  0.29374782728583249       0.26300356392296109     
  0.31822681289298521       0.23983179754025852     
  0.34270579850013794       0.21562387973752617     
  0.36718478410729061       0.19075451232340154     
  0.39166376971444333       0.16547884266275631     
  0.41614275532159606       0.13996773995495509     
  0.44062174092874873       0.11433322034110510     
  0.46510072653590145        8.8646622211696599E-002
  0.48957971214305418        6.2951614418563340E-002
  0.51405869775020685        3.7273620567959263E-002
  0.53853768335735963        1.1626840178061182E-002
  0.56301666896451230       -1.3980245964245656E-002
  0.58749565457166497       -3.9540194197408229E-002
  0.61197464017881775       -6.5042159867525359E-002
  0.63645362578597042       -9.0467161832707019E-002
  0.66093261139312309      -0.11578248108266691     
  0.68541159700027587      -0.14093452966563508     
  0.70989058260742854      -0.16583935802676839     
  0.73436956821458121      -0.19036972209292716     
  0.75884855382173400      -0.21433730833973277     
  0.78332753942888667      -0.23746834643565601     
  0.80780652503603934      -0.25937052738237310     
  0.83228551064319212      -0.27948914934455954     
  0.85676449625034479      -0.29705130379264189     
  0.88124348185749746      -0.31099981281781530     
  0.90572246746465024      -0.31992547057182746     
  0.93020145307180291      -0.32201965700522961     
  0.95468043867895558      -0.31509176352650614     
  0.97915942428610836      -0.29672444484454419     
   1.0036384098932611      -0.26465716259917893     
   1.0281173955004137      -0.21745445046319142     
   1.0525963811075665      -0.15537072357749523     
   1.0770753667147193       -8.1193017398407244E-002
   1.1015543523218718        0.0000000000000000     
   0.0000000000000000       -0.0000000000000000     
   2.4766919177215088E-002   9.6355978598498968E-002
   4.9533838354430176E-002  0.18263351675822581     
   7.4300757531645265E-002  0.25200664474880963     
   9.9067676708860353E-002  0.30155218164498959     
  0.12383459588607544       0.33208881834243437     
  0.14860151506329053       0.34652198750103680     
  0.17336843424050563       0.34841564222250543     
  0.19813535341772071       0.34110173949316375     
  0.22290227259493578       0.32730533128908629     
  0.24766919177215088       0.30908822043379636     
  0.27243611094936598       0.28793649156077039     
  0.29720303012658106       0.26488768680537744     
  0.32196994930379613       0.24065006721460377     
  0.34673686848101126       0.21569841563319583     
  0.37150378765822634       0.19034536948607716     
  0.39627070683544141       0.16479237600227473     
  0.42103762601265649       0.13916526030714355     
  0.44580454518987156       0.11353875907537965     
  0.47057146436708669        8.7953377250732406E-002
  0.49533838354430176        6.2427012072975435E-002
  0.52010530272151689        3.6963077217760910E-002
  0.54487222189873197        1.1556349216555880E-002
  0.56963914107594704       -1.3802587309970910E-002
  0.59440606025316212       -3.9123637514166025E-002
  0.61917297943037719       -6.4413699360674370E-002
  0.64393989860759226       -8.9672873711410764E-002
  0.66870681778480734      -0.11488984983188286     
  0.69347373696202252      -0.14003582507567647     
  0.71824065613923760      -0.16505611965291567     
  0.74300757531645267      -0.18985834163531004     
  0.76777449449366775      -0.21429552141350039     
  0.79254141367088282      -0.23814205842128053     
  0.81730833284809790      -0.26105964505935131     
  0.84207525202531297      -0.28254972829846420     
  0.86684217120252804      -0.30188903333820649     
  0.89160909037974312      -0.31804637488864429     
  0.91637600955695830      -0.32958482721590193     
  0.94114292873417338      -0.33456757329943576     
  0.96590984791138845      -0.33051405708122877     
  0.99067676708860353      -0.31449825308714990     
   1.0154436862658187      -0.28352840799308460     
   1.0402106054430338      -0.23534323493558959     
   1.0649775246202489      -0.16959320251668200     
   1.0897444437974639       -8.9132102196849083E-002
   1.1145113629746790        0.0000000000000000     
   0.0000000000000000       -0.0000000000000000     
   2.5027393850789413E-002  0.10535490359785735     
   5.0054787701578826E-002  0.19842257672212554     
   7.5082181552368232E-002  0.27125230467935579     
  0.10010957540315765       0.32110774744581183     
  0.12513696925394707       0.34979321256547269     
  0.15016436310473646       0.36130306134805829     
  0.17519175695552588       0.36002037090606648     
  0.20021915080631530       0.34975549126885130     
  0.22524654465710472       0.33344745826055189     
  0.25027393850789414       0.31321032011491318     
  0.27530133235868354       0.29050017720134830     
  0.30032872620947293       0.26629144843827379     
  0.32535612006026238       0.24122222847869743     
  0.35038351391105177       0.21570206496731989     
  0.37541090776184122       0.18998761862899963     
  0.40043830161263061       0.16423422027523735     
  0.42546569546342000       0.13853044842793322     
  0.45049308931420945       0.11292114682623355     
  0.47552048316499884        8.7422724810088961E-002
  0.50054787701578829        6.2033373913704566E-002
  0.52557527086657763        3.6739980285487486E-002
  0.55060266471736707        1.1522938570392376E-002
  0.57563005856815652       -1.3640297885436097E-002
  0.60065745241894586       -3.8772321951684029E-002
  0.62568484626973531       -6.3893045235719037E-002
  0.65071224012052475       -8.9016688780609504E-002
  0.67573963397131420      -0.11414800579197013     
  0.70076702782210354      -0.13927713412333637     
  0.72579442167289299      -0.16437226356617424     
  0.75082181552368243      -0.18936896346359189     
  0.77584920937447177      -0.21415450735961680     
  0.80087660322526122      -0.23854480596520120     
  0.82590399707605067      -0.26225059245738730     
  0.85093139092684000      -0.28482836713994997     
  0.87595878477762945      -0.30561065737543858     
  0.90098617862841890      -0.32361043806439588     
  0.92601357247920824      -0.33739864433335437     
  0.95104096632999768      -0.34496693024510944     
  0.97606836018078713      -0.34361916692773531     
   1.0010957540315766      -0.32999458380442737     
   1.0261231478823660      -0.30040682205596070     
   1.0511505417331553      -0.25172666088132073     
   1.0761779355839447      -0.18287614318185152     
   1.1012053294347341       -9.6643071947659101E-002
   1.1262327232855236        0.0000000000000000     
   0.0000000000000000       -0.0000000000000000     
   2.5262175672390006E-002  0.11398893120433178     
   5.0524351344780012E-002  0.21335859862043191     
   7.5786527017170022E-002  0.28908166853218448     
  0.10104870268956002       0.33878759350928500     
  0.12631087836195004       0.36540260280944903     
  0.15157305403434004       0.37402625388798733     
  0.17683522970673005       0.36979265758459179     
  0.20209740537912005       0.35690068856271845     
  0.22735958105151005       0.33842976446834289     
  0.25262175672390008       0.31649938006295325     
  0.27788393239629006       0.29251193589619828     
  0.30314610806868009       0.26737057731777081     
  0.32840828374107006       0.24164402951728223     
  0.35367045941346009       0.21568179617628028     
  0.37893263508585007       0.18969141855716462     
  0.40419481075824010       0.16378917064295948     
  0.42945698643063013       0.13803295790317086     
  0.45471916210302010       0.11244356757477215     
  0.47998133777541013        8.7018390930788586E-002
  0.50524351344780016        6.1740321063114334E-002
  0.53050568912019014        3.6583588952211969E-002
  0.55576786479258011        1.1517695375094889E-002
  0.58103004046497009       -1.3489781918770250E-002
  0.60629221613736017       -3.8470951191008226E-002
  0.63155439180975015       -6.3455502903852101E-002
  0.65681656748214012       -8.8468337530944297E-002
  0.68207874315453021      -0.11352648511891901     
  0.70734091882692018      -0.13863475895495633     
  0.73260309449931016      -0.16377936775860044     
  0.75786527017170013      -0.18891835483426225     
  0.78312744584409022      -0.21396718067411019     
  0.80838962151648019      -0.23877693977486988     
  0.83365179718887017      -0.26310152002611797     
  0.85891397286126026      -0.28654844306435984     
  0.88417614853365023      -0.30850635572002771     
  0.90943832420604021      -0.32804101527183144     
  0.93470049987843018      -0.34375356925890499     
  0.95996267555082027      -0.35360588037273055     
  0.98522485122321024      -0.35474929563480928     
   1.0104870268956003      -0.34346310449431910     
   1.0357492025679902      -0.31542361859860141     
   1.0610113782403803      -0.26662932640554160     
   1.0862735539127704      -0.19518520563088770     
   1.1115357295851602      -0.10369035642856915     
   1.1367979052575503        0.0000000000000000     
   0.0000000000000000       -0.0000000000000000     
   2.5473254163295347E-002  0.12221989344524170     
   5.0946508326590693E-002  0.22740414010587767     
   7.6419762489886037E-002  0.30551819351920406     
  0.10189301665318139       0.35472029337253747     
  0.12736627081647672       0.37915233156413858     
  0.15283952497977207       0.38499856299448737     
  0.17831277914306742       0.37806299135132110     
  0.20378603330636277       0.36284989513744587     
  0.22925928746965812       0.34252041269866995     
  0.25473254163295345       0.31916727210396606     
  0.28020579579624882       0.29412616474800796     
  0.30567904995954415       0.26822730541221440     
  0.33115230412283952       0.24197405269975797     
  0.35662555828613485       0.21566208888659624     
  0.38209881244943023       0.18945644767037553     
  0.40757206661272555       0.16344049666351224     
  0.43304532077602087       0.13764684553912740     
  0.45851857493931625       0.11207678952672367     
  0.48399182910261157        8.6712537917318575E-002
  0.50946508326590689        6.1524924608072594E-002
  0.53493833742920227        3.6478310072238319E-002
  0.56041159159249765        1.1533769167002817E-002
  0.58588484575579303       -1.3348715306243802E-002
  0.61135809991908829       -3.8208551523956448E-002
  0.63683135408238367       -6.3082940262077600E-002
  0.66230460824567905       -8.8005021675414366E-002
  0.68777786240897432      -0.11300137086216219     
  0.71325111657226969      -0.13808832923581518     
  0.73872437073556507      -0.16326644134976379     
  0.76419762489886045      -0.18851190558853467     
  0.78967087906215572      -0.21376337274875568     
  0.81514413322545110      -0.23890153731566166     
  0.84061738738874647      -0.26371763076679960     
  0.86609064155204174      -0.28786501975916151     
  0.89156389571533712      -0.31078565477755982     
  0.91703714987863250      -0.33160068092209261     
  0.94251040404192787      -0.34895426550235664     
  0.96798365820522314      -0.36080764043452024     
  0.99345691236851852      -0.36421014460955564     
   1.0189301665318138      -0.35515024594931105     
   1.0444034206951092      -0.32873409110415458     
   1.0698766748584045      -0.28011194583351945     
   1.0953499290216999      -0.20651767516094191     
   1.1208231831849953      -0.11025567745696913     
   1.1462964373482907        0.0000000000000000     
   0.0000000000000000       -0.0000000000000000     
   2.5662681363159568E-002  0.13002466002121071     
   5.1325362726319136E-002  0.24054945495119961     
   7.6988044089478708E-002  0.32061593626543955     
  0.10265072545263827       0.36905171910091333     
  0.12831340681579784       0.39126883141021068     
  0.15397608817895742       0.39448970215940432     
  0.17963876954211697       0.38510366549761060     
  0.20530145090527654       0.36784794693213352     
  0.23096413226843612       0.34592068903723705     
  0.25662681363159567       0.32136697922938062     
  0.28228949499475525       0.29545004805259006     
  0.30795217635791483       0.26892930739756393     
  0.33361485772107441       0.24224818284030183     
  0.35927753908423393       0.21565480630107250     
  0.38494022044739351       0.18927765391225723     
  0.41060290181055309       0.16317237452064184     
  0.43626558317371267       0.13735062166946432     
  0.46192826453687225       0.11179776244076085     
  0.48759094590003177        8.6483741770244094E-002
  0.51325362726319135        6.1369746079673153E-002
  0.53891630862635098        3.6412303352833256E-002
  0.56457898998951050        1.1565845650904636E-002
  0.59024167135267003       -1.3215604469345086E-002
  0.61590435271582966       -3.7977170900075317E-002
  0.64156703407898918       -6.2761936958363032E-002
  0.66722971544214882       -8.7609516099186102E-002
  0.69289239680530834      -0.11255402329852301     
  0.71855507816846786      -0.13762097612752572     
  0.74421775953162750      -0.16282244105233565     
  0.76988044089478702      -0.18814938091071662     
  0.79554312225794666      -0.21355957644190529     
  0.82120580362110618      -0.23895856842777860     
  0.84686848498426570      -0.26416962667765259     
  0.87253116634742534      -0.28888659187784399     
  0.89819384771058486      -0.31260041817517403     
  0.92385652907374449      -0.33448666387771819     
  0.94951921043690402      -0.35323879258371005     
  0.97518189180006354      -0.36683675511415420     
   1.0008445731632232      -0.37226672500160202     
   1.0265072545263827      -0.36528668680099136     
   1.0521699358895422      -0.34050201441918265     
   1.0778326172527020      -0.29225824858999766     
   1.1034952986158615      -0.21689455672922475     
   1.1291579799790210      -0.11633476780347402     
   1.1548206613421805        0.0000000000000000     
   0.0000000000000000       -0.0000000000000000     
   2.5832475104365794E-002  0.13739281182501825     
   5.1664950208731589E-002  0.25280641237154577     
   7.7497425313097390E-002  0.33444916293087457     
  0.10332990041746318       0.38193317425997758     
  0.12916237552182896       0.40196146833089219     
  0.15499485062619478       0.40273161337626395     
  0.18082732573056057       0.39113659649435006     
  0.20665980083492635       0.37208596278034606     
  0.23249227593929214       0.34878202135398784     
  0.25832475104365793       0.32320971046161701     
  0.28415722614802374       0.29655873686529027     
  0.30998970125238956       0.26952185986624139     
  0.33582217635675532       0.24248842176367605     
  0.36165465146112113       0.21566485508761160     
  0.38748712656548689       0.18914824653424275     
  0.41331960166985271       0.16297083147724736     
  0.43915207677421852       0.13712679284885260     
  0.46498455187858428       0.11158836049399398     
  0.49081702698295010        8.6315453663290131E-002
  0.51664950208731586        6.1261431010391290E-002
  0.54248197719168167        3.6376505005303261E-002
  0.56831445229604749        1.1609778617149407E-002
  0.59414692740041330       -1.3089489117235044E-002
  0.61997940250477912       -3.7770980204895929E-002
  0.64581187760914482       -6.2482467636183148E-002
  0.67164435271351064       -8.7268734258315411E-002
  0.69747682781787645      -0.11216993828825991     
  0.72330930292224227      -0.13721899269893417     
  0.74914177802660809      -0.16243731784178411     
  0.77497425313097379      -0.18782797276586241     
  0.80080672823533960      -0.21336458773975003     
  0.82663920333970542      -0.23897357529263816     
  0.85247167844407123      -0.26450558781094025     
  0.87830415354843705      -0.28968984245577206     
  0.90413662865280275      -0.31406146956070158     
  0.92996910375716857      -0.33684748397271114     
  0.95580157886153438      -0.35679264437263997     
  0.98163405396590020      -0.37190769117273853     
   1.0074665290702660      -0.37914453071381421     
   1.0332990041746317      -0.37408135397726261     
   1.0591314792789976      -0.35088949089266586     
   1.0849639543833633      -0.30316504942914574     
   1.1107964294877291      -0.22635390050709248     
   1.1366289045920950      -0.12193438300703753     
   1.1624613796964607        0.0000000000000000     
   0.0000000000000000       -0.0000000000000000     
   2.5984562705873657E-002  0.14432442725391134     
   5.1969125411747315E-002  0.26420320980532935     
   7.7953688117620976E-002  0.34710432523655327     
  0.10393825082349463       0.39351363347449170     
  0.12992281352936830       0.41141897236097713     
  0.15590737623524195       0.40992116280377472     
  0.18189193894111561       0.39634170481979941     
  0.20787650164698926       0.37571323227505976     
  0.23386106435286291       0.35121894543007182     
  0.25984562705873659       0.32477705594225664     
  0.28583018976461022       0.29750556088611269     
  0.31181475247048390       0.27003563934107472     
  0.33779931517635753       0.24270826793059522     
  0.36378387788223121       0.21569342161888880     
  0.38976844058810484       0.18906120180086877     
  0.41575300329397852       0.16282397676329846     
  0.44173756599985220       0.13696125839849480     
  0.46772212870572583       0.11143433692383123     
  0.49370669141159951        8.6194840421054159E-002
  0.51969125411747319        6.1189691009277264E-002
  0.54567581682334676        3.6363932953228914E-002
  0.57166037952922044        1.1662325639669588E-002
  0.59764494223509412       -1.2969742162629848E-002
  0.62362950494096780       -3.7585647747077143E-002
  0.64961406764684149       -6.2236962541516429E-002
  0.67559863035271506       -8.6972658812768167E-002
  0.70158319305858874      -0.11183780314297710     
  0.72756775576446242      -0.13687133801574816     
  0.75355231847033610      -0.16210235140186682     
  0.77953688117620967      -0.18754388810121891     
  0.80552144388208335      -0.21318277922776108     
  0.83150600658795704      -0.23896301434479975     
  0.85749056929383072      -0.26475862851731241     
  0.88347513199970440      -0.29032959397379565     
  0.90945969470557797      -0.31525039113378817     
  0.93544425741145165      -0.33879556157504520     
  0.96142882011732533      -0.35976047758438912     
  0.98741338282319902      -0.37619353527892002     
   1.0133979455290727      -0.38503324996088351     
   1.0393825082349464      -0.38171945918405148     
   1.0653670709408201      -0.36005075849293872     
   1.0913516336466935      -0.31293496843235585     
   1.1173361963525672      -0.23494531109651273     
   1.1433207590584409      -0.12706964403944965     
   1.1693053217643146        0.0000000000000000     
   0.0000000000000000       -0.0000000000000000     
   2.6120750258631177E-002  0.15082802914389437     
   5.2241500517262354E-002  0.27477988885817611     
   7.8362250775893538E-002  0.35867404730062008     
  0.10448300103452471       0.40393498248105164     
  0.13060375129315588       0.41980867295447610     
  0.15672450155178708       0.41622418355902691     
  0.18284525181041825       0.40086466757370082     
  0.20896600206904942       0.37884678330244537     
  0.23508675232768059       0.35331874955061093     
  0.26120750258631176       0.32612953466001765     
  0.28732825284494296       0.29832888658446877     
  0.31344900310357415       0.27049173702923041     
  0.33956975336220530       0.24291600985846770     
  0.36569050362083649       0.21573981150313432     
  0.39181125387946764       0.18900997296001176     
  0.41793200413809883       0.16272190922289156     
  0.44405275439673003       0.13684271590415614     
  0.47017350465536117       0.11132448571820976     
  0.49629425491399237        8.6111912934247636E-002
  0.52241500517262351        6.1146560326501918E-002
  0.54853575543125477        3.6369184688799232E-002
  0.57465650568988591        1.1720953509077120E-002
  0.60077725594851705       -1.2855936059651936E-002
  0.62689800620714831       -3.7417901737580320E-002
  0.65301875646577945       -6.2019635635798730E-002
  0.67913950672441059       -8.6713550645355880E-002
  0.70526025698304173      -0.11154874832433502     
  0.73138100724167299      -0.13656913977692398     
  0.75750175750030413      -0.16181015610119162     
  0.78362250775893527      -0.18729314767222224     
  0.80974325801756653      -0.21301600277195207     
  0.83586400827619767      -0.23893756552721773     
  0.86198475853482881      -0.26495185628597462     
  0.88810550879346006      -0.29084551888699084     
  0.91422625905209121      -0.31622783206189181     
  0.94034700931072235      -0.34041657658800595     
  0.96646775956935360      -0.36225546917742640     
  0.99258850982798474      -0.37983382044877351     
   1.0187092600866159      -0.39009139408726179     
   1.0448300103452470      -0.38836288042728473     
   1.0709507606038782      -0.36812877034018637     
   1.0970715108625095      -0.32167128418341845     
   1.1231922611211407      -0.24272554976681654     
   1.1493130113797718      -0.13176173515142467     
   1.1754337616384030        0.0000000000000000     
   0.0000000000000000       -0.0000000000000000     
   2.6242708135275992E-002  0.15691873108643956     
   5.2485416270551984E-002  0.28458462576069687     
   7.8728124405827979E-002  0.36925276113811012     
  0.10497083254110397       0.41332937152775623     
  0.13121354067637997       0.42727733527743511     
  0.15745624881165596       0.42177984096229748     
  0.18369895694693195       0.40482359584223415     
  0.20994166508220793       0.38157885919068579     
  0.23618437321748392       0.35514855967640990     
  0.26242708135275994       0.32731258634713134     
  0.28866978948803590       0.29905673385185849     
  0.31491249762331192       0.27090489977370485     
  0.34115520575858788       0.24311674899616068     
  0.36739791389386389       0.21580248298821525     
  0.39364062202913985       0.18898877989910406     
  0.41988333016441587       0.16265649614691233     
  0.44612603829969188       0.13676213463547404     
  0.47236874643496785       0.11124998163081679     
  0.49861145457024386        8.6058870184539851E-002
  0.52485416270551988        6.1125847729072660E-002
  0.55109687084079584        3.6388069001680019E-002
  0.57733957897607180        1.1783691662243873E-002
  0.60358228711134776       -1.2747754796229674E-002
  0.62982499524662383       -3.7265223293193150E-002
  0.65606770338189979       -6.1826002870542643E-002
  0.68231041151717575       -8.6485366168915501E-002
  0.70855311965245182      -0.11129576831064111     
  0.73479582778772778      -0.13630525516721045     
  0.76103853592300374      -0.16155455046574332     
  0.78728124405827971      -0.18707196291454889     
  0.81352395219355578      -0.21286469597473601     
  0.83976666032883174      -0.23890419875407834     
  0.86600936846410770      -0.26510160775993014     
  0.89225207659938377      -0.29126668375056353     
  0.91849478473465973      -0.31703935043319326     
  0.94473749286993569      -0.34177634359916936     
  0.97098020100521165      -0.36436659413812800     
  0.99722290914048772      -0.38294116095942954     
   1.0234656172757637      -0.39445097620108255     
   1.0497083254110398      -0.39415178902864023     
   1.0759510335463156      -0.37525363949579560     
   1.1021937416815917      -0.32947444894705019     
   1.1284364498168677      -0.24975510844339405     
   1.1546791579521436      -0.13603596236553028     
   1.1809218660874197        0.0000000000000000     
   0.0000000000000000       -0.0000000000000000     
   2.6351966730198888E-002  0.16261660765568453     
   5.2703933460397777E-002  0.29367073789773579     
   7.9055900190596662E-002  0.37893365279377456     
  0.10540786692079555       0.42181800486501769     
  0.13175983365099445       0.43395281997431223     
  0.15811180038119332       0.42670479391893357     
  0.18446376711139223       0.40831456221671697     
  0.21081573384159111       0.38398266667274467     
  0.23716770057178999       0.35676051635897088     
  0.26351966730198889       0.32836077638147987     
  0.28987163403218780       0.29970989926182789     
  0.31622360076238665       0.27128563785982895     
  0.34257556749258555       0.24331364562430882     
  0.36892753422278446       0.21587961519140941     
  0.39527950095298331       0.18899268264141059     
  0.42163146768318222       0.16262111761667650     
  0.44798343441338112       0.13671231230024186     
  0.47433540114357997       0.11120386527249360     
  0.50068736787377888        8.6029603783374695E-002
  0.52703933460397778        6.1122728486187633E-002
  0.55339130133417669        3.6417332139400495E-002
  0.57974326806437559        1.1849019481737277E-002
  0.60609523479457439       -1.2644937256906671E-002
  0.63244720152477329       -3.7125630630756516E-002
  0.65879916825497220       -6.1652535970742106E-002
  0.68515113498517111       -8.6283328837501561E-002
  0.71150310171537001      -0.11107327956229758     
  0.73785506844556892      -0.13607390607217831     
  0.76420703517576771      -0.16133038369370090     
  0.79055900190596662      -0.18687689120381074     
  0.81691096863616552      -0.21272852468368136     
  0.84326293536636443      -0.23886747591978993     
  0.86961490209656334      -0.26521958018909175     
  0.89596686882676224      -0.29161464744473342     
  0.92231883555696115      -0.31771953170884221     
  0.94867080228715994      -0.34292584345834592     
  0.97502276901735885      -0.36616420751051498     
   1.0013747357475578      -0.38560669133868902     
   1.0277267024777565      -0.39822182057437361     
   1.0540786692079556      -0.39920683846953742     
   1.0804306359381544      -0.38154228764794312     
   1.1067826026683534      -0.33643986097756756     
   1.1331345693985522      -0.25609561883134996     
   1.1594865361287512      -0.13992016021075068     
   1.1858385028589500        0.0000000000000000     
   0.0000000000000000       -0.0000000000000000     
   2.6449918554133731E-002  0.16794529819515400     
   5.2899837108267463E-002  0.30209432915248791     
   7.9349755662401197E-002  0.38780662251995274     
  0.10579967421653493       0.42951086895237539     
  0.13224959277066867       0.43994608593673817     
  0.15869951132480239       0.43109691749268020     
  0.18514942987893612       0.41141607143378267     
  0.21159934843306985       0.38611675654387911     
  0.23804926698720358       0.35819555414228149     
  0.26449918554133733       0.32930075835173062     
  0.29094910409547103       0.30030408332112146     
  0.31739902264960479       0.27164160572156731     
  0.34384894120373849       0.24350868747668786     
  0.37029885975787225       0.21596940879680240     
  0.39674877831200595       0.18901754928713044     
  0.42319869686613970       0.16261041972892876     
  0.44964861542027346       0.13668751197826351     
  0.47609853397440716       0.11118064289073450     
  0.50254845252854086        8.6019321918991545E-002
  0.52899837108267467        6.1133437783440214E-002
  0.55544828963680837        3.6454451568403989E-002
  0.58189820819094207        1.1915778117503953E-002
  0.60834812674507577       -1.2547242014695264E-002
  0.63479804529920958       -3.6997527232523968E-002
  0.66124796385334328       -6.1496413012695580E-002
  0.68769788240747698       -8.6103614105103810E-002
  0.71414780096161079      -0.11087678584112394     
  0.74059771951574449      -0.13587038608822255     
  0.76704763806987819      -0.16113336245972201     
  0.79349755662401189      -0.18670487834851199     
  0.81994747517814570      -0.21260675454686218     
  0.84639739373227940      -0.23883037928715270     
  0.87284731228641310      -0.26531425029539490     
  0.89929723084054691      -0.29190559197530214     
  0.92574714939468061      -0.31829490762850332     
  0.95219706794881431      -0.34390490731064238     
  0.97864698650294801      -0.36770429654513692     
   1.0050969050570817      -0.38790443840086014     
   1.0315468236112155      -0.40149533727283832     
   1.0579967421653493      -0.40363151015425458     
   1.0844466607194829      -0.38709883166273418     
   1.1108965792736167      -0.34265656151004281     
   1.1373464978277505      -0.26180795778237542     
   1.1637964163818841      -0.14344342029990978     
   1.1902463349360179        0.0000000000000000     
   0.0000000000000000       -0.0000000000000000     
   2.6537824158116789E-002  0.17293084103136375     
   5.3075648316233577E-002  0.30991248803937482     
   7.9613472474350369E-002  0.39595701042732312     
  0.10615129663246715       0.43650704601830675     
  0.13268912079058395       0.44535325380659546     
  0.15922694494870074       0.43503851297011731     
  0.18576476910681752       0.41419262754939740     
  0.21230259326493431       0.38802835048022793     
  0.23884041742305109       0.35948616697067326     
  0.26537824158116791       0.33015337379599496     
  0.29191606573928469       0.30085135102850680     
  0.31845388989740148       0.27197851342280782     
  0.34499171405551826       0.24370316401673625     
  0.37152953821363505       0.21607023415061255     
  0.39806736237175183       0.18905997767363264     
  0.42460518652986862       0.16262009443294193     
  0.45114301068798540       0.13668316924355120     
  0.47768083484610219       0.11117597548032764     
  0.50421865900421903        8.6024262356119499E-002
  0.53075648316233581        6.1155038275095094E-002
  0.55729430732045260        3.6497478846491058E-002
  0.58383213147856938        1.1983100523177172E-002
  0.61036995563668617       -1.2454426600533476E-002
  0.63690777979480295       -3.6879594991708599E-002
  0.66344560395291974       -6.1355338268793636E-002
  0.68998342811103652       -8.5943117569032806E-002
  0.71652125226915331      -0.11070262589307914     
  0.74305907642727009      -0.13569082979425323     
  0.76959690058538688      -0.16095989594646640     
  0.79613472474350366      -0.18655324691779807     
  0.82267254890162045      -0.21249846417869930     
  0.84921037305973723      -0.23879484409439097     
  0.87574819721785402      -0.26539182971933684     
  0.90228602137597080      -0.29215180249712036     
  0.92882384553408759      -0.31878603979432124     
  0.95536166969220437      -0.34474492287345193     
  0.98189949385032116      -0.36903171237712318     
   1.0084373180084381      -0.38989479632046747     
   1.0349751421665547      -0.40434773141852426     
   1.0615129663246716      -0.40751439080301372     
   1.0880507904827883      -0.39201538996837521     
   1.1145886146409052      -0.34820659291415967     
   1.1411264387990219      -0.26695091742921623     
   1.1676642629571388      -0.14663510657135082     
   1.1942020871152554        0.0000000000000000     
   0.0000000000000000       -0.0000000000000000     
   2.6616820235306305E-002  0.17760072532725441     
   5.3233640470612610E-002  0.31718195192997334     
   7.9850460705918919E-002  0.40346488653572776     
  0.10646728094122522       0.44289536919563827     
  0.13308410117653152       0.45025757538544464     
  0.15970092141183784       0.43859901509752541     
  0.18631774164714413       0.41669755932948355     
  0.21293456188245044       0.38975586739994411     
  0.23955138211775676       0.36065844067166886     
  0.26616820235306304       0.33093515147830965     
  0.29278502258836936       0.30136114381695661     
  0.31940184282367567       0.27230073344634392     
  0.34601866305898199       0.24389795857803057     
  0.37263548329428825       0.21618069372124146     
  0.39925230352959457       0.18911720186074554     
  0.42586912376490088       0.16264669113906677     
  0.45248594400020720       0.13669565792733560     
  0.47910276423551351       0.11118643700353578     
  0.50571958447081977        8.6041472146527409E-002
  0.53233640470612609        6.1185242376326755E-002
  0.55895322494143240        3.6544918691308340E-002
  0.58557004517673872        1.2050355360688927E-002
  0.61218686541204503       -1.2366236382697985E-002
  0.63880368564735135       -3.6770719010086668E-002
  0.66542050588265766       -6.1227411700290293E-002
  0.69203732611796398       -8.5799283987241182E-002
  0.71865414635327018      -0.11054778354764128     
  0.74527096658857650      -0.13553203315481530     
  0.77188778682388282      -0.16080696460401064     
  0.79850460705918913      -0.18641966141594651     
  0.82512142729449545      -0.21240266580475498     
  0.85173824752980176      -0.23876210483278115     
  0.87835506776510808      -0.26545691633756030     
  0.90497188800041439      -0.29236270641541912     
  0.93158870823572071      -0.31920901943622304     
  0.95820552847102702      -0.34547083272773227     
  0.98482234870633334      -0.37018262805612046     
   1.0114391689416395      -0.39162727252523255     
   1.0380559891769459      -0.40684268241609345     
   1.0646728094122522      -0.41093126777009553     
   1.0912896296475585      -0.39637309829765321     
   1.1179064498828648      -0.35316481548639106     
   1.1445232701181711      -0.27158032200739107     
   1.1711400903534774      -0.14952411761929146     
   1.1977569105887838        0.0000000000000000     
   0.0000000000000000       -0.0000000000000000     
   2.6687928821408521E-002  0.18198314140158078     
   5.3375857642817041E-002  0.32395815548780199     
   8.0063786464225559E-002  0.41040474727546034     
  0.10675171528563408       0.44875525593206422     
  0.13343964410704259       0.45473123321515951     
  0.16012757292845112       0.44183724456653090     
  0.18681550174985964       0.41897525100127192     
  0.21350343057126817       0.39133084659994971     
  0.24019135939267669       0.36173355586272149     
  0.26687928821408519       0.33165938712712717     
  0.29356721703549371       0.30184098766991674     
  0.32025514585690223       0.27261170831615905     
  0.34694307467831076       0.24409372763092196     
  0.37363100349971928       0.21629963785937986     
  0.40031893232112781       0.18918699912273393     
  0.42700686114253633       0.16268745940136228     
  0.45369478996394486       0.13672210365933088     
  0.48038271878535338       0.11120932594527985     
  0.50707064760676190        8.6068637609381660E-002
  0.53375857642817037        6.1222275385374093E-002
  0.56044650524957895        3.6595635102909002E-002
  0.58713443407098742        1.2117101700872844E-002
  0.61382236289239600       -1.2282399651197290E-002
  0.64051029171380447       -3.6669934653165127E-002
  0.66719822053521305       -6.1111034082798131E-002
  0.69388614935662152       -8.5669980800778256E-002
  0.72057407817803010      -0.11040974473060219     
  0.74726200699943857      -0.13539131462909521     
  0.77394993582084715      -0.16067201239043102     
  0.80063786464225561      -0.18630208622212718     
  0.82732579346366419      -0.21231837200515380     
  0.85401372228507266      -0.23873292304125279     
  0.88070165110648113      -0.26551294393153968     
  0.90738957992788971      -0.29254561117872108     
  0.93407750874929818      -0.31957655687319497     
  0.96076543757070676      -0.34610261934137981     
  0.98745336639211523      -0.37118641345382086     
   1.0141412952135238      -0.39314265236407386     
   1.0408292240349324      -0.40903355584959084     
   1.0675171528563407      -0.41394699534441048     
   1.0942050816777493      -0.40024320025026183     
   1.1208930104991579      -0.35759903085590938     
   1.1475809393205665      -0.27574848946917740     
   1.1742688681419748      -0.15213835604650183     
   1.2009567969633834        0.0000000000000000     
   0.0000000000000000       -0.0000000000000000     
   2.6752066893293881E-002  0.18610640698561365     
   5.3504133786587763E-002  0.33029458961766356     
   8.0256200679881651E-002  0.41684549731116122     
  0.10700826757317553       0.45415761373780161     
  0.13376033446646940       0.45883694184577428     
  0.16051240135976330       0.44480326746757542     
  0.18726446825305718       0.42106290312927264     
  0.21401653514635105       0.39277941795637222     
  0.24076860203964492       0.36272890741361591     
  0.26752066893293880       0.33233692844953028     
  0.29427273582623270       0.30229699404367205     
  0.32102480271952660       0.27291422717228581     
  0.34777686961282045       0.24429101010536974     
  0.37452893650611435       0.21642615641725099     
  0.40128100339940820       0.18926760473828569     
  0.42803307029270210       0.16274021953108120     
  0.45478513718599600       0.13676023579974336     
  0.48153720407928985       0.11124251806339140     
  0.50828927097258370        8.6103952432919892E-002
  0.53504133786587760        6.1264769367227391E-002
  0.56179340475917150        3.6648777982151645E-002
  0.58854547165246540        1.2183052294136004E-002
  0.61529753854575930       -1.2202626549126853E-002
  0.64204960543905321       -3.6576390220965906E-002
  0.66880167233234700       -6.1004837718482537E-002
  0.69555373922564090       -8.5553404191317114E-002
  0.72230580611893480      -0.11028638957534535     
  0.74905787301222870      -0.13526640803644560     
  0.77580993990552261      -0.16055285986213819     
  0.80256200679881640      -0.18619874402549622     
  0.82931407369211030      -0.21224463122027645     
  0.85606614058540420      -0.23870773900092887     
  0.88281820747869810      -0.26556249669358456     
  0.90957027437199200      -0.29270623420803954     
  0.93632234126528580      -0.31989878051093490     
  0.96307440815857970      -0.34665641670887687     
  0.98982647505187360      -0.37206707149661827     
   1.0165785419451674      -0.39447470574467303     
   1.0433306088384613      -0.41096521767341498     
   1.0700826757317552      -0.41661712310364618     
   1.0968347426250491      -0.40368813027152733     
   1.1235868095183430      -0.36157030075729890     
   1.1503388764116369      -0.27950395281745977     
   1.1770909433049308      -0.15450436667823489     
   1.2038430101982247        0.0000000000000000     
   0.0000000000000000       -0.0000000000000000     
   2.6810055918277273E-002  0.18999854579174077     
   5.3620111836554546E-002  0.33624240696183311     
   8.0430167754831819E-002  0.42285062584779359     
  0.10724022367310909       0.45916575221218608     
  0.13405027959138638       0.46262934913748832     
  0.16086033550966364       0.44753992434481560     
  0.18767039142794090       0.42299192535468977     
  0.21448044734621818       0.39412343222594082     
  0.24129050326449547       0.36365894524108622     
  0.26810055918277276       0.33297675182284070     
  0.29491061510104999       0.30273421842898540     
  0.32172067101932728       0.27321061559587007     
  0.34853072693760456       0.24449029349208998     
  0.37534078285588179       0.21655955914256916     
  0.40215083877415908       0.18935763740356287     
  0.42896089469243637       0.16280325723777778     
  0.45577095061071365       0.13680826999213788     
  0.48258100652899094       0.11128435102563697     
  0.50939106244726817        8.6146014895747636E-002
  0.53620111836554551        6.1311680445010702E-002
  0.56301117428382275        3.6703725468000617E-002
  0.58982123020209998        1.2248043755152887E-002
  0.61663128612037732       -1.2126610224498976E-002
  0.64344134203865455       -3.6489320535527774E-002
  0.67025139795693178       -6.0907635533185851E-002
  0.69706145387520912       -8.5448008916103033E-002
  0.72387150979348636      -0.11017591070103183     
  0.75068156571176359      -0.13515537991462365     
  0.77749162163004093      -0.16044763477399696     
  0.80430167754831816      -0.18610807811141658     
  0.83111173346659550      -0.21218054529120878     
  0.85792178938487273      -0.23868677401971414     
  0.88473184530314997      -0.26560753207663290     
  0.91154190122142731      -0.29284908792397413     
  0.93835195713970454      -0.32018382859929589     
  0.96516201305798188      -0.34714534892518728     
  0.99197206897625911      -0.37284434411366274     
   1.0187821248945363      -0.39565153516421225     
   1.0455921808128137      -0.41267551718105849     
   1.0724022367310910      -0.41898929781916722     
   1.0992122926493682      -0.40676254144303070     
   1.1260223485676455      -0.36513338131188539     
   1.1528324044859228      -0.28289137198327086     
   1.1796424604042000      -0.15664710929548656     
   1.2064525163224773        0.0000000000000000     
   0.0000000000000000       -0.0000000000000000     
   2.6862631076307927E-002  0.19368699541684536     
   5.3725262152615853E-002  0.34185022009654359     
   8.0587893228923776E-002  0.42847851066575127     
  0.10745052430523171       0.46383626237716341     
  0.13431315538153962       0.46615625016687440     
  0.16117578645784755       0.45008408632497138     
  0.18803841753415548       0.42478904205873036     
  0.21490104861046341       0.39538133597940184     
  0.24176367968677134       0.36453581166564381     
  0.26862631076307925       0.33358639070549423     
  0.29548894183938718       0.30315692034233316     
  0.32235157291569511       0.27350286763201881     
  0.34921420399200304       0.24469205343356945     
  0.37607683506831097       0.21669935210828117     
  0.40293946614461890       0.18945603579688841     
  0.42980209722092683       0.16287523842821500     
  0.45666472829723476       0.13686481506204015     
  0.48352735937354269       0.11133353382791519     
  0.51038999044985056        8.6193747481654662E-002
  0.53725262152615849        6.1362224069507060E-002
  0.56411525260246642        3.6760038475464676E-002
  0.59097788367877435        1.2312012397261814E-002
  0.61784051475508228       -1.2054029104153104E-002
  0.64470314583139021       -3.6408028117212145E-002
  0.67156577690769814       -6.0818383376687352E-002
  0.69842840798400607       -8.5352455531956209E-002
  0.72529103906031400      -0.11007675096907327     
  0.75215367013662193      -0.13505656558999354     
  0.77901630121292986      -0.16035471689612851     
  0.80587893228923779      -0.18602871961442374     
  0.83274156336554572      -0.21212527681051574     
  0.85960419444185365      -0.23867010023602930     
  0.88646682551816158      -0.26564954073307007     
  0.91332945659446951      -0.29297776271570197     
  0.94019208767077744      -0.32043829180461025     
  0.96705471874708537      -0.34758016787353918     
  0.99391734982339330      -0.37353456885075226     
   1.0207799808997011      -0.39669664365359975     
   1.0476426119760092      -0.41419649782726942     
   1.0745052430523170      -0.42110446000558605     
   1.1013678741286250      -0.40951425333974600     
   1.1282305052049328      -0.36833721696191907     
   1.1550931362812409      -0.28595158136421794     
   1.1819557673575487      -0.15858983580209643     
   1.2088183984338567        0.0000000000000000     
   0.0000000000000000       -0.0000000000000000     
   2.6910449991589130E-002  0.19719842341735902     
   5.3820899983178259E-002  0.34716404826201847     
   8.0731349974767386E-002  0.43378280189789403     
  0.10764179996635652       0.46821984241968673     
  0.13455224995794565       0.46945963288212172     
  0.16146269994953477       0.45246768835165790     
  0.18837314994112392       0.42647717460654400     
  0.21528359993271304       0.39656885418186288     
  0.24219404992430216       0.36536982940352603     
  0.26910449991589130       0.33417225779044496     
  0.29601494990748045       0.30356875456805210     
  0.32292539989906954       0.27379273912675445     
  0.34983584989065869       0.24489677725105705     
  0.37674629988224784       0.21684521413473160     
  0.40365674987383693       0.18956200568268083     
  0.43056719986542608       0.16295514069154721     
  0.45747764985701522       0.13692879925363030     
  0.48438809984860431       0.11138907555255606     
  0.51129854984019352        8.6246333848916307E-002
  0.53820899983178261        6.1415824225019205E-002
  0.56511944982337170        3.6817424801560319E-002
  0.59202989981496090        1.2374974733016145E-002
  0.61894034980654999       -1.1984549559546821E-002
  0.64585079979813909       -3.6331869593522061E-002
  0.67276124978972829       -6.0736151806039224E-002
  0.69967169978131738       -8.5265570338152491E-002
  0.72658214977290647      -0.10998755572621655     
  0.75349259976449567      -0.13496851947998981     
  0.78040304975608477      -0.16027269414342843     
  0.80731349974767386      -0.18595945973699390     
  0.83422394973926306      -0.21207805077716280     
  0.86113439973085215      -0.23865768882858482     
  0.88804484972244124      -0.26568966272047223     
  0.91495529971403045      -0.29309513719638347     
  0.94186574970561954      -0.32066754741284464     
  0.96877619969720863      -0.34796974209519599     
  0.99568664968879783      -0.37415134653657545     
   1.0225970996803870      -0.39762978410316530     
   1.0495075496719761      -0.41555538627826383     
   1.0764179996635652      -0.42299785970114001     
   1.1033284496551543      -0.41198510964929463     
   1.1302388996467434      -0.37122545592952833     
   1.1571493496383325      -0.28872173034077780     
   1.1840597996299218      -0.16035404650106791     
   1.2109702496215109        0.0000000000000000     
   0.0000000000000000       -0.0000000000000000     
   2.6954100886998015E-002  0.20055863279393418     
   5.3908201773996030E-002  0.35222737728453557     
   8.0862302660994048E-002  0.43881285193211239     
  0.10781640354799206       0.47236206060330344     
  0.13477050443499008       0.47257657684760718     
  0.16172460532198810       0.45471858178545216     
  0.18867870620898611       0.42807614984166381     
  0.21563280709598412       0.39769952741151199     
  0.24258690798298213       0.36616987932721556     
  0.26954100886998017       0.33473989046362485     
  0.29649510975697818       0.30397291409476479     
  0.32344921064397619       0.27408181504670276     
  0.35040331153097420       0.24510497797142847     
  0.37735741241797222       0.21699697523843148     
  0.40431151330497023       0.18967497649815623     
  0.43126561419196824       0.16304219846736132     
  0.45821971507896625       0.13699941185745002     
  0.48517381596596426       0.11145022930306958     
  0.51212791685296233        8.6303169342489439E-002
  0.53908201773996034        6.1472073534463559E-002
  0.56603611862695835        3.6875710811096057E-002
  0.59299021951395636        1.2437011858022229E-002
  0.61994432040095437       -1.1917828492015585E-002
  0.64689842128795239       -3.6260245678415799E-002
  0.67385252217495040       -6.0660104663798092E-002
  0.70080662306194841       -8.5186314630545365E-002
  0.72776072394894642      -0.10990713581683163     
  0.75471482483594443      -0.13488997618090026     
  0.78166892572294244      -0.16020032758390232     
  0.80862302660994045      -0.18589922644536169     
  0.83557712749693847      -0.21203815316952571     
  0.86253122838393648      -0.23864944363742815     
  0.88948532927093449      -0.26572877291878400     
  0.91643943015793250      -0.29320353612207622     
  0.94339353104493051      -0.32087601409919775     
  0.97034763193192852      -0.34832143458661285     
  0.99730173281892653      -0.37470606502417142     
   1.0242558337059247      -0.39846763776685556     
   1.0512099345929227      -0.41677540156641518     
   1.0781640354799207      -0.42469991615845298     
   1.1051181363669187      -0.41421174407209771     
   1.1320722372539167      -0.37383696198064059     
   1.1590263381409147      -0.29123548426271911     
   1.1859804390279127      -0.16195950467714196     
   1.2129345399149107        0.0000000000000000     
   0.0000000000000000       -0.0000000000000000     
   2.6994110126102880E-002  0.20379254097630614     
   5.3988220252205760E-002  0.35708130512006403     
   8.0982330378308640E-002  0.44361416863738734     
  0.10797644050441152       0.47630405360603367     
  0.13497055063051439       0.47554002617079516     
  0.16196466075661728       0.45686124138987028     
  0.18895877088272017       0.42960327339747001     
  0.21595288100882304       0.39878513884499422     
  0.24294699113492590       0.36694369641176389     
  0.26994110126102877       0.33529414056064838     
  0.29693521138713169       0.30437223890900655     
  0.32392932151323456       0.27437155928082346     
  0.35092343163933742       0.24531720296933812     
  0.37791754176544035       0.21715459804827555     
  0.40491165189154321       0.18979456621266880     
  0.43190576201764608       0.16313585941573350     
  0.45889987214374894       0.13707605711981016     
  0.48589398226985181       0.11151644811682977     
  0.51288809239595468        8.6363822158415968E-002
  0.53988220252205754        6.1530701961243023E-002
  0.56687631264816052        3.6934819183662426E-002
  0.59387042277426338        1.2498257091748909E-002
  0.62086453290036625       -1.1853515543927141E-002
  0.64785864302646912       -3.6192593546448465E-002
  0.67485275315257198       -6.0589482521761169E-002
  0.70184686327867485       -8.5113760771576827E-002
  0.72884097340477771      -0.10983443860701024     
  0.75583508353088069      -0.13481981971549239     
  0.78282919365698356      -0.16013652334964609     
  0.80982330378308642      -0.18584706498765899     
  0.83681741390918929      -0.21200492790878850     
  0.86381152403529216      -0.23864522480842940     
  0.89080563416139502      -0.26576754450790863     
  0.91779974428749789      -0.29330485017917057     
  0.94479385441360075      -0.32106734790172020     
  0.97178796453970362      -0.34864139711696313     
  0.99878207466580660      -0.37520831279971101     
   1.0257761847919094      -0.39922435889552993     
   1.0527702949180122      -0.41787641869719283     
   1.0797644050441151      -0.42623694441313259     
   1.1067585151702182      -0.41622625824302356     
   1.1337526252963210      -0.37620630661608201     
   1.1607467354224239      -0.29352326166301479     
   1.1877408455485268      -0.16342429265907971     
   1.2147349556746296        0.0000000000000000     
   0.0000000000000000       -0.0000000000000000     
   2.7030949141648122E-002  0.20692421921679360     
   5.4061898283296245E-002  0.36176475216884113     
   8.1092847424944367E-002  0.44822887723816968     
  0.10812379656659249       0.48008316305202592     
  0.13515474570824060       0.47837945631140194     
  0.16218569484988873       0.45891735542382378     
  0.18921664399153687       0.43107379778824767     
  0.21624759313318498       0.39983605741951844     
  0.24327854227483309       0.36769810468419700     
  0.27030949141648120       0.33583932343619244     
  0.29734044055812936       0.30476930053412266     
  0.32437138969977747       0.27466335266565756     
  0.35140233884142558       0.24553403981026800     
  0.37843328798307374       0.21731816252678121     
  0.40546423712472185       0.18992055330966442     
  0.43249518626636996       0.16323574994491019     
  0.45952613540801807       0.13715831799791045     
  0.48655708454966617       0.11158735039953308     
  0.51358803369131434        8.6428002954258981E-002
  0.54061898283296239        6.1591552355292602E-002
  0.56764993197461056        3.6994751554445759E-002
  0.59468088111625872        1.2558886365899101E-002
  0.62171183025790677       -1.1791254759125716E-002
  0.64874277939955494       -3.6128380777381626E-002
  0.67577372854120310       -6.0523589591062736E-002
  0.70280467768285115       -8.5047073250473920E-002
  0.72983562682449932      -0.10976852497312843     
  0.75686657596614748      -0.13475705894303566     
  0.78389752510779553      -0.16008030989080502     
  0.81092847424944370      -0.18580212156790654     
  0.83795942339109175      -0.21197777305028712     
  0.86499037253273992      -0.23864486550190106     
  0.89202132167438808      -0.26580649657961108     
  0.91905227081603613      -0.29340062772751407     
  0.94608321995768430      -0.32124459431107494     
  0.97311416909933235      -0.34893480130076482     
   1.0001451182409806      -0.37566620776253301     
   1.0271760673826287      -0.39991201420855405     
   1.0542070165242767      -0.41887551458261318     
   1.0812379656659248      -0.42763176927742080     
   1.1082689148075731      -0.41805681814887707     
   1.1352998639492211      -0.37836423229960409     
   1.1623308130908692      -0.29561248996787487     
   1.1893617622325174      -0.16476489619563112     
   1.2163927113741655        0.0000000000000000     
   0.0000000000000000       -0.0000000000000000     
   2.7065040771596067E-002  0.20997698220169886     
   5.4130081543192134E-002  0.36631472122667047     
   8.1195122314788204E-002  0.45269618221275032     
  0.10826016308638427       0.48373351576704304     
  0.13532520385798033       0.48112145252884708     
  0.16239024462957641       0.46090632231163325     
  0.18945528540117246       0.43250130862538133     
  0.21652032617276853       0.40086151707331985     
  0.24358536694436461       0.36843920653489670     
  0.27065040771596066       0.33637933723470687     
  0.29771544848755671       0.30516646932208785     
  0.32478048925915282       0.27495852316373182     
  0.35184553003074887       0.24575612093422641     
  0.37891057080234491       0.21748785401713297     
  0.40597561157394102       0.19005285485357246     
  0.43304065234553707       0.16334164826091724     
  0.46010569311713312       0.13724592786676601     
  0.48717073388872922       0.11166269298433847     
  0.51423577466032522        8.6495541217902872E-002
  0.54130081543192132        6.1654561500055750E-002
  0.56836585620351743        3.7055575144819157E-002
  0.59543089697511342        1.2619110951138770E-002
  0.62249593774670953       -1.1730685597786552E-002
  0.64956097851830563       -3.6067100285489588E-002
  0.67662601928990163       -6.0461783087772343E-002
  0.70369106006149773       -8.4985493396043527E-002
  0.73075610083309384      -0.10970855072446847     
  0.75782114160468983      -0.13470080763060296     
  0.78488618237628593      -0.16003081933508848     
  0.81195122314788204      -0.18576362957740544     
  0.83901626391947803      -0.21195613664694485     
  0.86608130469107414      -0.23864818370566257     
  0.89314634546267024      -0.26584603017362035     
  0.92021138623426624      -0.29349214569124815     
  0.94727642700586234      -0.32141030728419934     
  0.97434146777745845      -0.34920602140913914     
   1.0014065085490544      -0.37608666033993754     
   1.0284715493206504      -0.40054093940344732     
   1.0555365900922467      -0.41978741877660397     
   1.0826016308638426      -0.42890424470298000     
   1.1096666716354386      -0.41972817677366181     
   1.1367317124070349      -0.38033808189067214     
   1.1637967531786308      -0.29752786713865942     
   1.1908617939502268      -0.16599630699905921     
   1.2179268347218231        0.0000000000000000     
   0.0000000000000000       -0.0000000000000000     
   2.7096765037968481E-002  0.21297352038306072     
   5.4193530075936962E-002  0.37076659681917457     
   8.1290295113905439E-002  0.45705282516345752     
  0.10838706015187392       0.48728655479763927     
  0.13548382518984239       0.48379021575015618     
  0.16258059022781088       0.46284567305462043     
  0.18967735526577936       0.43389804722563313     
  0.21677412030374785       0.40186984728835440     
  0.24387088534171633       0.36917253788379528     
  0.27096765037968479       0.33691776030281839     
  0.29806441541765327       0.30556596952354198     
  0.32516118045562176       0.27525837092400041     
  0.35225794549359024       0.24598412822789917     
  0.37935471053155873       0.21766395449320186     
  0.40645147556952721       0.19019150976515345     
  0.43354824060749569       0.16345346363339969     
  0.46064500564546418       0.13733874869732177     
  0.48774177068343266       0.11174235036664976     
  0.51483853572140115        8.6566367100078506E-002
  0.54193530075936958        6.1719745632100621E-002
  0.56903206579733812        3.7117412685050609E-002
  0.59612883083530654        1.2679172192372287E-002
  0.62322559587327508       -1.1671443255463444E-002
  0.65032236091124351       -3.6008265820584931E-002
  0.67741912594921205       -6.0403464317723407E-002
  0.70451589098718048       -8.4928326748493127E-002
  0.73161265602514902      -0.10965375132880989     
  0.75870942106311745      -0.13465026803654037     
  0.78580618610108599      -0.15998727200975002     
  0.81290295113905442      -0.18573089785886421     
  0.83999971617702296      -0.21193951252621843     
  0.86709648121499139      -0.23865499054508152     
  0.89419324625295982      -0.26588645573610264     
  0.92129001129092836      -0.29358046477599908     
  0.94838677632889679      -0.32156664314359573     
  0.97548354136686533      -0.34945878010113934     
   1.0025803064048338      -0.37647558547031784     
   1.0296770714428023      -0.40112003000590679     
   1.0567738364807708      -0.42062488710605817     
   1.0838706015187392      -0.43007169380128618     
   1.1109673665567077      -0.42126213109760496     
   1.1380641315946762      -0.38215219252635779     
   1.1651608966326448      -0.29929162053947350     
   1.1922576616706131      -0.16713213581315342     
   1.2193544267085816        0.0000000000000000     
   0.0000000000000000       -0.0000000000000000     
   2.7126464412463087E-002  0.21593607018055747     
   5.4252928824926175E-002  0.37515447786150519     
   8.1379393237389269E-002  0.46133353806083272     
  0.10850585764985235       0.49077152914085265     
  0.13563232206231543       0.48640800981176097     
  0.16275878647477854       0.46475143512273542     
  0.18988525088724162       0.43527518407703214     
  0.21701171529970470       0.40286866661793075     
  0.24413817971216778       0.36990319784500736     
  0.27126464412463086       0.33745793269677898     
  0.29839110853709394       0.30596992580144633     
  0.32551757294955708       0.27556419018571104     
  0.35264403736202016       0.24621879817637651     
  0.37977050177448324       0.21784683684309819     
  0.40689696618694632       0.19033666658970672     
  0.43402343059940940       0.16357122085761680     
  0.46114989501187248       0.13743675457258483     
  0.48827635942433556       0.11182629899381311     
  0.51540282383679870        8.6640497727525828E-002
  0.54252928824926172        6.1787189647396615E-002
  0.56965575266172486        3.7180435093023441E-002
  0.59678221707418788        1.2739337991693371E-002
  0.62390868148665102       -1.1613158260525612E-002
  0.65103514589911415       -3.5951407742014121E-002
  0.67816161031157718       -6.0348070935790768E-002
  0.70528807472404031       -8.4874932357155250E-002
  0.73241453913650334      -0.10960342908358792     
  0.75954100354896648      -0.13460471714449865     
  0.78666746796142950      -0.15994896337850428     
  0.81379393237389264      -0.18570330056981074     
  0.84092039678635566      -0.21192743608834302     
  0.86804686119881880      -0.23866509603233058     
  0.89517332561128193      -0.26592801416710871     
  0.92229979002374496      -0.29366647283092601     
  0.94942625443620809      -0.32171543523392560     
  0.97655271884867112      -0.34969626545422561     
   1.0036791832611343      -0.37683807454389873     
   1.0308056476735974      -0.40165697999915378     
   1.0579321120860603      -0.42139901282170922     
   1.0850585764985234      -0.43114928260444957     
   1.1121850409109866      -0.42267792130912585     
   1.1393115053234497      -0.38382825422590311     
   1.1664379697359128      -0.30092375734619103     
   1.1935644341483758      -0.16818473032875828     
   1.2206908985608389        0.0000000000000000     
   0.0000000000000000       -0.0000000000000000     
   2.7154448618003920E-002  0.21888661971356430     
   5.4308897236007840E-002  0.37951154130939074     
   8.1463345854011757E-002  0.46557149407771681     
  0.10861779447201568       0.49421595061095330     
  0.13577224309001959       0.48899556245661452     
  0.16292669170802351       0.46663845088922257     
  0.19008114032602744       0.43664305470193226     
  0.21723558894403136       0.40386504838103066     
  0.24439003756203528       0.37063595959336010     
  0.27154448618003918       0.33800302625278006     
  0.29869893479804310       0.30638040395763516     
  0.32585338341604703       0.27587728944931622     
  0.35300783203405095       0.24646092809186598     
  0.38016228065205487       0.21803696203800613     
  0.40731672927005880       0.19048857520006451     
  0.43447117788806272       0.16369504913138372     
  0.46162562650606664       0.13754001967221632     
  0.48878007512407057       0.11191460577383661     
  0.51593452374207449        8.6718027247617041E-002
  0.54308897236007836        6.1857039400331132E-002
  0.57024342097808234        3.7244856502693366E-002
  0.59739786959608621        1.2799900842962010E-002
  0.62455231821409019       -1.1555455335521636E-002
  0.65170676683209405       -3.5896068841594603E-002
  0.67886121545009803       -6.0295069976878314E-002
  0.70601566406810190       -8.4824713447760755E-002
  0.73317011268610588      -0.10955694208392969     
  0.76032456130410975      -0.13456349487917793     
  0.78747900992211373      -0.15991525280910404     
  0.81463345854011759      -0.18568026829562098     
  0.84178790715812157      -0.21191948017315887     
  0.86894235577612544      -0.23867831293138450     
  0.89609680439412931      -0.26597089302226967     
  0.92325125301213329      -0.29375091912650125     
  0.95040570163013716      -0.32185825374594390     
  0.97756015024814114      -0.34992122565641987     
   1.0047145988661450      -0.37717853583142325     
   1.0318690474841490      -0.40215847883882966     
   1.0590234961021530      -0.42211948690105622     
   1.0861779447201567      -0.43215033852089935     
   1.1133323933381607      -0.42399257968283172     
   1.1404868419561647      -0.38538563475746074     
   1.1676412905741687      -0.30244230303591835     
   1.1947957391921724      -0.16916529411668582     
   1.2219501878101764        0.0000000000000000     
   0.0000000000000000       -0.0000000000000000     
   2.7180999018365872E-002  0.22184715027397053     
   5.4361998036731744E-002  0.38387043787472369     
   8.1542997055097613E-002  0.46979876057337372     
  0.10872399607346349       0.49764602667251845     
  0.13590499509182935       0.49157243121092298     
  0.16308599411019523       0.46852066164049488     
  0.19026699312856110       0.43801136737151758     
  0.21744799214692698       0.40486566581879607     
  0.24462899116529285       0.37137536767040752     
  0.27180999018365870       0.33855610676039294     
  0.29899098920202460       0.30679944800247777     
  0.32617198822039045       0.27619901104868844     
  0.35335298723875636       0.24671138380913818     
  0.38053398625712220       0.21823487907768424     
  0.40771498527548811       0.19064758202071122     
  0.43489598429385395       0.16382517476654052     
  0.46207698331221980       0.13764871009005278     
  0.48925798233058571       0.11200742017179921     
  0.51643898134895161        8.6799120055864459E-002
  0.54361998036731740        6.1929496658648955E-002
  0.57080097938568330        3.7310931346257070E-002
  0.59798197840404921        1.2861177274995632E-002
  0.62516297742241511       -1.1497951499773101E-002
  0.65234397644078090       -3.5841800044031383E-002
  0.67952497545914681       -6.0243951334015305E-002
  0.70670597447751271       -8.4777109033055256E-002
  0.73388697349587850      -0.10951369449014536     
  0.76106797251424441      -0.13452599378929514     
  0.78824897153261031      -0.15988555372880628     
  0.81542997055097621      -0.18566128011346728     
  0.84261096956934201      -0.21191525098279590     
  0.86979196858770791      -0.23869445919161481     
  0.89697296760607381      -0.26601523900687835     
  0.92415396662443960      -0.29383444164488942     
  0.95133496564280551      -0.32199645400968580     
  0.97851596466117141      -0.35013604619855476     
   1.0056969636795372      -0.37750080999494245     
   1.0328779626979032      -0.40263037512468580     
   1.0600589617162690      -0.42279481707503425     
   1.0872399607346348      -0.43308662270970993     
   1.1144209597530008      -0.42522123590036248     
   1.1416019587713666      -0.38684167318121299     
   1.1687829577897324      -0.30386352613280326     
   1.1959639568080984      -0.17008400370400334     
   1.2231449558264642        0.0000000000000000     
   0.0000000000000000       -0.0000000000000000     
   2.7206372649795994E-002  0.22483991637475775     
   5.4412745299591989E-002  0.38826372424183592     
   8.1619117949387976E-002  0.47404676099125409     
  0.10882549059918398       0.50108707852310985     
  0.13603186324897998       0.49415734441259529     
  0.16323823589877595       0.47041136671732137     
  0.19044460854857195       0.43938939055199133     
  0.21765098119836795       0.40587692273227144     
  0.24485735384816396       0.37212582601189642     
  0.27206372649795996       0.33912019106599067     
  0.29927009914775593       0.30722911531907954     
  0.32647647179755190       0.27653075104599367     
  0.35368284444734793       0.24697110919942911     
  0.38088921709714391       0.21844122769517108     
  0.40809558974693994       0.19081412850892768     
  0.43530196239673591       0.16396191733841795     
  0.46250833504653188       0.13776307902665208     
  0.48971470769632791       0.11210496945231928     
  0.51692108034612394        8.6884006812672748E-002
  0.54412745299591991        6.2004816406419902E-002
  0.57133382564571589        3.7378953286639961E-002
  0.59854019829551186        1.2923508621221332E-002
  0.62574657094530783       -1.1440253382179492E-002
  0.65295294359510381       -3.5788155825978447E-002
  0.68015931624489989       -6.0194221438609211E-002
  0.70736568889469587       -8.4731586119403415E-002
  0.73457206154449184      -0.10947312769352700     
  0.76177843419428781      -0.13449164978457281     
  0.78898480684408379      -0.15985932479125223     
  0.81619117949387987      -0.18564585635777353     
  0.84339755214367584      -0.21191438405703214     
  0.87060392479347182      -0.23871335928375989     
  0.89781029744326779      -0.26606116760504978     
  0.92501667009306376      -0.29391758894236730     
  0.95222304274285985      -0.32213121578681608     
  0.97942941539265582      -0.35034281330118583     
   1.0066357880424517      -0.37780826582417720     
   1.0338421606922479      -0.40307781353727457     
   1.0610485333420439      -0.42343251315794805     
   1.0882549059918398      -0.43396856417828128     
   1.1154612786416358      -0.42637738496920286     
   1.1426676512914318      -0.38821194487103861     
   1.1698740239412277      -0.30520214857058947     
   1.1970803965910237      -0.17095012224362491     
   1.2242867692408197        0.0000000000000000     
   0.0000000000000000       -0.0000000000000000     
   2.7230805949990163E-002  0.22788777027088866     
   5.4461611899980326E-002  0.39272433963166470     
   8.1692417849970486E-002  0.47834675477219302     
  0.10892322379996065       0.50456395428579959     
  0.13615402974995081       0.49676852717216596     
  0.16338483569994097       0.47232346631551159     
  0.19061564164993114       0.44078612693978558     
  0.21784644759992131       0.40690507470444759     
  0.24507725354991147       0.37289168031627218     
  0.27230805949990161       0.33969830153700692     
  0.29953886544989178       0.30767151142901766     
  0.32676967139988194       0.27687398030264354     
  0.35400047734987211       0.24724113790196581     
  0.38123128329986228       0.21865674388427708     
  0.40846208924985244       0.19098875275741353     
  0.43569289519984261       0.16410568902395156     
  0.46292370114983278       0.13788346507156793     
  0.49015450709982294       0.11220755678206971     
  0.51738531304981306        8.6972982999138304E-002
  0.54461611899980322        6.2083306303578209E-002
  0.57184692494979339        3.7449255886569333E-002
  0.59907773089978356        1.2987263081142416E-002
  0.62630853684977372       -1.1381953680752947E-002
  0.65353934279976389       -3.5734689215936012E-002
  0.68077014874975406       -6.0145396908090357E-002
  0.70800095469974422       -8.4687632227960968E-002
  0.73523176064973439      -0.10943471205261693     
  0.76246256659972456      -0.13445993359426064     
  0.78969337254971472      -0.15983606175086848     
  0.81692417849970489      -0.18563355188719341     
  0.84415498444969506      -0.21191654023404835     
  0.87138579039968522      -0.23873484466299938     
  0.89861659634967539      -0.26610877047811926     
  0.92584740229966556      -0.29400083775627750     
  0.95307820824965572      -0.32226357549513351     
  0.98030901419964589      -0.35054336647284706     
   1.0075398201496359      -0.37810388023696317     
   1.0347706260996261      -0.40350535027530476     
   1.0620014320496163      -0.42403924500632084     
   1.0892322379996064      -0.43480546209863236     
   1.1164630439495966      -0.42747312327045178     
   1.1436938498995868      -0.38951050111345364     
   1.1709246558495769      -0.30647154194219628     
   1.1981554617995671      -0.17177210888069314     
   1.2253862677495573        0.0000000000000000     
   0.0000000000000000       -0.0000000000000000     
   2.7254518240826059E-002  0.23101453913243161     
   5.4509036481652118E-002  0.39728613911895749     
   8.1763554722478177E-002  0.48273034653524105     
  0.10901807296330424       0.50810144847592864     
  0.13627259120413029       0.49942402180522122     
  0.16352710944495635       0.47426969602735419     
  0.19078162768578241       0.44221048026874438     
  0.21803614592660847       0.40795634550136167     
  0.24529066416743453       0.37367729795892884     
  0.27254518240826059       0.34029352005721542     
  0.29979970064908668       0.30812882575702838     
  0.32705421888991271       0.27723026756290620     
  0.35430873713073874       0.24752260769580892     
  0.38156325537156482       0.21888226841968283     
  0.40881777361239091       0.19117209423087322     
  0.43607229185321694       0.16425699703871852     
  0.46332681009404297       0.13801029342863289     
  0.49058132833486906       0.11231556203565082     
  0.51783584657569515        8.7066409879092060E-002
  0.54509036481652118        6.2165328210894141E-002
  0.57234488305734721        3.7522214973680405E-002
  0.59959940129817335        1.3052839102654284E-002
  0.62685391953899938       -1.1322626684358553E-002
  0.65410843777982541       -3.5680946217356145E-002
  0.68136295602065144       -6.0096997957868693E-002
  0.70861747426147748       -8.4644747969732009E-002
  0.73587199250230362      -0.10939793891784655     
  0.76312651074312965      -0.13443034264769552     
  0.79038102898395568      -0.15981528978925269     
  0.81763554722478182      -0.18562394964627327     
  0.84489006546560785      -0.21192140155769679     
  0.87214458370643388      -0.23875875350772238     
  0.89939910194725992      -0.26615812107917802     
  0.92665362018808595      -0.29408460727660429     
  0.95390813842891209      -0.32239445285137625     
  0.98116265666973812      -0.35073934245368799     
   1.0084171749105642      -0.37839030573420024     
   1.0356716931513903      -0.40391705121819393     
   1.0629262113922162      -0.42462097821269612     
   1.0901807296330424      -0.43560566187249733     
   1.1174352478738685      -0.42851935778275196     
   1.1446897661146944      -0.39075008629545649     
   1.1719442843555206      -0.30768391073029927     
   1.1991988025963467      -0.17255772317425225     
   1.2264533208371726        0.0000000000000000     
   0.0000000000000000       -0.0000000000000000     
   2.7277715025277920E-002  0.23424547029910872     
   5.4555430050555839E-002  0.40198449910524092     
   8.1833145075833752E-002  0.48723004026270050     
  0.10911086010111168       0.51172473947344888     
  0.13638857512638961       0.50214201319312968     
  0.16366629015166750       0.47626286088643266     
  0.19094400517694543       0.44367142091679940     
  0.21822172020222336       0.40903704298079258     
  0.24549943522750128       0.37448714858169263     
  0.27277715025277921       0.34090904369502162     
  0.30005486527805714       0.30860336984330233     
  0.32733258030333501       0.27760130548209921     
  0.35461029532861293       0.24781677810367064     
  0.38188801035389086       0.21911875871767345     
  0.40916572537916879       0.19136490179986357     
  0.43644344040444671       0.16441644924559032     
  0.46372115542972464       0.13814408011100104     
  0.49099887045500257       0.11242944531508485     
  0.51827658548028044        8.7164717876441228E-002
  0.54555430050555842        6.2251301807744623E-002
  0.57283201553083629        3.7598252765957636E-002
  0.60010973055611427        1.3120670181060232E-002
  0.62738744558139214       -1.1261822708560822E-002
  0.65466516060667002       -3.5626459470673208E-002
  0.68194287563194800       -6.0048541349345001E-002
  0.70922059065722587       -8.4602439422901132E-002
  0.73649830568250385      -0.10936231266369283     
  0.76377602070778172      -0.13440239311331242     
  0.79105373573305970      -0.15979655603823292     
  0.81833145075833758      -0.18561665435114755     
  0.84560916578361556      -0.21192866703986107     
  0.87288688080889343      -0.23878492983277430     
  0.90016459583417130      -0.26620927883451972     
  0.92744231085944928      -0.29416927076136129     
  0.95472002588472715      -0.32252467312316396     
  0.98199774091000513      -0.35093221234076649     
   1.0092754559352830      -0.37866992787967196     
   1.0365531709605609      -0.40431657626875062     
   1.0638308859858390      -0.42518309175028735     
   1.0911086010111168      -0.43637670983918780     
   1.1183863160363947      -0.42952599268218022     
   1.1456640310616726      -0.39194233631031283     
   1.1729417460869505      -0.30885046346088951     
   1.2002194611122285      -0.17331412558597450     
   1.2274971761375064        0.0000000000000000     
   0.0000000000000000       -0.0000000000000000     
   2.7300591160156203E-002  0.23760776041429510     
   5.4601182320312407E-002  0.40685701924608070     
   8.1901773480468607E-002  0.49187985612667906     
  0.10920236464062481       0.51545986038351055     
  0.13650295580078101       0.50494116961671653     
  0.16380354696093721       0.47831607735733866     
  0.19110413812109342       0.44517815629687180     
  0.21840472928124963       0.41015367890393101     
  0.24570532044140583       0.37532588842104420     
  0.27300591160156201       0.34154824422457442     
  0.30030650276171822       0.30909761949278058     
  0.32760709392187443       0.27798894062957302     
  0.35490768508203063       0.24812505191604114     
  0.38220827624218684       0.21936730448560912     
  0.40950886740234305       0.19156804538735933     
  0.43680945856249925       0.16458476314250298     
  0.46411004972265546       0.13828543924934464     
  0.49141064088281167       0.11254975329119739     
  0.51871123204296787        8.7268412470526566E-002
  0.54601182320312402        6.2341710417730123E-002
  0.57331241436328029        3.7677843885848286E-002
  0.60061300552343644        1.3191231235084967E-002
  0.62791359668359270       -1.1199061266445763E-002
  0.65521418784374885       -3.5570740941528511E-002
  0.68251477900390511       -5.9999532638757756E-002
  0.70981537016406127       -8.4560210048719067E-002
  0.73711596132421753      -0.10932734247261622     
  0.76441655248437368      -0.13437561182701108     
  0.79171714364452994      -0.15977942206794937     
  0.81901773480468609      -0.18561128610411387     
  0.84631832596484236      -0.21193804819035331     
  0.87361891712499851      -0.23881322200115801     
  0.90091950828515466      -0.26626229213492009     
  0.92822009944531092      -0.29425516502009702     
  0.95552069060546707      -0.32265498587666647     
  0.98282128176562333      -0.35112331334282360     
   1.0101218729257795      -0.37894491488995607     
   1.0374224640859357      -0.40470725267449614     
   1.0647230552460920      -0.42573048123955126     
   1.0920236464062480      -0.43712549049572375     
   1.1193242375664043      -0.43050209779806425     
   1.1466248287265606      -0.39309796087778542     
   1.1739254198867168      -0.30998157422435119     
   1.2012260110468729      -0.17404797361092189     
   1.2285266022070291        0.0000000000000000     
   0.0000000000000000       -0.0000000000000000     
   2.7323333974990004E-002  0.24113119581388687     
   5.4646667949980007E-002  0.41194435020016551     
   8.1970001924970004E-002  0.49671603527658115     
  0.10929333589996001       0.51933422031244092     
  0.13661666987495003       0.50784101214030142     
  0.16394000384994001       0.48044303230627450     
  0.19126333782493002       0.44674031268731801     
  0.21858667179992003       0.41131309739689642     
  0.24591000577491004       0.37619845184287631     
  0.27323333974990005       0.34221473397835928     
  0.30055667372489003       0.30961426267702741     
  0.32788000769988002       0.27839520877751078     
  0.35520334167487005       0.24844900160042091     
  0.38252667564986004       0.21962914788645427     
  0.40985000962485008       0.19178253177023286     
  0.43717334359984006       0.16476277865665623     
  0.46449667757483004       0.13843509386374026     
  0.49182001154982008       0.11267712867527627     
  0.51914334552481012        8.7378082890897990E-002
  0.54646667949980010        6.2437109304130156E-002
  0.57379001347479008        3.7761523527452663E-002
  0.60111334744978007        1.3265046824887510E-002
  0.62843668142477005       -1.1133822692411614E-002
  0.65576001539976003       -3.5513273347727144E-002
  0.68308334937475013       -5.9949457426104913E-002
  0.71040668334974011       -8.4517551853557846E-002
  0.73773001732473009      -0.10929253355741005     
  0.76505335129972007      -0.13434952782619322     
  0.79237668527471006      -0.15976345607917486     
  0.81970001924970015      -0.18560747373272979     
  0.84702335322469013      -0.21194926417580018     
  0.87434668719968012      -0.23884348064748584     
  0.90167002117467010      -0.26631720028887179     
  0.92899335514966008      -0.29434259818384434     
  0.95631668912465018      -0.32278608097899947     
  0.98364002309964016      -0.35131387630899036     
   1.0109633570746301      -0.37921726104035730     
   1.0382866910496202      -0.40509213971992175     
   1.0656100250246101      -0.42626765083984486     
   1.0929333589996002      -0.43785835006555912     
   1.1202566929745901      -0.43145606242957707     
   1.1475800269495802      -0.39422691345669403     
   1.1749033609245703      -0.31108693625986605     
   1.2022266948995601      -0.17476551523011799     
   1.2295500288745502        0.0000000000000000     
   0.0000000000000000       -0.0000000000000000     
   2.7346126415057084E-002  0.24484893874264577     
   5.4692252830114169E-002  0.41729118900930601     
   8.2038379245171253E-002  0.50177786406233205     
  0.10938450566022834       0.52337719842437591     
  0.13673063207528541       0.51086232767992867     
  0.16407675849034251       0.48265826970110748     
  0.19142288490539960       0.44836813609943305     
  0.21876901132045667       0.41252261753103869     
  0.24611513773551374       0.37711015401962356     
  0.27346126415057082       0.34291244093057149     
  0.30080739056562794       0.31015625533058822     
  0.32815351698068501       0.27882237709476726     
  0.35549964339574208       0.24879040183490736     
  0.38284576981079921       0.21990570918758179     
  0.41019189622585628       0.19200952531297527     
  0.43753802264091335       0.16495147538417304     
  0.46488414905597042       0.13859389064487226     
  0.49223027547102749       0.11281232329204009     
  0.51957640188608456        8.7494414036672186E-002
  0.54692252830114163        6.2538136838711303E-002
  0.57426865471619881        3.7849898160321513E-002
  0.60161478113125588        1.3342701587042207E-002
  0.62896090754631295       -1.1065537853033469E-002
  0.65630703396137002       -3.5453499956981993E-002
  0.68365316037642709       -5.9897771244095906E-002
  0.71099928679148416       -8.4473935428999516E-002
  0.73834541320654123      -0.10925737748664772     
  0.76569153962159842      -0.13432366316360864     
  0.79303766603665549      -0.15974822450498921     
  0.82038379245171256      -0.18560484760994569     
  0.84772991886676963      -0.21196203645456826     
  0.87507604528182670      -0.23887555592791898     
  0.90242217169688377      -0.26637403453919761     
  0.92976829811194084      -0.29443185604262601     
  0.95711442452699791      -0.32291860243629461     
  0.98446055094205498      -0.35150505000409638     
   1.0118066773571122      -0.37948882535142853     
   1.0391528037721691      -0.40547408685854025     
   1.0664989301872263      -0.42679879650192976     
   1.0938450566022833      -0.43858120965119107     
   1.1211911830173404      -0.43239573824107241     
   1.1485373094323976      -0.39533855200849333     
   1.1758834358474546      -0.31217571033508873     
   1.2032295622625118      -0.17547268070759039     
   1.2305756886775687        0.0000000000000000     
   0.0000000000000000       -0.0000000000000000     
   2.7369150300726834E-002  0.24879850808884962     
   5.4738300601453668E-002  0.42294749831332856     
   8.2107450902180495E-002  0.50710866005704647     
  0.10947660120290734       0.52762083917142411     
  0.13684575150363418       0.51402764487531627     
  0.16421490180436099       0.48497751815745632     
  0.19158405210508783       0.45007272138734011     
  0.21895320240581467       0.41379019661989502     
  0.24632235270654151       0.37806680959668065     
  0.27369150300726836       0.34364569661683375     
  0.30106065330799520       0.31072688777988478     
  0.32842980360872198       0.27927299536408667     
  0.35579895390944882       0.24915126984148872     
  0.38316810421017566       0.22019861923709352     
  0.41053725451090251       0.19225037474404971     
  0.43790640481162935       0.16515199521792778     
  0.46527555511235619       0.13876281955231887     
  0.49264470541308303       0.11295621547744999     
  0.52001385571380987        8.7618202275062632E-002
  0.54738300601453671        6.2645529141409542E-002
  0.57475215631526355        3.7943659330087219E-002
  0.60212130661599039        1.3424853419253287E-002
  0.62949045691671723       -1.0993575434102161E-002
  0.65685960721744396       -3.5390812267850152E-002
  0.68422875751817080       -5.9843887615549866E-002
  0.71159790781889765       -8.4428798426419094E-002
  0.73896705811962449      -0.10922134118138002     
  0.76633620842035133      -0.13429752260258276     
  0.79370535872107817      -0.15973328267442874     
  0.82107450902180501      -0.18560303165672240     
  0.84844365932253185      -0.21197608264409107     
  0.87581280962325869      -0.23890929400826519     
  0.90318195992398553      -0.26643281816825898     
  0.93055111022471237      -0.29452320718636515     
  0.95792026052543922      -0.32305316052224614     
  0.98528941082616606      -0.35169792296344599     
   1.0126585611268928      -0.37976136682233519     
   1.0400277114276197      -0.40585578706615238     
   1.0673968617283465      -0.42732788304465125     
   1.0947660120290734      -0.43929967109056439     
   1.1221351623298002      -0.43332857484817294     
   1.1495043126305271      -0.39644179422663850     
   1.1768734629312538      -0.31325667084125369     
   1.2042426132319808      -0.17617517446641837     
   1.2316117635327075        0.0000000000000000     
   0.0000000000000000       -0.0000000000000000     
   2.7369380943739773E-002  0.24883907151002049     
   5.4738761887479545E-002  0.42300546177723652     
   8.2108142831219311E-002  0.50716315841497306     
  0.10947752377495909       0.52766414586812904     
  0.13684690471869887       0.51405991336777168     
  0.16421628566243862       0.48500115106051112     
  0.19158566660617840       0.45009009087631613     
  0.21895504754991818       0.41380311699567679     
  0.24632442849365796       0.37807656583903548     
  0.27369380943739774       0.34365317967603531     
  0.30106319038113749       0.31073271589957696     
  0.32843257132487724       0.27927760179354788     
  0.35580195226861705       0.24915496221454841     
  0.38317133321235680       0.22020161902903954     
  0.41054071415609661       0.19225284349346525     
  0.43791009509983636       0.16515405211173545     
  0.46527947604357611       0.13876455336638199     
  0.49264885698731592       0.11295769279354256     
  0.52001823793105573        8.7619473206287352E-002
  0.54738761887479548        6.2646631367570982E-002
  0.57475699981853523        3.7944620963161563E-002
  0.60212638076227498        1.3425695041662760E-002
  0.62949576170601473       -1.0992839330613541E-002
  0.65686514264975449       -3.5390172294359951E-002
  0.68423452359349435       -5.9843338855864181E-002
  0.71160390453723410       -8.4428340114323555E-002
  0.73897328548097385      -0.10922097666876121     
  0.76634266642471360      -0.13429725963835262     
  0.79371204736845336      -0.15973313405665401     
  0.82108142831219322      -0.18560301637341700     
  0.84845080925593297      -0.21197622768902666     
  0.87582019019967272      -0.23890963718714281     
  0.90318957114341247      -0.26643341233977785     
  0.93055895208715222      -0.29452412662569333     
  0.95792833303089209      -0.32305451029117727     
  0.98529771397463184      -0.35169985226880851     
   1.0126670949183716      -0.37976408661646949     
   1.0400364758621115      -0.40585958882645529     
   1.0674058568058511      -0.42733314491700636     
   1.0947752377495910      -0.43930680901507202     
   1.1221446186933306      -0.43333783755213706     
   1.1495139996370705      -0.39645274789117874     
   1.1768833805808103      -0.31326740558186211     
   1.2042527615245500      -0.17618215285527405     
   1.2316221424682898        0.0000000000000000     
