   0.0000000000000000       -0.0000000000000000     
   2.2633138214953330E-002   3.8003081153918060E-002
   4.5266276429906660E-002   7.4835921476355149E-002
   6.7899414644859990E-002  0.10954191453050056     
   9.0532552859813320E-002  0.14116692027359543     
  0.11316569107476665       0.16894271088829024     
  0.13579882928971998       0.19228517896209130     
  0.15843196750467331       0.21080389014820541     
  0.18106510571962664       0.22429537497412250     
  0.20369824393457997       0.23272477236565478     
  0.22633138214953330       0.23619995012316342     
  0.24896452036448663       0.23494221899762469     
  0.27159765857943996       0.22925706911174323     
  0.29423079679439329       0.21950740431189658     
  0.31686393500934662       0.20609076514345262     
  0.33949707322429995       0.18942118831616378     
  0.36213021143925328       0.16991572301520433     
  0.38476334965420661       0.14798522055418259     
  0.40739648786915994       0.12402880071336701     
  0.43002962608411327        9.8431326150556733E-002
  0.45266276429906660        7.1563235696767105E-002
  0.47529590251401993        4.3782156350697911E-002
  0.49792904072897326        1.5435801043599628E-002
  0.52056217894392653       -1.3134256450492968E-002
  0.54319531715887992       -4.1588270122670051E-002
  0.56582845537383331       -6.9583770835701761E-002
  0.58846159358878658       -9.6771058008897293E-002
  0.61109473180373985      -0.12278903223888034     
  0.63372787001869324      -0.14726171545022296     
  0.65636100823364663      -0.16979588408301940     
  0.67899414644859990      -0.18998034560053326     
  0.70162728466355317      -0.20738750827404503     
  0.72426042287850656      -0.22157800842256792     
  0.74689356109345995      -0.23210923393764787     
  0.76952669930841322      -0.23854856820041953     
  0.79215983752336649      -0.24049200860947575     
  0.81479297573831988      -0.23758841601823780     
  0.83742611395327327      -0.22956896379763073     
  0.86005925216822654      -0.21628036114254498     
  0.88269239038317981      -0.19771918974376254     
  0.90532552859813320      -0.17406341644539775     
  0.92795866681308659      -0.14569612662610623     
  0.95059180502803986      -0.11321631651798954     
  0.97322494324299313       -7.7430862648623283E-002
  0.99585808145794652       -3.9356101900762691E-002
   1.0184912196728999        0.0000000000000000     
   0.0000000000000000       -0.0000000000000000     
   2.3045562104224863E-002   4.6678238859641612E-002
   4.6091124208449727E-002   9.1424990352172456E-002
   6.9136686312674583E-002  0.13266701076768270     
   9.2182248416899454E-002  0.16899858167761062     
  0.11522781052112432       0.19944837554376091     
  0.13827337262534917       0.22346239177181185     
  0.16131893472957404       0.24087268951113569     
  0.18436449683379891       0.25182865433451201     
  0.20741005893802378       0.25671249207327673     
  0.23045562104224865       0.25605552991499481     
  0.25350118314647352       0.25046606780238023     
  0.27654674525069833       0.24057363938516071     
  0.29959230735492320       0.22699016693623497     
  0.32263786945914807       0.21028591435254457     
  0.34568343156337294       0.19097707393992194     
  0.36872899366759782       0.16952174798862954     
  0.39177455577182269       0.14632153343067253     
  0.41482011787604756       0.12172655141695862     
  0.43786567998027243        9.6042389507244585E-002
  0.46091124208449730        6.9537952959297392E-002
  0.48395680418872211        4.2453628598488682E-002
  0.50700236629294704        1.5009457849449253E-002
  0.53004792839717185       -1.2586784873383661E-002
  0.55309349050139667       -4.0131584653240654E-002
  0.57613905260562159       -6.7417652874975850E-002
  0.59918461470984641       -9.4225743177587598E-002
  0.62223017681407133      -0.12031620379540904     
  0.64527573891829615      -0.14542021174397432     
  0.66832130102252107      -0.16923075143286540     
  0.69136686312674589      -0.19139359778177165     
  0.71441242523097082      -0.21149887007653312     
  0.73745798733519563      -0.22907416801407585     
  0.76050354943942045      -0.24358090632786228     
  0.78354911154364537      -0.25441621691699484     
  0.80659467364787019      -0.26092360425078193     
  0.82964023575209511      -0.26241621309053775     
  0.85268579785631993      -0.25821671035246924     
  0.87573135996054485      -0.24771681677257423     
  0.89877692206476967      -0.23045676837143667     
  0.92182248416899459      -0.20621998875144554     
  0.94486804627321941      -0.17513121530617046     
  0.96791360837744422      -0.13773901793895005     
  0.99095917048166915       -9.5056958548394840E-002
   1.0140047325858941       -4.8584740994430844E-002
   1.0370502946901188        0.0000000000000000     
   0.0000000000000000       -0.0000000000000000     
   2.3442945720834663E-002   5.5498321951651261E-002
   4.6885891441669325E-002  0.10808422834040095     
   7.0328837162503988E-002  0.15543109659509607     
   9.3771782883338650E-002  0.19567753944516986     
  0.11721472860417331       0.22777037634521100     
  0.14065767432500798       0.25137922323667028     
  0.16410062004584264       0.26675866243222801     
  0.18754356576667730       0.27456391452365997     
  0.21098651148751196       0.27567267579493315     
  0.23442945720834663       0.27104196344450598     
  0.25787240292918129       0.26160901447756768     
  0.28131534865001595       0.24823245976576733     
  0.30475829437085061       0.23166443253090041     
  0.32820124009168528       0.21254354607398579     
  0.35164418581251994       0.19140033886358732     
  0.37508713153335460       0.16866912427249217     
  0.39853007725418926       0.14470232603286151     
  0.42197302297502393       0.11978501976993489     
  0.44541596869585859        9.4148523782739704E-002
  0.46885891441669325        6.7982590673646690E-002
  0.49230186013752791        4.1446168052147715E-002
  0.51574480585836258        1.4676925339720519E-002
  0.53918775157919718       -1.2200139048187146E-002
  0.56263069730003190       -3.9064639305660537E-002
  0.58607364302086662       -6.5792894606138325E-002
  0.60951658874170123       -9.2249759471146109E-002
  0.63295953446253583      -0.11827977122072264     
  0.65640248018337055      -0.14369719633001851     
  0.67984542590420527      -0.16827458723406372     
  0.70328837162503988      -0.19172954981469517     
  0.72673131734587448      -0.21370962444819455     
  0.75017426306670920      -0.23377558642110285     
  0.77361720878754392      -0.25138419921827415     
  0.79706015450837853      -0.26587266435013163     
  0.82050310022921313      -0.27644885926240004     
  0.84394604595004785      -0.28219399152537783     
  0.86738899167088257      -0.28208725782603050     
  0.89083193739171718      -0.27506455972865723     
  0.91427488311255178      -0.26012332079374739     
  0.93771782883338650      -0.23647993018856864     
  0.96116077455422122      -0.20377199394701509     
  0.98460372027505583      -0.16227404809121451     
   1.0080466659958904      -0.11306570821780437     
   1.0314896117167252       -5.8136883560229231E-002
   1.0549325574375599        0.0000000000000000     
   0.0000000000000000       -0.0000000000000000     
   2.3816546347194292E-002   6.4280727879723568E-002
   4.7633092694388583E-002  0.12445867883830738     
   7.1449639041582871E-002  0.17734738646720319     
   9.5266185388777166E-002  0.22067721596213608     
  0.11908273173597146       0.25347871410970585     
  0.14289927808316574       0.27584640346224626     
  0.16671582443036004       0.28861900291776543     
  0.19053237077755433       0.29303975812724964     
  0.21434891712474863       0.29048285400663998     
  0.23816546347194292       0.28227254622301556     
  0.26198200981913722       0.26958576829928044     
  0.28579855616633149       0.25341487153028880     
  0.30961510251352581       0.23456706841478986     
  0.33343164886072008       0.21368272482545222     
  0.35724819520791440       0.19126096669887374     
  0.38106474155510867       0.16768608842753102     
  0.40488128790230293       0.14325160976892792     
  0.42869783424949726       0.11818082298895437     
  0.45251438059669152        9.2643737091310838E-002
  0.47633092694388585        6.6770826882639758E-002
  0.50014747329108011        4.0664184639807303E-002
  0.52396401963827444        1.4406708687872360E-002
  0.54778056598546876       -1.1930063045328393E-002
  0.57159711233266297       -3.8278906117992673E-002
  0.59541365867985729       -6.4570108664989023E-002
  0.61923020502705162       -9.0724379385598936E-002
  0.64304675137424583      -0.11664490192779670     
  0.66686329772144015      -0.14220791983881029     
  0.69067984406863447      -0.16725116337438242     
  0.71449639041582880      -0.19155935878689212     
  0.73831293676302301      -0.21484603902803875     
  0.76212948311021733      -0.23673099444959544     
  0.78594602945741165      -0.25671313229928239     
  0.80976257580460587      -0.27413954217682873     
  0.83357912215180019      -0.28817363229560783     
  0.85739566849899451      -0.29776888453911410     
  0.88121221484618883      -0.30166058975325338     
  0.90502876119338305      -0.29839574441483491     
  0.92884530754057737      -0.28642910667881744     
  0.95266185388777169      -0.26431565445643868     
  0.97647840023496590      -0.23101598997410067     
   1.0002949465821602      -0.18629052922048758     
   1.0241114929293544      -0.13108593667571722     
   1.0479280392765489       -6.7827735316517479E-002
   1.0717445856237431        0.0000000000000000     
   0.0000000000000000       -0.0000000000000000     
   2.4162314589378110E-002   7.2882218110440253E-002
   4.8324629178756219E-002  0.14028381021594996     
   7.2486943768134332E-002  0.19808856284767742     
   9.6649258357512438E-002  0.24370871070252839     
  0.12081157294689054       0.27644272237717549     
  0.14497388753626866       0.29698775501647096     
  0.16913620212564676       0.30687062244895319     
  0.19329851671502488       0.30793819433056963     
  0.21746083130440300       0.30201055620153144     
  0.24162314589378109       0.29069600380429417     
  0.26578546048315921       0.27532345462368218     
  0.28994777507253733       0.25694366485990627     
  0.31411008966191545       0.23636291472331888     
  0.33827240425129351       0.21418701429073222     
  0.36243471884067163       0.19086422724314961     
  0.38659703343004975       0.16672235653023873     
  0.41075934801942787       0.14199880271948773     
  0.43492166260880599       0.11686406179454274     
  0.45908397719818406        9.1439742782815109E-002
  0.48324629178756218        6.5812292914289999E-002
  0.50740860637694030        4.0043515226680794E-002
  0.53157092096631842        1.4178800370159330E-002
  0.55573323555569654       -1.1746159999102283E-002
  0.57989555014507466       -3.7699527799239713E-002
  0.60405786473445278       -6.3647759843894550E-002
  0.62822017932383090       -8.9549772671036351E-002
  0.65238249391320891      -0.11535023232432810     
  0.67654480850258703      -0.14097127931899611     
  0.70070712309196515      -0.16630184991281219     
  0.72486943768134326      -0.19118355111404153     
  0.74903175227072138      -0.21539180845739120     
  0.77319406686009950      -0.23861079216981210     
  0.79735638144947762      -0.26040058291235152     
  0.82151869603885574      -0.28015547005220331     
  0.84568101062823386      -0.29705377618052992     
  0.86984332521761198      -0.31000319923631375     
  0.89400563980699010      -0.31759287772333294     
  0.91816795439636811      -0.31807585208329214     
  0.94233026898574623      -0.30942343065760630     
  0.96649258357512435      -0.28951101915374339     
  0.99065489816450247      -0.25649643304064734     
   1.0148172127538806      -0.20940680501817485     
   1.0389795273432587      -0.14882615414037545     
   1.0631418419326368       -7.7505713897444484E-002
   1.0873041565220150        0.0000000000000000     
   0.0000000000000000       -0.0000000000000000     
   2.4478985607152708E-002   8.1193017398483308E-002
   4.8957971214305417E-002  0.15537072357677975     
   7.3436956821458121E-002  0.21745445046238274     
   9.7915942428610833E-002  0.26465716260027305     
  0.12239492803576354       0.29672444484490518     
  0.14687391364291624       0.31509176352523155     
  0.17135289925006897       0.32201965700477064     
  0.19583188485722167       0.31992547057244564     
  0.22031087046437436       0.31099981281767319     
  0.24478985607152709       0.29705130379337630     
  0.26926884167867982       0.27948914934421704     
  0.29374782728583249       0.25937052738266275     
  0.31822681289298521       0.23746834643639700     
  0.34270579850013794       0.21433730833872949     
  0.36718478410729061       0.19036972209306979     
  0.39166376971444333       0.16583935802696684     
  0.41614275532159606       0.14093452966577258     
  0.44062174092874873       0.11578248108276511     
  0.46510072653590145        9.0467161832561621E-002
  0.48957971214305418        6.5042159867470389E-002
  0.51405869775020685        3.9540194197386705E-002
  0.53853768335735963        1.3980245964279827E-002
  0.56301666896451230       -1.1626840178050619E-002
  0.58749565457166497       -3.7273620567989350E-002
  0.61197464017881775       -6.2951614418548699E-002
  0.63645362578597042       -8.8646622211724577E-002
  0.66093261139312309      -0.11433322034109288     
  0.68541159700027587      -0.13996773995489922     
  0.70989058260742854      -0.16547884266299540     
  0.73436956821458121      -0.19075451232331786     
  0.75884855382173400      -0.21562387973751143     
  0.78332753942888667      -0.23983179753965062     
  0.80780652503603934      -0.26300356392285312     
  0.83228551064319212      -0.28459689306255676     
  0.85676449625034479      -0.30383872435434306     
  0.88124348185749746      -0.31964698210456682     
  0.90572246746465024      -0.33054424591225351     
  0.93020145307180291      -0.33458509559001132     
  0.95468043867895558      -0.32934550290366499     
  0.97915942428610836      -0.31206042044938737     
   1.0036384098932611      -0.28002688492836081     
   1.0281173955004137      -0.23136488811140651     
   1.0525963811075665      -0.16606338236235083     
   1.0770753667147193       -8.7047756574929747E-002
   1.1015543523218718        0.0000000000000000     
   0.0000000000000000       -0.0000000000000000     
   2.4766919177215088E-002   8.9132102196795210E-002
   4.9533838354430176E-002  0.16959320251650989     
   7.4300757531645265E-002  0.23534323493601378     
   9.9067676708860353E-002  0.28352840799331980     
  0.12383459588607544       0.31449825308743695     
  0.14860151506329053       0.33051405708093773     
  0.17336843424050563       0.33456757329915582     
  0.19813535341772071       0.32958482721492255     
  0.22290227259493578       0.31804637488977011     
  0.24766919177215088       0.30188903333782641     
  0.27243611094936598       0.28254972829819525     
  0.29720303012658106       0.26105964505909462     
  0.32196994930379613       0.23814205842165198     
  0.34673686848101126       0.21429552141415076     
  0.37150378765822634       0.18985834163525941     
  0.39627070683544141       0.16505611965268019     
  0.42103762601265649       0.14003582507572437     
  0.44580454518987156       0.11488984983179784     
  0.47057146436708669        8.9672873711274872E-002
  0.49533838354430176        6.4413699360742857E-002
  0.52010530272151689        3.9123637514135667E-002
  0.54487222189873197        1.3802587309993727E-002
  0.56963914107594704       -1.1556349216574464E-002
  0.59440606025316212       -3.6963077217736763E-002
  0.61917297943037719       -6.2427012073034555E-002
  0.64393989860759226       -8.7953377250710646E-002
  0.66870681778480734      -0.11353875907537528     
  0.69347373696202252      -0.13916526030704046     
  0.71824065613923760      -0.16479237600233285     
  0.74300757531645267      -0.19034536948585359     
  0.76777449449366775      -0.21569841563332920     
  0.79254141367088282      -0.24065006721443935     
  0.81730833284809790      -0.26488768680525238     
  0.84207525202531297      -0.28793649156077261     
  0.86684217120252804      -0.30908822043346473     
  0.89160909037974312      -0.32730533128930162     
  0.91637600955695830      -0.34110173949392275     
  0.94114292873417338      -0.34841564222269683     
  0.96590984791138845      -0.34652198750144142     
  0.99067676708860353      -0.33208881834196380     
   1.0154436862658187      -0.30155218164487474     
   1.0402106054430338      -0.25200664474905488     
   1.0649775246202489      -0.18263351675791403     
   1.0897444437974639       -9.6355978598578029E-002
   1.1145113629746790        0.0000000000000000     
   0.0000000000000000       -0.0000000000000000     
   2.5027393850789413E-002   9.6643071949168435E-002
   5.0054787701578826E-002  0.18287614318227563     
   7.5082181552368232E-002  0.25172666087924939     
  0.10010957540315765       0.30040682205646807     
  0.12513696925394707       0.32999458380454605     
  0.15016436310473646       0.34361916692771272     
  0.17519175695552588       0.34496693024456521     
  0.20021915080631530       0.33739864433423128     
  0.22524654465710472       0.32361043806420575     
  0.25027393850789414       0.30561065737494858     
  0.27530133235868354       0.28482836713862464     
  0.30032872620947293       0.26225059245796722     
  0.32535612006026238       0.23854480596514480     
  0.35038351391105177       0.21415450735973515     
  0.37541090776184122       0.18936896346366047     
  0.40043830161263061       0.16437226356554388     
  0.42546569546342000       0.13927713412421408     
  0.45049308931420945       0.11414800579167676     
  0.47552048316499884        8.9016688780586564E-002
  0.50054787701578829        6.3893045235744461E-002
  0.52557527086657763        3.8772321951636345E-002
  0.55060266471736707        1.3640297885436192E-002
  0.57563005856815652       -1.1522938570385501E-002
  0.60065745241894586       -3.6739980285466864E-002
  0.62568484626973531       -6.2033373913720512E-002
  0.65071224012052475       -8.7422724810075569E-002
  0.67573963397131420      -0.11292114682635000     
  0.70076702782210354      -0.13853044842788476     
  0.72579442167289299      -0.16423422027532086     
  0.75082181552368243      -0.18998761862869848     
  0.77584920937447177      -0.21570206496731412     
  0.80087660322526122      -0.24122222847834324     
  0.82590399707605067      -0.26629144843899821     
  0.85093139092684000      -0.29050017720127241     
  0.87595878477762945      -0.31321032011543304     
  0.90098617862841890      -0.33344745826123856     
  0.92601357247920824      -0.34975549126867028     
  0.95104096632999768      -0.36002037090550293     
  0.97606836018078713      -0.36130306134741941     
   1.0010957540315766      -0.34979321256475082     
   1.0261231478823660      -0.32110774744652637     
   1.0511505417331553      -0.27125230467973011     
   1.0761779355839447      -0.19842257672203553     
   1.1012053294347341      -0.10535490359775748     
   1.1262327232855236        0.0000000000000000     
   0.0000000000000000       -0.0000000000000000     
   2.5262175672390006E-002  0.10369035642846119     
   5.0524351344780012E-002  0.19518520563098954     
   7.5786527017170022E-002  0.26662932640570147     
  0.10104870268956002       0.31542361859798934     
  0.12631087836195004       0.34346310449378370     
  0.15157305403434004       0.35474929563629998     
  0.17683522970673005       0.35360588037193469     
  0.20209740537912005       0.34375356925950984     
  0.22735958105151005       0.32804101527158358     
  0.25262175672390008       0.30850635572044388     
  0.27788393239629006       0.28654844306323884     
  0.30314610806868009       0.26310152002668735     
  0.32840828374107006       0.23877693977469386     
  0.35367045941346009       0.21396718067459522     
  0.37893263508585007       0.18891835483442165     
  0.40419481075824010       0.16377936775820384     
  0.42945698643063013       0.13863475895507457     
  0.45471916210302010       0.11352648511903508     
  0.47998133777541013        8.8468337530849678E-002
  0.50524351344780016        6.3455502903789901E-002
  0.53050568912019014        3.8470951191110055E-002
  0.55576786479258011        1.3489781918748511E-002
  0.58103004046497009       -1.1517695375065262E-002
  0.60629221613736017       -3.6583588952216126E-002
  0.63155439180975015       -6.1740321063050739E-002
  0.65681656748214012       -8.7018390930873574E-002
  0.68207874315453021      -0.11244356757489955     
  0.70734091882692018      -0.13803295790315248     
  0.73260309449931016      -0.16378917064313989     
  0.75786527017170013      -0.18969141855687308     
  0.78312744584409022      -0.21568179617625377     
  0.80838962151648019      -0.24164402951688735     
  0.83365179718887017      -0.26737057731779706     
  0.85891397286126026      -0.29251193589588376     
  0.88417614853365023      -0.31649938006291350     
  0.90943832420604021      -0.33842976446915324     
  0.93470049987843018      -0.35690068856307150     
  0.95996267555082027      -0.36979265758479690     
  0.98522485122321024      -0.37402625388744554     
   1.0104870268956003      -0.36540260280985015     
   1.0357492025679902      -0.33878759350903881     
   1.0610113782403803      -0.28908166853103134     
   1.0862735539127704      -0.21335859862074624     
   1.1115357295851602      -0.11398893120465642     
   1.1367979052575503        0.0000000000000000     
   0.0000000000000000       -0.0000000000000000     
   2.5473254163295347E-002  0.11025567745584006     
   5.0946508326590693E-002  0.20651767515956926     
   7.6419762489886037E-002  0.28011194583428201     
  0.10189301665318139       0.32873409110543383     
  0.12736627081647672       0.35515024594938760     
  0.15283952497977207       0.36421014460915246     
  0.17831277914306742       0.36080764043521241     
  0.20378603330636277       0.34895426550241337     
  0.22925928746965812       0.33160068092230127     
  0.25473254163295345       0.31078565477730274     
  0.28020579579624882       0.28786501975898054     
  0.30567904995954415       0.26371763076751276     
  0.33115230412283952       0.23890153731483735     
  0.35662555828613485       0.21376337274896998     
  0.38209881244943023       0.18851190558881220     
  0.40757206661272555       0.16326644134928012     
  0.43304532077602087       0.13808832923600536     
  0.45851857493931625       0.11300137086213789     
  0.48399182910261157        8.8005021675418585E-002
  0.50946508326590689        6.3082940262117429E-002
  0.53493833742920227        3.8208551523881244E-002
  0.56041159159249765        1.3348715306288573E-002
  0.58588484575579303       -1.1533769167030385E-002
  0.61135809991908829       -3.6478310072246008E-002
  0.63683135408238367       -6.1524924608094035E-002
  0.66230460824567905       -8.6712537917205720E-002
  0.68777786240897432      -0.11207678952671933     
  0.71325111657226969      -0.13764684553943193     
  0.73872437073556507      -0.16344049666338328     
  0.76419762489886045      -0.18945644767053807     
  0.78967087906215572      -0.21566208888636842     
  0.81514413322545110      -0.24197405269986089     
  0.84061738738874647      -0.26822730541224887     
  0.86609064155204174      -0.29412616474779613     
  0.89156389571533712      -0.31916727210375678     
  0.91703714987863250      -0.34252041269915862     
  0.94251040404192787      -0.36284989513765092     
  0.96798365820522314      -0.37806299135091115     
  0.99345691236851852      -0.38499856299474711     
   1.0189301665318138      -0.37915233156393174     
   1.0444034206951092      -0.35472029337164768     
   1.0698766748584045      -0.30551819351944220     
   1.0953499290216999      -0.22740414010541593     
   1.1208231831849953      -0.12221989344526647     
   1.1462964373482907        0.0000000000000000     
   0.0000000000000000       -0.0000000000000000     
   2.5662681363159568E-002  0.11633476780375736     
   5.1325362726319136E-002  0.21689455673075311     
   7.6988044089478708E-002  0.29225824858933513     
  0.10265072545263827       0.34050201442003769     
  0.12831340681579784       0.36528668680139514     
  0.15397608817895742       0.37226672500110142     
  0.17963876954211697       0.36683675511463076     
  0.20530145090527654       0.35323879258402729     
  0.23096413226843612       0.33448666387677706     
  0.25662681363159567       0.31260041817565798     
  0.28228949499475525       0.28888659187821297     
  0.30795217635791483       0.26416962667742416     
  0.33361485772107441       0.23895856842689830     
  0.35927753908423393       0.21355957644211293     
  0.38494022044739351       0.18814938091074659     
  0.41060290181055309       0.16282244105251656     
  0.43626558317371267       0.13762097612732466     
  0.46192826453687225       0.11255402329861394     
  0.48759094590003177        8.7609516099003151E-002
  0.51325362726319135        6.2761936958453127E-002
  0.53891630862635098        3.7977170900112669E-002
  0.56457898998951050        1.3215604469351289E-002
  0.59024167135267003       -1.1565845650878412E-002
  0.61590435271582966       -3.6412303352842450E-002
  0.64156703407898918       -6.1369746079642053E-002
  0.66722971544214882       -8.6483741770330816E-002
  0.69289239680530834      -0.11179776244082221     
  0.71855507816846786      -0.13735062166929807     
  0.74421775953162750      -0.16317237452082153     
  0.76988044089478702      -0.18927765391211013     
  0.79554312225794666      -0.21565480630107353     
  0.82120580362110618      -0.24224818284028518     
  0.84686848498426570      -0.26892930739767468     
  0.87253116634742534      -0.29545004805222091     
  0.89819384771058486      -0.32136697922975654     
  0.92385652907374449      -0.34592068903714357     
  0.94951921043690402      -0.36784794693156120     
  0.97518189180006354      -0.38510366549862085     
   1.0008445731632232      -0.39448970215912998     
   1.0265072545263827      -0.39126883140984153     
   1.0521699358895422      -0.36905171910117135     
   1.0778326172527020      -0.32061593626521695     
   1.1034952986158615      -0.24054945495098043     
   1.1291579799790210      -0.13002466002123278     
   1.1548206613421805        0.0000000000000000     
   0.0000000000000000       -0.0000000000000000     
   2.5832475104365794E-002  0.12193438300835222     
   5.1664950208731589E-002  0.22635390050769821     
   7.7497425313097390E-002  0.30316504942710543     
  0.10332990041746318       0.35088949089253213     
  0.12916237552182896       0.37408135397782749     
  0.15499485062619478       0.37914453071421195     
  0.18082732573056057       0.37190769117268768     
  0.20665980083492635       0.35679264437261288     
  0.23249227593929214       0.33684748397264219     
  0.25832475104365793       0.31406146955950787     
  0.28415722614802374       0.28968984245585061     
  0.30998970125238956       0.26450558781092565     
  0.33582217635675532       0.23897357529265298     
  0.36165465146112113       0.21336458774009290     
  0.38748712656548689       0.18782797276583363     
  0.41331960166985271       0.16243731784164395     
  0.43915207677421852       0.13721899269894258     
  0.46498455187858428       0.11216993828825840     
  0.49081702698295010        8.7268734258319644E-002
  0.51664950208731586        6.2482467636246958E-002
  0.54248197719168167        3.7770980204846649E-002
  0.56831445229604749        1.3089489117228886E-002
  0.59414692740041330       -1.1609778617136201E-002
  0.61997940250477912       -3.6376505005333459E-002
  0.64581187760914482       -6.1261431010365082E-002
  0.67164435271351064       -8.6315453663302164E-002
  0.69747682781787645      -0.11158836049402202     
  0.72330930292224227      -0.13712679284879248     
  0.74914177802660809      -0.16297083147708702     
  0.77497425313097379      -0.18914824653437223     
  0.80080672823533960      -0.21566485508788100     
  0.82663920333970542      -0.24248842176346891     
  0.85247167844407123      -0.26952185986643523     
  0.87830415354843705      -0.29655873686548251     
  0.90413662865280275      -0.32320971046096836     
  0.92996910375716857      -0.34878202135318137     
  0.95580157886153438      -0.37208596278071310     
  0.98163405396590020      -0.39113659649503441     
   1.0074665290702660      -0.40273161337614732     
   1.0332990041746317      -0.40196146833175112     
   1.0591314792789976      -0.38193317425972800     
   1.0849639543833633      -0.33444916293076338     
   1.1107964294877291      -0.25280641237177004     
   1.1366289045920950      -0.13739281182495316     
   1.1624613796964607        0.0000000000000000     
   0.0000000000000000       -0.0000000000000000     
   2.5984562705873657E-002  0.12706964403964732     
   5.1969125411747315E-002  0.23494531109743477     
   7.7953688117620976E-002  0.31293496843102475     
  0.10393825082349463       0.36005075849460771     
  0.12992281352936830       0.38171945918425426     
  0.15590737623524195       0.38503324995968874     
  0.18189193894111561       0.37619353527986910     
  0.20787650164698926       0.35976047758461466     
  0.23386106435286291       0.33879556157562052     
  0.25984562705873659       0.31525039113354253     
  0.28583018976461022       0.29032959397371794     
  0.31181475247048390       0.26475862851660675     
  0.33779931517635753       0.23896301434519884     
  0.36378387788223121       0.21318277922787179     
  0.38976844058810484       0.18754388810131592     
  0.41575300329397852       0.16210235140153584     
  0.44173756599985220       0.13687133801580748     
  0.46772212870572583       0.11183780314276445     
  0.49370669141159951        8.6972658812961956E-002
  0.51969125411747319        6.2236962541389398E-002
  0.54567581682334676        3.7585647747081403E-002
  0.57166037952922044        1.2969742162703485E-002
  0.59764494223509412       -1.1662325639679573E-002
  0.62362950494096780       -3.6363932953249890E-002
  0.64961406764684149       -6.1189691009215202E-002
  0.67559863035271506       -8.6194840421153801E-002
  0.70158319305858874      -0.11143433692379670     
  0.72756775576446242      -0.13696125839845483     
  0.75355231847033610      -0.16282397676318658     
  0.77953688117620967      -0.18906120180075450     
  0.80552144388208335      -0.21569342161893887     
  0.83150600658795704      -0.24270826793113282     
  0.85749056929383072      -0.27003563934088437     
  0.88347513199970440      -0.29750556088558822     
  0.90945969470557797      -0.32477705594179440     
  0.93544425741145165      -0.35121894543116944     
  0.96142882011732533      -0.37571323227558107     
  0.98741338282319902      -0.39634170481962760     
   1.0133979455290727      -0.40992116280313473     
   1.0393825082349464      -0.41141897236120434     
   1.0653670709408201      -0.39351363347487583     
   1.0913516336466935      -0.34710432523670393     
   1.1173361963525672      -0.26420320980480894     
   1.1433207590584409      -0.14432442725343189     
   1.1693053217643146        0.0000000000000000     
   0.0000000000000000       -0.0000000000000000     
   2.6120750258631177E-002  0.13176173515124007     
   5.2241500517262354E-002  0.24272554976789509     
   7.8362250775893538E-002  0.32167128418396324     
  0.10448300103452471       0.36812877034092539     
  0.13060375129315588       0.38836288042572270     
  0.15672450155178708       0.39009139408718041     
  0.18284525181041825       0.37983382044914998     
  0.20896600206904942       0.36225546917709595     
  0.23508675232768059       0.34041657658677932     
  0.26120750258631176       0.31622783206339161     
  0.28732825284494296       0.29084551888691756     
  0.31344900310357415       0.26495185628670520     
  0.33956975336220530       0.23893756552667081     
  0.36569050362083649       0.21301600277252636     
  0.39181125387946764       0.18729314767200611     
  0.41793200413809883       0.16181015610086222     
  0.44405275439673003       0.13656913977702884     
  0.47017350465536117       0.11154874832439930     
  0.49629425491399237        8.6713550645219392E-002
  0.52241500517262351        6.2019635635888151E-002
  0.54853575543125477        3.7417901737610858E-002
  0.57465650568988591        1.2855936059603029E-002
  0.60077725594851705       -1.1720953509082872E-002
  0.62689800620714831       -3.6369184688804915E-002
  0.65301875646577945       -6.1146560326481005E-002
  0.67913950672441059       -8.6111912934362267E-002
  0.70526025698304173      -0.11132448571813848     
  0.73138100724167299      -0.13684271590419742     
  0.75750175750030413      -0.16272190922263666     
  0.78362250775893527      -0.18900997296011651     
  0.80974325801756653      -0.21573981150325891     
  0.83586400827619767      -0.24291600985852968     
  0.86198475853482881      -0.27049173702888818     
  0.88810550879346006      -0.29832888658396567     
  0.91422625905209121      -0.32612953466081712     
  0.94034700931072235      -0.35331874955054698     
  0.96646775956935360      -0.37884678330238009     
  0.99258850982798474      -0.40086466757343070     
   1.0187092600866159      -0.41622418355948448     
   1.0448300103452470      -0.41980867295388363     
   1.0709507606038782      -0.40393498248038079     
   1.0970715108625095      -0.35867404730128266     
   1.1231922611211407      -0.27477988885819649     
   1.1493130113797718      -0.15082802914400925     
   1.1754337616384030        0.0000000000000000     
   0.0000000000000000       -0.0000000000000000     
   2.6242708135275992E-002  0.13603596236539606     
   5.2485416270551984E-002  0.24975510844383869     
   7.8728124405827979E-002  0.32947444894637934     
  0.10497083254110397       0.37525363949658735     
  0.13121354067637997       0.39415178902858938     
  0.15745624881165596       0.39445097620067254     
  0.18369895694693195       0.38294116095929476     
  0.20994166508220793       0.36436659413728062     
  0.23618437321748392       0.34177634360055420     
  0.26242708135275994       0.31703935043325304     
  0.28866978948803590       0.29126668374990672     
  0.31491249762331192       0.26510160776017599     
  0.34115520575858788       0.23890419875366159     
  0.36739791389386389       0.21286469597512123     
  0.39364062202913985       0.18707196291429198     
  0.41988333016441587       0.16155455046588904     
  0.44612603829969188       0.13630525516737366     
  0.47236874643496785       0.11129576831077902     
  0.49861145457024386        8.6485366168691000E-002
  0.52485416270551988        6.1826002870610020E-002
  0.55109687084079584        3.7265223293283835E-002
  0.57733957897607180        1.2747754796177409E-002
  0.60358228711134776       -1.1783691662192040E-002
  0.62982499524662383       -3.6388069001758040E-002
  0.65606770338189979       -6.1125847729001780E-002
  0.68231041151717575       -8.6058870184630695E-002
  0.70855311965245182      -0.11124998163049092     
  0.73479582778772778      -0.13676213463608297     
  0.76103853592300374      -0.16265649614658703     
  0.78728124405827971      -0.18898877989894086     
  0.81352395219355578      -0.21580248298823740     
  0.83976666032883174      -0.24311674899626784     
  0.86600936846410770      -0.27090489977338650     
  0.89225207659938377      -0.29905673385160958     
  0.91849478473465973      -0.32731258634813870     
  0.94473749286993569      -0.35514855967682690     
  0.97098020100521165      -0.38157885919003437     
  0.99722290914048772      -0.40482359584204514     
   1.0234656172757637      -0.42177984096160026     
   1.0497083254110398      -0.42727733527772571     
   1.0759510335463156      -0.41332937152794508     
   1.1021937416815917      -0.36925276113870326     
   1.1284364498168677      -0.28458462576028720     
   1.1546791579521436      -0.15691873108633528     
   1.1809218660874197        0.0000000000000000     
   0.0000000000000000       -0.0000000000000000     
   2.6351966730198888E-002  0.13992016021000817     
   5.2703933460397777E-002  0.25609561883146353     
   7.9055900190596662E-002  0.33643986097787049     
  0.10540786692079555       0.38154228764721287     
  0.13175983365099445       0.39920683847066052     
  0.15811180038119332       0.39822182057411892     
  0.18446376711139223       0.38560669133932707     
  0.21081573384159111       0.36616420751051881     
  0.23716770057178999       0.34292584345931182     
  0.26351966730198889       0.31771953170803630     
  0.28987163403218780       0.29161464744418497     
  0.31622360076238665       0.26521958018920994     
  0.34257556749258555       0.23886747591979296     
  0.36892753422278446       0.21272852468366871     
  0.39527950095298331       0.18687689120369902     
  0.42163146768318222       0.16133038369409236     
  0.44798343441338112       0.13607390607202896     
  0.47433540114357997       0.11107327956229446     
  0.50068736787377888        8.6283328837352152E-002
  0.52703933460397778        6.1652535970803800E-002
  0.55339130133417669        3.7125630630818786E-002
  0.57974326806437559        1.2644937256911942E-002
  0.60609523479457439       -1.1849019481737860E-002
  0.63244720152477329       -3.6417332139452731E-002
  0.65879916825497220       -6.1122728486176225E-002
  0.68515113498517111       -8.6029603783299019E-002
  0.71150310171537001      -0.11120386527244078     
  0.73785506844556892      -0.13671231230044550     
  0.76420703517576771      -0.16262111761643011     
  0.79055900190596662      -0.18899268264133004     
  0.81691096863616552      -0.21587961519202686     
  0.84326293536636443      -0.24331364562388022     
  0.86961490209656334      -0.27128563785993370     
  0.89596686882676224      -0.29970989926222202     
  0.92231883555696115      -0.32836077638099564     
  0.94867080228715994      -0.35676051635878414     
  0.97502276901735885      -0.38398266667314240     
   1.0013747357475578      -0.40831456221670170     
   1.0277267024777565      -0.42670479391893051     
   1.0540786692079556      -0.43395281997386681     
   1.0804306359381544      -0.42181800486533810     
   1.1067826026683534      -0.37893365279381913     
   1.1331345693985522      -0.29367073789782566     
   1.1594865361287512      -0.16261660765584510     
   1.1858385028589500        0.0000000000000000     
   0.0000000000000000       -0.0000000000000000     
   2.6449918554133731E-002  0.14344342030037235     
   5.2899837108267463E-002  0.26180795778152460     
   7.9349755662401197E-002  0.34265656150829249     
  0.10579967421653493       0.38709883166300368     
  0.13224959277066867       0.40363151015548182     
  0.15869951132480239       0.40149533727276310     
  0.18514942987893612       0.38790443840011285     
  0.21159934843306985       0.36770429654567716     
  0.23804926698720358       0.34390490731075163     
  0.26449918554133733       0.31829490762831131     
  0.29094910409547103       0.29190559197612365     
  0.31739902264960479       0.26531425029473132     
  0.34384894120373849       0.23883037928700021     
  0.37029885975787225       0.21260675454719130     
  0.39674877831200595       0.18670487834864705     
  0.42319869686613970       0.16113336245962712     
  0.44964861542027346       0.13587038608856278     
  0.47609853397440716       0.11087678584091736     
  0.50254845252854086        8.6103614105065521E-002
  0.52899837108267467        6.1496413012783233E-002
  0.55544828963680837        3.6997527232460935E-002
  0.58189820819094207        1.2547242014720192E-002
  0.60834812674507577       -1.1915778117565104E-002
  0.63479804529920958       -3.6454451568355729E-002
  0.66124796385334328       -6.1133437783483818E-002
  0.68769788240747698       -8.6019321918955810E-002
  0.71414780096161079      -0.11118064289080348     
  0.74059771951574449      -0.13668751197823611     
  0.76704763806987819      -0.16261041972878673     
  0.79349755662401189      -0.18901754928719389     
  0.81994747517814570      -0.21596940879684087     
  0.84639739373227940      -0.24350868747665905     
  0.87284731228641310      -0.27164160572115620     
  0.89929723084054691      -0.30030408332091479     
  0.92574714939468061      -0.32930075835224748     
  0.95219706794881431      -0.35819555414188631     
  0.97864698650294801      -0.38611675654393462     
   1.0050969050570817      -0.41141607143484826     
   1.0315468236112155      -0.43109691749243606     
   1.0579967421653493      -0.43994608593600021     
   1.0844466607194829      -0.42951086895301932     
   1.1108965792736167      -0.38780662251987552     
   1.1373464978277505      -0.30209432915205880     
   1.1637964163818841      -0.16794529819544762     
   1.1902463349360179        0.0000000000000000     
   0.0000000000000000       -0.0000000000000000     
   2.6537824158116789E-002  0.14663510657140019     
   5.3075648316233577E-002  0.26695091742899213     
   7.9613472474350369E-002  0.34820659291436895     
  0.10615129663246715       0.39201538996990948     
  0.13268912079058395       0.40751439080252561     
  0.15922694494870074       0.40434773141828850     
  0.18576476910681752       0.38989479632041663     
  0.21230259326493431       0.36903171237734828     
  0.23884041742305109       0.34474492287353642     
  0.26537824158116791       0.31878603979316655     
  0.29191606573928469       0.29215180249807404     
  0.31845388989740148       0.26539182971901304     
  0.34499171405551826       0.23879484409439139     
  0.37152953821363505       0.21249846417918930     
  0.39806736237175183       0.18655324691772782     
  0.42460518652986862       0.16095989594620097     
  0.45114301068798540       0.13569082979407920     
  0.47768083484610219       0.11070262589311938     
  0.50421865900421903        8.5943117569029545E-002
  0.53075648316233581        6.1355338268818033E-002
  0.55729430732045260        3.6879594991714781E-002
  0.58383213147856938        1.2454426600551885E-002
  0.61036995563668617       -1.1983100523151817E-002
  0.63690777979480295       -3.6497478846524330E-002
  0.66344560395291974       -6.1155038275107092E-002
  0.68998342811103652       -8.6024262356024034E-002
  0.71652125226915331      -0.11117597548051589     
  0.74305907642727009      -0.13668316924342916     
  0.76959690058538688      -0.16262009443290915     
  0.79613472474350366      -0.18905997767357863     
  0.82267254890162045      -0.21607023415049942     
  0.84921037305973723      -0.24370316401726938     
  0.87574819721785402      -0.27197851342234153     
  0.90228602137597080      -0.30085135102846977     
  0.92882384553408759      -0.33015337379609350     
  0.95536166969220437      -0.35948616697009572     
  0.98189949385032116      -0.38802835048095624     
   1.0084373180084381      -0.41419262754975056     
   1.0349751421665547      -0.43503851296964668     
   1.0615129663246716      -0.44535325380653212     
   1.0880507904827883      -0.43650704601779167     
   1.1145886146409052      -0.39595701042751769     
   1.1411264387990219      -0.30991248803955768     
   1.1676642629571388      -0.17293084103143203     
   1.1942020871152554        0.0000000000000000     
   0.0000000000000000       -0.0000000000000000     
   2.6616820235306305E-002  0.14952411762052706     
   5.3233640470612610E-002  0.27158032200665561     
   7.9850460705918919E-002  0.35316481548544348     
  0.10646728094122522       0.39637309829783457     
  0.13308410117653152       0.41093126776975536     
  0.15970092141183784       0.40684268241622190     
  0.18631774164714413       0.39162727252633633     
  0.21293456188245044       0.37018262805588337     
  0.23955138211775676       0.34547083272650231     
  0.26616820235306304       0.31920901943685642     
  0.29278502258836936       0.29236270641530920     
  0.31940184282367567       0.26545691633750618     
  0.34601866305898199       0.23876210483265115     
  0.37263548329428825       0.21240266580446476     
  0.39925230352959457       0.18641966141611749     
  0.42586912376490088       0.16080696460403379     
  0.45248594400020720       0.13553203315488907     
  0.47910276423551351       0.11054778354775460     
  0.50571958447081977        8.5799283987212441E-002
  0.53233640470612609        6.1227411700107717E-002
  0.55895322494143240        3.6770719010188010E-002
  0.58557004517673872        1.2366236382668143E-002
  0.61218686541204503       -1.2050355360669097E-002
  0.63880368564735135       -3.6544918691295399E-002
  0.66542050588265766       -6.1185242376317062E-002
  0.69203732611796398       -8.6041472146617934E-002
  0.71865414635327018      -0.11118643700358495     
  0.74527096658857650      -0.13669565792733496     
  0.77188778682388282      -0.16264669113898828     
  0.79850460705918913      -0.18911720186043315     
  0.82512142729449545      -0.21618069372133983     
  0.85173824752980176      -0.24389795857813956     
  0.87835506776510808      -0.27230073344671668     
  0.90497188800041439      -0.30136114381709150     
  0.93158870823572071      -0.33093515147774438     
  0.95820552847102702      -0.36065844067136787     
  0.98482234870633334      -0.38975586739993551     
   1.0114391689416395      -0.41669755932988417     
   1.0380559891769459      -0.43859901509814736     
   1.0646728094122522      -0.45025757538497263     
   1.0912896296475585      -0.44289536919537659     
   1.1179064498828648      -0.40346488653597717     
   1.1445232701181711      -0.31718195192964460     
   1.1711400903534774      -0.17760072532711443     
   1.1977569105887838        0.0000000000000000     
   0.0000000000000000       -0.0000000000000000     
   2.6687928821408521E-002  0.15213835604607245     
   5.3375857642817041E-002  0.27574848947026953     
   8.0063786464225559E-002  0.35759903085595579     
  0.10675171528563408       0.40024320024993543     
  0.13343964410704259       0.41394699534420276     
  0.16012757292845112       0.40903355585105600     
  0.18681550174985964       0.39314265236245355     
  0.21350343057126817       0.37118641345398856     
  0.24019135939267669       0.34610261934182790     
  0.26687928821408519       0.31957655687290670     
  0.29356721703549371       0.29254561117882361     
  0.32025514585690223       0.26551294393168268     
  0.34694307467831076       0.23873292304137153     
  0.37363100349971928       0.21231837200525380     
  0.40031893232112781       0.18630208622224856     
  0.42700686114253633       0.16067201239028461     
  0.45369478996394486       0.13539131462902293     
  0.48038271878535338       0.11040974473054524     
  0.50707064760676190        8.5669980800827605E-002
  0.53375857642817037        6.1111034082674161E-002
  0.56044650524957895        3.6669934653256464E-002
  0.58713443407098742        1.2282399651181527E-002
  0.61382236289239600       -1.2117101700862051E-002
  0.64051029171380447       -3.6595635102937799E-002
  0.66719822053521305       -6.1222275385353769E-002
  0.69388614935662152       -8.6068637609394816E-002
  0.72057407817803010      -0.11120932594519453     
  0.74726200699943857      -0.13672210365940987     
  0.77394993582084715      -0.16268745940119622     
  0.80063786464225561      -0.18918699912286260     
  0.82732579346366419      -0.21629963785941142     
  0.85401372228507266      -0.24409372763115628     
  0.88070165110648113      -0.27261170831625425     
  0.90738957992788971      -0.30184098766934681     
  0.93407750874929818      -0.33165938712702886     
  0.96076543757070676      -0.36173355586352463     
  0.98745336639211523      -0.39133084659945278     
   1.0141412952135238      -0.41897525100165595     
   1.0408292240349324      -0.44183724456688050     
   1.0675171528563407      -0.45473123321495384     
   1.0942050816777493      -0.44875525593175047     
   1.1208930104991579      -0.41040474727575310     
   1.1475809393205665      -0.32395815548746121     
   1.1742688681419748      -0.18198314140155908     
   1.2009567969633834        0.0000000000000000     
   0.0000000000000000       -0.0000000000000000     
   2.6752066893293881E-002  0.15450436667707323     
   5.3504133786587763E-002  0.27950395281708446     
   8.0256200679881651E-002  0.36157030075780228     
  0.10700826757317553       0.40368813027240597     
  0.13376033446646940       0.41661712310270671     
  0.16051240135976330       0.41096521767453881     
  0.18726446825305718       0.39447470574461402     
  0.21401653514635105       0.37206707149750595     
  0.24076860203964492       0.34665641670876479     
  0.26752066893293880       0.31989878051051185     
  0.29427273582623270       0.29270623420810932     
  0.32102480271952660       0.26556249669346182     
  0.34777686961282045       0.23870773900139552     
  0.37452893650611435       0.21224463121983225     
  0.40128100339940820       0.18619874402587977     
  0.42803307029270210       0.16055285986235648     
  0.45478513718599600       0.13526640803628667     
  0.48153720407928985       0.11028638957532563     
  0.50828927097258370        8.5553404191250057E-002
  0.53504133786587760        6.1004837718546936E-002
  0.56179340475917150        3.6576390220921122E-002
  0.58854547165246540        1.2202626549140110E-002
  0.61529753854575930       -1.2183052294150837E-002
  0.64204960543905321       -3.6648777982182447E-002
  0.66880167233234700       -6.1264769367200489E-002
  0.69555373922564090       -8.6103952432951464E-002
  0.72230580611893480      -0.11124251806339940     
  0.74905787301222870      -0.13676023579972629     
  0.77580993990552261      -0.16274021953102707     
  0.80256200679881640      -0.18926760473797222     
  0.82931407369211030      -0.21642615641754404     
  0.85606614058540420      -0.24429101010562060     
  0.88281820747869810      -0.27291422717207831     
  0.90957027437199200      -0.30229699404409105     
  0.93632234126528580      -0.33233692844976298     
  0.96307440815857970      -0.36272890741335195     
  0.98982647505187360      -0.39277941795614024     
   1.0165785419451674      -0.42106290312847156     
   1.0433306088384613      -0.44480326746769899     
   1.0700826757317552      -0.45883694184614343     
   1.0968347426250491      -0.45415761373799773     
   1.1235868095183430      -0.41684549731058312     
   1.1503388764116369      -0.33029458961778230     
   1.1770909433049308      -0.18610640698587116     
   1.2038430101982247        0.0000000000000000     
   0.0000000000000000       -0.0000000000000000     
   2.6810055918277273E-002  0.15664710929531900     
   5.3620111836554546E-002  0.28289137198316389     
   8.0430167754831819E-002  0.36513338131222584     
  0.10724022367310909       0.40676254144312063     
  0.13405027959138638       0.41898929781909161     
  0.16086033550966364       0.41267551718053652     
  0.18767039142794090       0.39565153516506857     
  0.21448044734621818       0.37284434411284040     
  0.24129050326449547       0.34714534892450349     
  0.26810055918277276       0.32018382859920641     
  0.29491061510104999       0.29284908792434339     
  0.32172067101932728       0.26560753207704585     
  0.34853072693760456       0.23868677401966798     
  0.37534078285588179       0.21218054529124067     
  0.40215083877415908       0.18610807811135893     
  0.42896089469243637       0.16044763477405230     
  0.45577095061071365       0.13515537991478746     
  0.48258100652899094       0.11017591070094282     
  0.50939106244726817        8.5448008916154949E-002
  0.53620111836554551        6.0907635533121583E-002
  0.56301117428382275        3.6489320535504376E-002
  0.58982123020209998        1.2126610224545965E-002
  0.61663128612037732       -1.2248043755169462E-002
  0.64344134203865455       -3.6703725467955570E-002
  0.67025139795693178       -6.1311680445075060E-002
  0.69706145387520912       -8.6146014895779013E-002
  0.72387150979348636      -0.11128435102552994     
  0.75068156571176359      -0.13680826999220491     
  0.77749162163004093      -0.16280325723760122     
  0.80430167754831816      -0.18935763740360972     
  0.83111173346659550      -0.21655955914249761     
  0.85792178938487273      -0.24449029349244983     
  0.88473184530314997      -0.27321061559558729     
  0.91154190122142731      -0.30273421842900100     
  0.93835195713970454      -0.33297675182350828     
  0.96516201305798188      -0.36365894524122355     
  0.99197206897625911      -0.39412343222533153     
   1.0187821248945363      -0.42299192535521019     
   1.0455921808128137      -0.44753992434487494     
   1.0724022367310910      -0.46262934913744236     
   1.0992122926493682      -0.45916575221144607     
   1.1260223485676455      -0.42285062584750310     
   1.1528324044859228      -0.33624240696200847     
   1.1796424604042000      -0.18999854579167166     
   1.2064525163224773        0.0000000000000000     
   0.0000000000000000       -0.0000000000000000     
   2.6862631076307927E-002  0.15858983580198122     
   5.3725262152615853E-002  0.28595158136439586     
   8.0587893228923776E-002  0.36833721696209187     
  0.10745052430523171       0.40951425333922931     
  0.13431315538153962       0.42110446000534374     
  0.16117578645784755       0.41419649782791657     
  0.18803841753415548       0.39669664365336066     
  0.21490104861046341       0.37353456885191033     
  0.24176367968677134       0.34758016787321883     
  0.26862631076307925       0.32043829180409339     
  0.29548894183938718       0.29297776271623410     
  0.32235157291569511       0.26564954073276509     
  0.34921420399200304       0.23867010023557955     
  0.37607683506831097       0.21212527681074975     
  0.40293946614461890       0.18602871961435188     
  0.42980209722092683       0.16035471689618094     
  0.45666472829723476       0.13505656558988310     
  0.48352735937354269       0.11007675096917943     
  0.51038999044985056        8.5352455532027166E-002
  0.53725262152615849        6.0818383376674057E-002
  0.56411525260246642        3.6408028117193361E-002
  0.59097788367877435        1.2054029104142085E-002
  0.61784051475508228       -1.2312012397284480E-002
  0.64470314583139021       -3.6760038475468784E-002
  0.67156577690769814       -6.1362224069512909E-002
  0.69842840798400607       -8.6193747481562680E-002
  0.72529103906031400      -0.11133353382796138     
  0.75215367013662193      -0.13686481506187934     
  0.77901630121292986      -0.16287523842833482     
  0.80587893228923779      -0.18945603579674908     
  0.83274156336554572      -0.21669935210851324     
  0.85960419444185365      -0.24469205343371933     
  0.88646682551816158      -0.27350286763177351     
  0.91332945659446951      -0.30315692034235803     
  0.94019208767077744      -0.33358639070580398     
  0.96705471874708537      -0.36453581166534826     
  0.99391734982339330      -0.39538133597925379     
   1.0207799808997011      -0.42478904205899198     
   1.0476426119760092      -0.45008408632493230     
   1.0745052430523170      -0.46615625016728923     
   1.1013678741286250      -0.46383626237723202     
   1.1282305052049328      -0.42847851066557113     
   1.1550931362812409      -0.34185022009651694     
   1.1819557673575487      -0.19368699541692003     
   1.2088183984338567        0.0000000000000000     
   0.0000000000000000       -0.0000000000000000     
   2.6910449991589130E-002  0.16035404650111884     
   5.3820899983178259E-002  0.28872173034021631     
   8.0731349974767386E-002  0.37122545592949030     
  0.10764179996635652       0.41198510964901180     
  0.13455224995794565       0.42299785970121606     
  0.16146269994953477       0.41555538627856825     
  0.18837314994112392       0.39762978410434907     
  0.21528359993271304       0.37415134653620380     
  0.24219404992430216       0.34796974209494663     
  0.26910449991589130       0.32066754741340953     
  0.29601494990748045       0.29309513719620944     
  0.32292539989906954       0.26568966271990552     
  0.34983584989065869       0.23865768882829624     
  0.37674629988224784       0.21207805077727346     
  0.40365674987383693       0.18595945973722605     
  0.43056719986542608       0.16027269414330686     
  0.45747764985701522       0.13496851947990104     
  0.48438809984860431       0.10998755572641439     
  0.51129854984019352        8.5265570338119351E-002
  0.53820899983178261        6.0736151806076409E-002
  0.56511944982337170        3.6331869593610969E-002
  0.59202989981496090        1.1984549559461412E-002
  0.61894034980654999       -1.2374974732989357E-002
  0.64585079979813909       -3.6817424801585882E-002
  0.67276124978972829       -6.1415824225026491E-002
  0.69967169978131738       -8.6246333848933737E-002
  0.72658214977290647      -0.11138907555256268     
  0.75349259976449567      -0.13692879925371165     
  0.78040304975608477      -0.16295514069126726     
  0.80731349974767386      -0.18956200568272594     
  0.83422394973926306      -0.21684521413448501     
  0.86113439973085215      -0.24489677725127895     
  0.88804484972244124      -0.27379273912702751     
  0.91495529971403045      -0.30356875456767957     
  0.94186574970561954      -0.33417225779040416     
  0.96877619969720863      -0.36536982940408769     
  0.99568664968879783      -0.39656885418235077     
   1.0225970996803870      -0.42647717460562384     
   1.0495075496719761      -0.45246768835126489     
   1.0764179996635652      -0.46945963288251102     
   1.1033284496551543      -0.46821984241935960     
   1.1302388996467434      -0.43378280189758467     
   1.1571493496383325      -0.34716404826228031     
   1.1840597996299218      -0.19719842341755256     
   1.2109702496215109        0.0000000000000000     
   0.0000000000000000       -0.0000000000000000     
   2.6954100886998015E-002  0.16195950467752135     
   5.3908201773996030E-002  0.29123548426296109     
   8.0862302660994048E-002  0.37383696197964700     
  0.10781640354799206       0.41421174407126077     
  0.13477050443499008       0.42469991616012698     
  0.16172460532198810       0.41677540156639314     
  0.18867870620898611       0.39846763776730859     
  0.21563280709598412       0.37470606502389253     
  0.24258690798298213       0.34832143458592513     
  0.26954100886998017       0.32087601409908856     
  0.29649510975697818       0.29320353612257771     
  0.32344921064397619       0.26572877291839625     
  0.35040331153097420       0.23864944363750853     
  0.37735741241797222       0.21203815316949381     
  0.40431151330497023       0.18589922644572773     
  0.43126561419196824       0.16020032758346806     
  0.45821971507896625       0.13488997618105189     
  0.48517381596596426       0.10990713581680100     
  0.51212791685296233        8.5186314630558008E-002
  0.53908201773996034        6.0660104663737856E-002
  0.56603611862695835        3.6260245678456288E-002
  0.59299021951395636        1.1917828492006446E-002
  0.61994432040095437       -1.2437011857998347E-002
  0.64689842128795239       -3.6875710811131272E-002
  0.67385252217495040       -6.1472073534400082E-002
  0.70080662306194841       -8.6303169342540703E-002
  0.72776072394894642      -0.11145022930308666     
  0.75471482483594443      -0.13699941185749079     
  0.78166892572294244      -0.16304219846706813     
  0.80862302660994045      -0.18967497649843437     
  0.83557712749693847      -0.21699697523844183     
  0.86253122838393648      -0.24510497797137895     
  0.88948532927093449      -0.27408181504687340     
  0.91643943015793250      -0.30397291409452309     
  0.94339353104493051      -0.33473989046398850     
  0.97034763193192852      -0.36616987932715422     
  0.99730173281892653      -0.39769952741102205     
   1.0242558337059247      -0.42807614984149395     
   1.0512099345929227      -0.45471858178527258     
   1.0781640354799207      -0.47257657684757881     
   1.1051181363669187      -0.47236206060397673     
   1.1320722372539167      -0.43881285193185743     
   1.1590263381409147      -0.35222737728430970     
   1.1859804390279127      -0.20055863279391961     
   1.2129345399149107        0.0000000000000000     
   0.0000000000000000       -0.0000000000000000     
   2.6994110126102880E-002  0.16342429265884040     
   5.3988220252205760E-002  0.29352326166104942     
   8.0982330378308640E-002  0.37620630661662829     
  0.10797644050441152       0.41622625824330611     
  0.13497055063051439       0.42623694441343057     
  0.16196466075661728       0.41787641869678155     
  0.18895877088272017       0.39922435889603830     
  0.21595288100882304       0.37520831279994116     
  0.24294699113492590       0.34864139711593950     
  0.26994110126102877       0.32106734790221358     
  0.29693521138713169       0.29330485017904573     
  0.32392932151323456       0.26576754450754964     
  0.35092343163933742       0.23864522480889330     
  0.37791754176544035       0.21200492790899247     
  0.40491165189154321       0.18584706498746009     
  0.43190576201764608       0.16013652334981754     
  0.45889987214374894       0.13481981971542414     
  0.48589398226985181       0.10983443860697707     
  0.51288809239595468        8.5113760771525479E-002
  0.53988220252205754        6.0589482521756076E-002
  0.56687631264816052        3.6192593546473556E-002
  0.59387042277426338        1.1853515543939914E-002
  0.62086453290036625       -1.2498257091759550E-002
  0.64785864302646912       -3.6934819183630098E-002
  0.67485275315257198       -6.1530701961320516E-002
  0.70184686327867485       -8.6363822158293566E-002
  0.72884097340477771      -0.11151644811697868     
  0.75583508353088069      -0.13707605711964838     
  0.78282919365698356      -0.16313585941576700     
  0.80982330378308642      -0.18979456621268900     
  0.83681741390918929      -0.21715459804840770     
  0.86381152403529216      -0.24531720296936019     
  0.89080563416139502      -0.27437155928056295     
  0.91779974428749789      -0.30437223890894799     
  0.94479385441360075      -0.33529414056061052     
  0.97178796453970362      -0.36694369641216007     
  0.99878207466580660      -0.39878513884520178     
   1.0257761847919094      -0.42960327339658622     
   1.0527702949180122      -0.45686124139022805     
   1.0797644050441151      -0.47554002617059504     
   1.1067585151702182      -0.47630405360616818     
   1.1337526252963210      -0.44361416863772718     
   1.1607467354224239      -0.35708130511983743     
   1.1877408455485268      -0.20379254097615271     
   1.2147349556746296        0.0000000000000000     
   0.0000000000000000       -0.0000000000000000     
   2.7030949141648122E-002  0.16476489619528184     
   5.4061898283296245E-002  0.29561248996740247     
   8.1092847424944367E-002  0.37836423229936333     
  0.10812379656659249       0.41805681814866219     
  0.13515474570824060       0.42763176927862573     
  0.16218569484988873       0.41887551458447259     
  0.18921664399153687       0.39991201420743572     
  0.21624759313318498       0.37566620776277920     
  0.24327854227483309       0.34893480130045451     
  0.27030949141648120       0.32124459431013408     
  0.29734044055812936       0.29340062772829806     
  0.32437138969977747       0.26580649657940025     
  0.35140233884142558       0.23864486550225444     
  0.37843328798307374       0.21197777304990942     
  0.40546423712472185       0.18580212156784237     
  0.43249518626636996       0.16008030989088529     
  0.45952613540801807       0.13475705894312029     
  0.48655708454966617       0.10976852497317270     
  0.51358803369131434        8.5047073250340027E-002
  0.54061898283296239        6.0523589591115479E-002
  0.56764993197461056        3.6128380777389078E-002
  0.59468088111625872        1.1791254759110113E-002
  0.62171183025790677       -1.2558886365892596E-002
  0.64874277939955494       -3.6994751554421966E-002
  0.67577372854120310       -6.1591552355330037E-002
  0.70280467768285115       -8.6428002954242966E-002
  0.72983562682449932      -0.11158735039945462     
  0.75686657596614748      -0.13715831799808093     
  0.78389752510779553      -0.16323574994478984     
  0.81092847424944370      -0.18992055330980620     
  0.83795942339109175      -0.21731816252695654     
  0.86499037253273992      -0.24553403980983676     
  0.89202132167438808      -0.27466335266595110     
  0.91905227081603613      -0.30476930053382412     
  0.94608321995768430      -0.33583932343624762     
  0.97311416909933235      -0.36769810468431252     
   1.0001451182409806      -0.39983605741950862     
   1.0271760673826287      -0.43107379778862204     
   1.0542070165242767      -0.45891735542297868     
   1.0812379656659248      -0.47837945631160633     
   1.1082689148075731      -0.48008316305238186     
   1.1352998639492211      -0.44822887723742832     
   1.1623308130908692      -0.36176475216899256     
   1.1893617622325174      -0.20692421921690790     
   1.2163927113741655        0.0000000000000000     
   0.0000000000000000       -0.0000000000000000     
   2.7065040771596067E-002  0.16599630699993151     
   5.4130081543192134E-002  0.29752786713927670     
   8.1195122314788204E-002  0.38033808188939122     
  0.10826016308638427       0.41972817677372815     
  0.13532520385798033       0.42890424470249972     
  0.16239024462957641       0.41978741877550058     
  0.18945528540117246       0.40054093940451768     
  0.21652032617276853       0.37608666033973004     
  0.24358536694436461       0.34920602140878448     
  0.27065040771596066       0.32141030728483988     
  0.29771544848755671       0.29349214569139725     
  0.32478048925915282       0.26584603017324787     
  0.35184553003074887       0.23864818370563165     
  0.37891057080234491       0.21195613664690538     
  0.40597561157394102       0.18576362957780390     
  0.43304065234553707       0.16003081933476115     
  0.46010569311713312       0.13470080763066455     
  0.48717073388872922       0.10970855072428497     
  0.51423577466032522        8.4985493396282724E-002
  0.54130081543192132        6.0461783087625155E-002
  0.56836585620351743        3.6067100285572147E-002
  0.59543089697511342        1.1730685597753572E-002
  0.62249593774670953       -1.2619110951111132E-002
  0.64956097851830563       -3.7055575144825707E-002
  0.67662601928990163       -6.1654561500087433E-002
  0.70369106006149773       -8.6495541217821423E-002
  0.73075610083309384      -0.11166269298439639     
  0.75782114160468983      -0.13724592786682710     
  0.78488618237628593      -0.16334164826085454     
  0.81195122314788204      -0.19005285485362861     
  0.83901626391947803      -0.21748785401712123     
  0.86608130469107414      -0.24575612093446167     
  0.89314634546267024      -0.27495852316366487     
  0.92021138623426624      -0.30516646932225922     
  0.94727642700586234      -0.33637933723422614     
  0.97434146777745845      -0.36843920653460643     
   1.0014065085490544      -0.40086151707379575     
   1.0284715493206504      -0.43250130862492342     
   1.0555365900922467      -0.46090632231101764     
   1.0826016308638426      -0.48112145252873023     
   1.1096666716354386      -0.48373351576745055     
   1.1367317124070349      -0.45269618221321584     
   1.1637967531786308      -0.36631472122703540     
   1.1908617939502268      -0.20997698220158278     
   1.2179268347218231        0.0000000000000000     
   0.0000000000000000       -0.0000000000000000     
   2.7096765037968481E-002  0.16713213581353722     
   5.4193530075936962E-002  0.29929162053993952     
   8.1290295113905439E-002  0.38215219252574345     
  0.10838706015187392       0.42126213109762289     
  0.13548382518984239       0.43007169380093208     
  0.16258059022781088       0.42062488710646068     
  0.18967735526577936       0.40112003000624219     
  0.21677412030374785       0.37647558547029952     
  0.24387088534171633       0.34945878010076903     
  0.27096765037968479       0.32156664314381944     
  0.29806441541765327       0.29358046477644251     
  0.32516118045562176       0.26588645573560438     
  0.35225794549359024       0.23865499054463929     
  0.37935471053155873       0.21193951252557527     
  0.40645147556952721       0.18573089785926364     
  0.43354824060749569       0.15998727201012722     
  0.46064500564546418       0.13465026803638233     
  0.48774177068343266       0.10965375132886743     
  0.51483853572140115        8.4928326748519148E-002
  0.54193530075936958        6.0403464317704027E-002
  0.56903206579733812        3.6008265820597962E-002
  0.59612883083530654        1.1671443255377972E-002
  0.62322559587327508       -1.2679172192293319E-002
  0.65032236091124351       -3.7117412685069386E-002
  0.67741912594921205       -6.1719745632101246E-002
  0.70451589098718048       -8.6566367100031474E-002
  0.73161265602514902      -0.11174235036663124     
  0.75870942106311745      -0.13733874869760412     
  0.78580618610108599      -0.16345346363323321     
  0.81290295113905442      -0.19019150976486263     
  0.83999971617702296      -0.21766395449368889     
  0.86709648121499139      -0.24598412822762633     
  0.89419324625295982      -0.27525837092417066     
  0.92129001129092836      -0.30556596952361970     
  0.94838677632889679      -0.33691776030334142     
  0.97548354136686533      -0.36917253788413212     
   1.0025803064048338      -0.40186984728776282     
   1.0296770714428023      -0.43389804722519848     
   1.0567738364807708      -0.46284567305431101     
   1.0838706015187392      -0.48379021574998193     
   1.1109673665567077      -0.48728655479796679     
   1.1380641315946762      -0.45705282516346302     
   1.1651608966326448      -0.37076659681869684     
   1.1922576616706131      -0.21297352038299178     
   1.2193544267085816        0.0000000000000000     
   0.0000000000000000       -0.0000000000000000     
   2.7126464412463087E-002  0.16818473032860390     
   5.4252928824926175E-002  0.30092375734641980     
   8.1379393237389269E-002  0.38382825422595973     
  0.10850585764985235       0.42267792130924398     
  0.13563232206231543       0.43114928260483104     
  0.16275878647477854       0.42139901282122066     
  0.18988525088724162       0.40165697999903188     
  0.21701171529970470       0.37683807454380508     
  0.24413817971216778       0.34969626545437510     
  0.27126464412463086       0.32171543523413926     
  0.29839110853709394       0.29366647283093067     
  0.32551757294955708       0.26592801416645273     
  0.35264403736202016       0.23866509603282246     
  0.37977050177448324       0.21192743608853695     
  0.40689696618694632       0.18570330056987444     
  0.43402343059940940       0.15994896337846209     
  0.46114989501187248       0.13460471714491307     
  0.48827635942433556       0.10960342908310527     
  0.51540282383679870        8.4874932357229371E-002
  0.54252928824926172        6.0348070935901402E-002
  0.56965575266172486        3.5951407741939327E-002
  0.59678221707418788        1.1613158260543271E-002
  0.62390868148665102       -1.2739337991755872E-002
  0.65103514589911415       -3.7180435092965217E-002
  0.67816161031157718       -6.1787189647437589E-002
  0.70528807472404031       -8.6640497727460616E-002
  0.73241453913650334      -0.11182629899377058     
  0.75954100354896648      -0.13743675457265078     
  0.78666746796142950      -0.16357122085766596     
  0.81379393237389264      -0.19033666658962861     
  0.84092039678635566      -0.21784683684346101     
  0.86804686119881880      -0.24621879817606987     
  0.89517332561128193      -0.27556419018571110     
  0.92229979002374496      -0.30596992580171722     
  0.94942625443620809      -0.33745793269673119     
  0.97655271884867112      -0.36990319784451858     
   1.0036791832611343      -0.40286866661790827     
   1.0308056476735974      -0.43527518407748411     
   1.0579321120860603      -0.46475143512274447     
   1.0850585764985234      -0.48640800981165100     
   1.1121850409109866      -0.49077152914102906     
   1.1393115053234497      -0.46133353806083172     
   1.1664379697359128      -0.37515447786116590     
   1.1935644341483758      -0.21593607018058694     
   1.2206908985608389        0.0000000000000000     
   0.0000000000000000       -0.0000000000000000     
   2.7154448618003920E-002  0.16916529411761935     
   5.4308897236007840E-002  0.30244230303594133     
   8.1463345854011757E-002  0.38538563475541465     
  0.10861779447201568       0.42399257968413168     
  0.13577224309001959       0.43215033852032819     
  0.16292669170802351       0.42211948690204465     
  0.19008114032602744       0.40215847883854827     
  0.21723558894403136       0.37717853583141309     
  0.24439003756203528       0.34992122565596878     
  0.27154448618003918       0.32185825374654559     
  0.29869893479804310       0.29375091912612289     
  0.32585338341604703       0.26597089302186944     
  0.35300783203405095       0.23867831293173336     
  0.38016228065205487       0.21191948017338907     
  0.40731672927005880       0.18568026829575499     
  0.43447117788806272       0.15991525280893337     
  0.46162562650606664       0.13456349487920666     
  0.48878007512407057       0.10955694208390986     
  0.51593452374207449        8.4824713447981648E-002
  0.54308897236007836        6.0295069976628111E-002
  0.57024342097808234        3.5896068841742172E-002
  0.59739786959608621        1.1555455335505180E-002
  0.62455231821409019       -1.2799900842948060E-002
  0.65170676683209405       -3.7244856502687135E-002
  0.67886121545009803       -6.1857039400372314E-002
  0.70601566406810190       -8.6718027247607604E-002
  0.73317011268610588      -0.11191460577384990     
  0.76032456130410975      -0.13754001967223059     
  0.78747900992211373      -0.16369504913123761     
  0.81463345854011759      -0.19048857520008305     
  0.84178790715812157      -0.21803696203788006     
  0.86894235577612544      -0.24646092809211151     
  0.89609680439412931      -0.27587728944924539     
  0.92325125301213329      -0.30638040395766880     
  0.95040570163013716      -0.33800302625321688     
  0.97756015024814114      -0.37063595959313789     
   1.0047145988661450      -0.40386504838070864     
   1.0318690474841490      -0.43664305470234288     
   1.0590234961021530      -0.46663845088889955     
   1.0861779447201567      -0.48899556245650255     
   1.1133323933381607      -0.49421595061059964     
   1.1404868419561647      -0.46557149407771697     
   1.1676412905741687      -0.37951154130914644     
   1.1947957391921724      -0.21888661971374734     
   1.2219501878101764        0.0000000000000000     
   0.0000000000000000       -0.0000000000000000     
   2.7180999018365872E-002  0.17008400370560120     
   5.4361998036731744E-002  0.30386352613291095     
   8.1542997055097613E-002  0.38684167317891505     
  0.10872399607346349       0.42522123590018662     
  0.13590499509182935       0.43308662271027909     
  0.16308599411019523       0.42279481707539368     
  0.19026699312856110       0.40263037512374594     
  0.21744799214692698       0.37750080999412600     
  0.24462899116529285       0.35013604619896810     
  0.27180999018365870       0.32199645400965488     
  0.29899098920202460       0.29383444164547479     
  0.32617198822039045       0.26601523900611290     
  0.35335298723875636       0.23869445919176951     
  0.38053398625712220       0.21191525098346872     
  0.40771498527548811       0.18566128011305913     
  0.43489598429385395       0.15988555372904678     
  0.46207698331221980       0.13452599378918073     
  0.48925798233058571       0.10951369449010383     
  0.51643898134895161        8.4777109033115777E-002
  0.54361998036731740        6.0243951333915913E-002
  0.57080097938568330        3.5841800044085659E-002
  0.59798197840404921        1.1497951499692762E-002
  0.62516297742241511       -1.2861177275007614E-002
  0.65234397644078090       -3.7310931346215478E-002
  0.67952497545914681       -6.1929496658648678E-002
  0.70670597447751271       -8.6799120055899584E-002
  0.73388697349587850      -0.11200742017183536     
  0.76106797251424441      -0.13764871008985824     
  0.78824897153261031      -0.16382517476651537     
  0.81542997055097621      -0.19064758202089155     
  0.84261096956934201      -0.21823487907761444     
  0.86979196858770791      -0.24671138380862273     
  0.89697296760607381      -0.27619901104909034     
  0.92415396662443960      -0.30679944800312009     
  0.95133496564280551      -0.33855610676042158     
  0.97851596466117141      -0.37137536767018609     
   1.0056969636795372      -0.40486566581874894     
   1.0328779626979032      -0.43801136737161983     
   1.0600589617162690      -0.46852066164050737     
   1.0872399607346348      -0.49157243121158228     
   1.1144209597530008      -0.49764602667220764     
   1.1416019587713666      -0.46979876057313680     
   1.1687829577897324      -0.38387043787507591     
   1.1959639568080984      -0.22184715027383947     
   1.2231449558264642        0.0000000000000000     
   0.0000000000000000       -0.0000000000000000     
   2.7206372649795994E-002  0.17095012224355177     
   5.4412745299591989E-002  0.30520214857063166     
   8.1619117949387976E-002  0.38821194487125399     
  0.10882549059918398       0.42637738496964872     
  0.13603186324897998       0.43396856417911078     
  0.16323823589877595       0.42343251315785208     
  0.19044460854857195       0.40307781353597383     
  0.21765098119836795       0.37780826582470844     
  0.24485735384816396       0.35034281330100053     
  0.27206372649795996       0.32213121578672871     
  0.29927009914775593       0.29391758894246112     
  0.32647647179755190       0.26606116760506693     
  0.35368284444734793       0.23871335928367093     
  0.38088921709714391       0.21191438405744070     
  0.40809558974693994       0.18564585635761116     
  0.43530196239673591       0.15985932479133574     
  0.46250833504653188       0.13449164978457576     
  0.48971470769632791       0.10947312769344099     
  0.51692108034612394        8.4731586119426203E-002
  0.54412745299591991        6.0194221438489168E-002
  0.57133382564571589        3.5788155826030288E-002
  0.59854019829551186        1.1440253382093391E-002
  0.62574657094530783       -1.2923508621140957E-002
  0.65295294359510381       -3.7378953286666121E-002
  0.68015931624489989       -6.2004816406388344E-002
  0.70736568889469587       -8.6884006812713313E-002
  0.73457206154449184      -0.11210496945237244     
  0.76177843419428781      -0.13776307902670562     
  0.78898480684408379      -0.16396191733828344     
  0.81619117949387987      -0.19081412850885540     
  0.84339755214367584      -0.21844122769520077     
  0.87060392479347182      -0.24697110919915991     
  0.89781029744326779      -0.27653075104643787     
  0.92501667009306376      -0.30722911531930697     
  0.95222304274285985      -0.33912019106600061     
  0.97942941539265582      -0.37212582601190525     
   1.0066357880424517      -0.40587692273148079     
   1.0338421606922479      -0.43938939055207676     
   1.0610485333420439      -0.47041136671674960     
   1.0882549059918398      -0.49415734441222342     
   1.1154612786416358      -0.50108707852396384     
   1.1426676512914318      -0.47404676099136545     
   1.1698740239412277      -0.38826372424171984     
   1.1970803965910237      -0.22483991637464398     
   1.2242867692408197        0.0000000000000000     
   0.0000000000000000       -0.0000000000000000     
   2.7230805949990163E-002  0.17177210882527441     
   5.4461611899980326E-002  0.30647154197521725     
   8.1692417849970486E-002  0.38951050108677604     
  0.10892322379996065       0.42747312329252196     
  0.13615402974995081       0.43480546208535453     
  0.16338483569994097       0.42403924501216589     
  0.19061564164993114       0.40350535027153950     
  0.21784644759992131       0.37810388023720187     
  0.24507725354991147       0.35054336647337103     
  0.27230805949990161       0.32226357549442236     
  0.29953886544989178       0.29400083775532437     
  0.32676967139988194       0.26610877047861986     
  0.35400047734987211       0.23873484466290099     
  0.38123128329986228       0.21191654023403814     
  0.40846208924985244       0.18563355188721428     
  0.43569289519984261       0.15983606175103013     
  0.46292370114983278       0.13445993359457276     
  0.49015450709982294       0.10943471205306876     
  0.51738531304981306        8.4687632228269402E-002
  0.54461611899980322        6.0145396908532864E-002
  0.57184692494979339        3.5734689216429527E-002
  0.59907773089978356        1.1381953681447593E-002
  0.62630853684977372       -1.2987263080500992E-002
  0.65353934279976389       -3.7449255885917396E-002
  0.68077014874975406       -6.2083306302741843E-002
  0.70800095469974422       -8.6972982998140450E-002
  0.73523176064973439      -0.11220755678116009     
  0.76246256659972456      -0.13788346507040716     
  0.78969337254971472      -0.16410568902297190     
  0.81692417849970489      -0.19098875275627528     
  0.84415498444969506      -0.21865674388274065     
  0.87138579039968522      -0.24724113790037883     
  0.89861659634967539      -0.27687398030107713     
  0.92584740229966556      -0.30767151142718557     
  0.95307820824965572      -0.33969830153623598     
  0.98030901419964589      -0.37289168031313891     
   1.0075398201496359      -0.40690507470294440     
   1.0347706260996261      -0.44078612693387531     
   1.0620014320496163      -0.47232346632408612     
   1.0892322379996064      -0.49676852714673914     
   1.1164630439495966      -0.50456395433072365     
   1.1436938498995868      -0.47834675470956650     
   1.1709246558495769      -0.39272433971403381     
   1.1981554617995671      -0.22788777010854422     
   1.2253862677495573        0.0000000000000000     
   0.0000000000000000       -0.0000000000000000     
   2.7254518240826059E-002  0.17255772311018150     
   5.4509036481652118E-002  0.30768391076378943     
   8.1763554722478177E-002  0.39075008626823515     
  0.10901807296330424       0.42851935780502870     
  0.13627259120413029       0.43560566185885030     
  0.16352710944495635       0.42462097821864803     
  0.19078162768578241       0.40391705121565241     
  0.21803614592660847       0.37839030573491306     
  0.24529066416743453       0.35073934245307026     
  0.27254518240826059       0.32239445285175256     
  0.29979970064908668       0.29408460727566382     
  0.32705421888991271       0.26615812107934428     
  0.35430873713073874       0.23875875350782946     
  0.38156325537156482       0.21192140155729955     
  0.40881777361239091       0.18562394964663637     
  0.43607229185321694       0.15981528978923984     
  0.46332681009404297       0.13443034264810591     
  0.49058132833486906       0.10939793891807756     
  0.51783584657569515        8.4644747970369416E-002
  0.54509036481652118        6.0096997958297496E-002
  0.57234488305734721        3.5680946217995876E-002
  0.59959940129817335        1.1322626684948314E-002
  0.62685391953899938       -1.3052839101864069E-002
  0.65410843777982541       -3.7522214972909071E-002
  0.68136295602065144       -6.2165328209942146E-002
  0.70861747426147748       -8.7066409878203965E-002
  0.73587199250230362      -0.11231556203462832     
  0.76312651074312965      -0.13801029342725174     
  0.79038102898395568      -0.16425699703768365     
  0.81763554722478182      -0.19117209422945000     
  0.84489006546560785      -0.21888226841796302     
  0.87214458370643388      -0.24752260769440768     
  0.89939910194725992      -0.27723026756113694     
  0.92665362018808595      -0.30812882575502309     
  0.95390813842891209      -0.34029352005518049     
  0.98116265666973812      -0.37367729795656607     
   1.0084171749105642      -0.40795634550001592     
   1.0356716931513903      -0.44221048026170207     
   1.0629262113922162      -0.47426969603576086     
   1.0901807296330424      -0.49942402177845729     
   1.1174352478738685      -0.50810144852369532     
   1.1446897661146944      -0.48273034647213736     
   1.1719442843555206      -0.39728613920408073     
   1.1991988025963467      -0.23101453893081866     
   1.2264533208371726        0.0000000000000000     
   0.0000000000000000       -0.0000000000000000     
   2.7277715025277920E-002  0.17331412551542558     
   5.4555430050555839E-002  0.30885046349456713     
   8.1833145075833752E-002  0.39194233628324199     
  0.10911086010111168       0.42952599270451641     
  0.13638857512638961       0.43637670982517479     
  0.16366629015166750       0.42518309175628038     
  0.19094400517694543       0.40431657626637618     
  0.21822172020222336       0.37866992788066894     
  0.24549943522750128       0.35093221233953448     
  0.27277715025277921       0.32252467312319977     
  0.30005486527805714       0.29416927076057764     
  0.32733258030333501       0.26620927883557871     
  0.35461029532861293       0.23878492983251720     
  0.38188801035389086       0.21192866703981739     
  0.40916572537916879       0.18561665435152810     
  0.43644344040444671       0.15979655603855927     
  0.46372115542972464       0.13440239311366547     
  0.49099887045500257       0.10936231266399057     
  0.51827658548028044        8.4602439423217102E-002
  0.54555430050555842        6.0048541350058944E-002
  0.57283201553083629        3.5626459471264242E-002
  0.60010973055611427        1.1261822709197252E-002
  0.62738744558139214       -1.3120670180220955E-002
  0.65466516060667002       -3.7598252765144238E-002
  0.68194287563194800       -6.2251301806753652E-002
  0.70922059065722587       -8.7164717875461720E-002
  0.73649830568250385      -0.11242944531381624     
  0.76377602070778172      -0.13814408010973284     
  0.79105373573305970      -0.16441644924461729     
  0.81833145075833758      -0.19136490179804425     
  0.84560916578361556      -0.21911875871599712     
  0.87288688080889343      -0.24781677810196615     
  0.90016459583417130      -0.27760130548031697     
  0.92744231085944928      -0.30860336984120273     
  0.95472002588472715      -0.34090904369245689     
  0.98199774091000513      -0.37448714857910553     
   1.0092754559352830      -0.40903704297937254     
   1.0365531709605609      -0.44367142091060224     
   1.0638308859858390      -0.47626286089441938     
   1.0911086010111168      -0.50214201316549734     
   1.1183863160363947      -0.51172473952396025     
   1.1456640310616726      -0.48723004019691996     
   1.1729417460869505      -0.40198449919378254     
   1.2002194611122285      -0.23424547007968943     
   1.2274971761375064        0.0000000000000000     
   0.0000000000000000       -0.0000000000000000     
   2.7300591160156203E-002  0.17404797353928994     
   5.4601182320312407E-002  0.30998157425953182     
   8.1901773480468607E-002  0.39309796084872028     
  0.10920236464062481       0.43050209782229476     
  0.13650295580078101       0.43712549048181343     
  0.16380354696093721       0.42573048124585477     
  0.19110413812109342       0.40470725267115804     
  0.21840472928124963       0.37894491489029258     
  0.24570532044140583       0.35112331334257907     
  0.27300591160156201       0.32265498587643532     
  0.30030650276171822       0.29425516502081128     
  0.32760709392187443       0.26626229213443708     
  0.35490768508203063       0.23881322200105723     
  0.38220827624218684       0.21193804819036544     
  0.40950886740234305       0.18561128610438191     
  0.43680945856249925       0.15977942206831283     
  0.46411004972265546       0.13437561182731084     
  0.49141064088281167       0.10932734247320083     
  0.51871123204296787        8.4560210049108769E-002
  0.54601182320312402        5.9999532639443812E-002
  0.57331241436328029        3.5570740942206948E-002
  0.60061300552343644        1.1199061267166872E-002
  0.62791359668359270       -1.3191231234317870E-002
  0.65521418784374885       -3.7677843884894827E-002
  0.68251477900390511       -6.2341710416654920E-002
  0.70981537016406127       -8.7268412469529530E-002
  0.73711596132421753      -0.11254975328991397     
  0.76441655248437368      -0.13828543924809542     
  0.79171714364452994      -0.16458476314116424     
  0.81901773480468609      -0.19156804538589942     
  0.84631832596484236      -0.21936730448332939     
  0.87361891712499851      -0.24812505191439949     
  0.90091950828515466      -0.27798894062756618     
  0.92822009944531092      -0.30909761949072700     
  0.95552069060546707      -0.34154824422174934     
  0.98282128176562333      -0.37532588841871145     
   1.0101218729257795      -0.41015367890258947     
   1.0374224640859357      -0.44517815629009450     
   1.0647230552460920      -0.47831607736615039     
   1.0920236464062480      -0.50494116958739577     
   1.1193242375664043      -0.51545986043581382     
   1.1466248287265606      -0.49187985605749052     
   1.1739254198867168      -0.40685701933924662     
   1.2012260110468729      -0.23760776017943055     
   1.2285266022070291        0.0000000000000000     
   0.0000000000000000       -0.0000000000000000     
   2.7323333974990004E-002  0.17476551515708311     
   5.4646667949980007E-002  0.31108693629516287     
   8.1970001924970004E-002  0.39422691342846455     
  0.10929333589996001       0.43145606245293838     
  0.13661666987495003       0.43785835005287310     
  0.16394000384994001       0.42626765084583595     
  0.19126333782493002       0.40509213971706010     
  0.21858667179992003       0.37921726104014086     
  0.24591000577491004       0.35131387630870470     
  0.27323333974990005       0.32278608097871075     
  0.30055667372489003       0.29434259818418113     
  0.32788000769988002       0.26631720028880607     
  0.35520334167487005       0.23884348064669025     
  0.38252667564986004       0.21194926417650331     
  0.40985000962485008       0.18560747373299660     
  0.43717334359984006       0.15976345607927861     
  0.46449667757483004       0.13434952782665610     
  0.49182001154982008       0.10929253355794186     
  0.51914334552481012        8.4517551854138631E-002
  0.54646667949980010        5.9949457426694726E-002
  0.57379001347479008        3.5513273348494016E-002
  0.60111334744978007        1.1133822693210855E-002
  0.62843668142477005       -1.3265046824032215E-002
  0.65576001539976003       -3.7761523526434512E-002
  0.68308334937475013       -6.2437109303048910E-002
  0.71040668334974011       -8.7378082889685113E-002
  0.73773001732473009      -0.11267712867403290     
  0.76505335129972007      -0.13843509386224079     
  0.79237668527471006      -0.16476277865522687     
  0.81970001924970015      -0.19178253176893131     
  0.84702335322469013      -0.21962914788435067     
  0.87434668719968012      -0.24844900159869898     
  0.90167002117467010      -0.27839520877502866     
  0.92899335514966008      -0.30961426267440012     
  0.95631668912465018      -0.34221473397602786     
  0.98364002309964016      -0.37619845183990747     
   1.0109633570746301      -0.41131309739508204     
   1.0382866910496202      -0.44674031268020653     
   1.0656100250246101      -0.48044303231582275     
   1.0929333589996002      -0.50784101211046384     
   1.1202566929745901      -0.51933422036745924     
   1.1475800269495802      -0.49671603520278018     
   1.1749033609245703      -0.41194435029807547     
   1.2022266948995601      -0.24113119556197640     
   1.2295500288745502        0.0000000000000000     
   0.0000000000000000       -0.0000000000000000     
   2.7346126415057084E-002  0.17547268063257737     
   5.4692252830114169E-002  0.31217571037076675     
   8.2038379245171253E-002  0.39533855197914802     
  0.10938450566022834       0.43239573826481981     
  0.13673063207528541       0.43858120963925384     
  0.16407675849034251       0.42679879650783220     
  0.19142288490539960       0.40547408685514508     
  0.21876901132045667       0.37948882535176132     
  0.24611513773551374       0.35150505000386384     
  0.27346126415057082       0.32291860243618703     
  0.30080739056562794       0.29443185604297784     
  0.32815351698068501       0.26637403453914227     
  0.35549964339574208       0.23887555592843393     
  0.38284576981079921       0.21196203645476533     
  0.41019189622585628       0.18560484761007534     
  0.43753802264091335       0.15974822450533993     
  0.46488414905597042       0.13432366316411185     
  0.49223027547102749       0.10925737748713087     
  0.51957640188608456        8.4473935429618868E-002
  0.54692252830114163        5.9897771244709221E-002
  0.57426865471619881        3.5453499957782221E-002
  0.60161478113125588        1.1065537853965513E-002
  0.62896090754631295       -1.3342701586074771E-002
  0.65630703396137002       -3.7849898159256976E-002
  0.68365316037642709       -6.2538136837599137E-002
  0.71099928679148416       -8.7494414035466705E-002
  0.73834541320654123      -0.11281232329059145     
  0.76569153962159842      -0.13859389064322677     
  0.79303766603665549      -0.16495147538240448     
  0.82038379245171256      -0.19200952531134649     
  0.84772991886676963      -0.21990570918566857     
  0.87507604528182670      -0.24879040183315823     
  0.90242217169688377      -0.27882237709224356     
  0.92976829811194084      -0.31015625532764851     
  0.95711442452699791      -0.34291244092801465     
  0.98446055094205498      -0.37711015401635589     
   1.0118066773571122      -0.41252261752977576     
   1.0391528037721691      -0.44836813609126402     
   1.0664989301872263      -0.48265826971074716     
   1.0938450566022833      -0.51086232764864159     
   1.1211911830173404      -0.52337719848267394     
   1.1485373094323976      -0.50177786398531776     
   1.1758834358474546      -0.41729118911252655     
   1.2032295622625118      -0.24484893847302153     
   1.2305756886775687        0.0000000000000000     
   0.0000000000000000       -0.0000000000000000     
   2.7369150300726834E-002  0.17617517439031713     
   5.4738300601453668E-002  0.31325667087712566     
   8.2107450902180495E-002  0.39644179419633480     
  0.10947660120290734       0.43332857487383963     
  0.13684575150363418       0.43929967107721268     
  0.16421490180436099       0.42732788305055824     
  0.19158405210508783       0.40585578706367020     
  0.21895320240581467       0.37976136682234229     
  0.24632235270654151       0.35169792296303687     
  0.27369150300726836       0.32305316052258148     
  0.30106065330799520       0.29452320718612546     
  0.32842980360872198       0.26643281816817738     
  0.35579895390944882       0.23890929400893757     
  0.38316810421017566       0.21197608264373066     
  0.41053725451090251       0.18560303165737746     
  0.43790640481162935       0.15973328267478248     
  0.46527555511235619       0.13429752260311015     
  0.49264470541308303       0.10922134118186858     
  0.52001385571380987        8.4428798427120852E-002
  0.54738300601453671        5.9843887616266543E-002
  0.57475215631526355        3.5390812268735743E-002
  0.60212130661599039        1.0993575435026997E-002
  0.62949045691671723       -1.3424853418187145E-002
  0.65685960721744396       -3.7943659328954688E-002
  0.68422875751817080       -6.2645529140139072E-002
  0.71159790781889765       -8.7618202273755968E-002
  0.73896705811962449      -0.11295621547611738     
  0.76633620842035133      -0.13876281955052897     
  0.79370535872107817      -0.16515199521618590     
  0.82107450902180501      -0.19225037474227480     
  0.84844365932253185      -0.22019861923463815     
  0.87581280962325869      -0.24915126983963243     
  0.90318195992398553      -0.27927299536165923     
  0.93055111022471237      -0.31072688777668189     
  0.95792026052543922      -0.34364569661416050     
  0.98528941082616606      -0.37806680959321332     
   1.0126585611268928      -0.41379019661827759     
   1.0400277114276197      -0.45007272137915233     
   1.0673968617283465      -0.48497751816701090     
   1.0947660120290734      -0.51402764484169883     
   1.1221351623298002      -0.52762083923238379     
   1.1495043126305271      -0.50710865997582144     
   1.1768734629312538      -0.42294749842233248     
   1.2042426132319808      -0.24879850779897908     
   1.2316117635327075        0.0000000000000000     
   0.0000000000000000       -0.0000000000000000     
   2.7369380943739773E-002  0.17618215277909494     
   5.4738761887479545E-002  0.31326740561989774     
   8.2108142831219311E-002  0.39645274786104590     
  0.10947752377495909       0.43333783757700534     
  0.13684690471869887       0.43930680900141994     
  0.16421628566243862       0.42733314492277430     
  0.19158566660617840       0.40585958882399614     
  0.21895504754991818       0.37976408661830491     
  0.24632442849365796       0.35169985226722189     
  0.27369380943739774       0.32305451029017951     
  0.30106319038113749       0.29452412662548239     
  0.32843257132487724       0.26643341234020046     
  0.35580195226861705       0.23890963718756647     
  0.38317133321235680       0.21197622768913746     
  0.41054071415609661       0.18560301637376503     
  0.43791009509983636       0.15973313405699588     
  0.46527947604357611       0.13429725963893935     
  0.49264885698731592       0.10922097666938563     
  0.52001823793105573        8.4428340115109052E-002
  0.54738761887479548        5.9843338856484636E-002
  0.57475699981853523        3.5390172295296798E-002
  0.60212638076227498        1.0992839331473873E-002
  0.62949576170601473       -1.3425695040584299E-002
  0.65686514264975449       -3.7944620962010359E-002
  0.68423452359349435       -6.2646631366336775E-002
  0.71160390453723410       -8.7619473204930298E-002
  0.73897328548097385      -0.11295769279194137     
  0.76634266642471360      -0.13876455336483118     
  0.79371204736845336      -0.16515405210977060     
  0.82108142831219322      -0.19225284349166469     
  0.84845080925593297      -0.22020161902724628     
  0.87582019019967272      -0.24915496221269323     
  0.90318957114341247      -0.27927760179078931     
  0.93055895208715222      -0.31073271589703388     
  0.95792833303089209      -0.34365317967331133     
  0.98529771397463184      -0.37807656583437160     
   1.0126670949183716      -0.41380311699388800     
   1.0400364758621115      -0.45009009086891733     
   1.0674058568058511      -0.48500115107002034     
   1.0947752377495910      -0.51405991333497847     
   1.1221446186933306      -0.52766414592916155     
   1.1495139996370705      -0.50716315833325110     
   1.1768833805808103      -0.42300546188624516     
   1.2042527615245500      -0.24883907121979129     
   1.2316221424682898        0.0000000000000000     
