   0.0000000000000000       -0.0000000000000000     
   2.2633138214953330E-002  -3.4069506367003779E-003
   4.5266276429906660E-002  -6.7221996795650829E-003
   6.7899414644859990E-002  -9.8433369881577720E-003
   9.0532552859813320E-002  -1.2687183861835503E-002
  0.11316569107476665       -1.5181455812274092E-002
  0.13579882928971998       -1.7269184395532482E-002
  0.15843196750467331       -1.8909902171628804E-002
  0.18106510571962664       -2.0079695124492612E-002
  0.20369824393457997       -2.0770197532016664E-002
  0.22633138214953330       -2.0986793285948262E-002
  0.24896452036448663       -2.0746325710805296E-002
  0.27159765857943996       -2.0074612224392156E-002
  0.29423079679439329       -1.9004014221357942E-002
  0.31686393500934662       -1.7571245471169509E-002
  0.33949707322429995       -1.5815531013308556E-002
  0.36213021143925328       -1.3777165497984217E-002
  0.38476334965420661       -1.1496471665373022E-002
  0.40739648786915994       -9.0131276165682297E-003
  0.43002962608411327       -6.3658138076844043E-003
  0.45266276429906660       -3.5921238233171376E-003
  0.47529590251401993       -7.2868319396586240E-004
  0.49792904072897326        2.1885754906778988E-003
  0.52056217894392653        5.1240277179282270E-003
  0.54319531715887992        8.0419043730973212E-003
  0.56582845537383331        1.0905810334482824E-002
  0.58846159358878658        1.3678253029598792E-002
  0.61109473180373985        1.6320221976571389E-002
  0.63372787001869324        1.8790865357680757E-002
  0.65636100823364663        2.1047316939084695E-002
  0.67899414644859990        2.3044735211105276E-002
  0.70162728466355317        2.4736624828110468E-002
  0.72426042287850656        2.6075515733160037E-002
  0.74689356109345995        2.7014074170660020E-002
  0.76952669930841322        2.7506707541462311E-002
  0.79215983752336649        2.7511696604199075E-002
  0.81479297573831988        2.6993839217276199E-002
  0.83742611395327327        2.5927517243330426E-002
  0.86005925216822654        2.4300004694754261E-002
  0.88269239038317981        2.2114730319815201E-002
  0.90532552859813320        1.9394109911977507E-002
  0.92795866681308659        1.6181500105110866E-002
  0.95059180502803986        1.2541816864919640E-002
  0.97322494324299313        8.5605295120340097E-003
  0.99585808145794652        4.3388556149015576E-003
   1.0184912196728999        0.0000000000000000     
   0.0000000000000000        9.9279478424767156E-019
   2.3045562104224863E-002  -2.9691181802706662E-003
   4.6091124208449727E-002  -5.8235577360897847E-003
   6.9136686312674583E-002  -8.4397649693704890E-003
   9.2182248416899454E-002  -1.0727732567046379E-002
  0.11522781052112432       -1.2621827835598450E-002
  0.13827337262534917       -1.4084711887292139E-002
  0.16131893472957404       -1.5105422762492958E-002
  0.18436449683379891       -1.5694970082011636E-002
  0.20741005893802378       -1.5880673242212897E-002
  0.23045562104224865       -1.5700382745520700E-002
  0.25350118314647352       -1.5197364269617670E-002
  0.27654674525069833       -1.4416247135828199E-002
  0.29959230735492320       -1.3400133258174423E-002
  0.32263786945914807       -1.2188765832495712E-002
  0.34568343156337294       -1.0817561158627548E-002
  0.36872899366759782       -9.3172841113827263E-003
  0.39177455577182269       -7.7141677027932308E-003
  0.41482011787604756       -6.0303161339704987E-003
  0.43786567998027243       -4.2842734404372577E-003
  0.46091124208449730       -2.4916782046328564E-003
  0.48395680418872211       -6.6595566496861509E-004
  0.50700236629294704        1.1809784911740440E-003
  0.53004792839717185        3.0380124046837775E-003
  0.55309349050139667        4.8941299439482777E-003
  0.57613905260562159        6.7376942551889366E-003
  0.59918461470984641        8.5557154884392389E-003
  0.62223017681407133        1.0333097598891344E-002
  0.64527573891829615        1.2051865796655408E-002
  0.66832130102252107        1.3690388149428242E-002
  0.69136686312674589        1.5222623436316331E-002
  0.71441242523097082        1.6617454201717431E-002
  0.73745798733519563        1.7838200293186095E-002
  0.76050354943942045        1.8842453800342412E-002
  0.78354911154364537        1.9582427891249959E-002
  0.80659467364787019        2.0006060544826981E-002
  0.82964023575209511        2.0059142005439987E-002
  0.85268579785631993        1.9688713785414695E-002
  0.87573135996054485        1.8847880172155725E-002
  0.89877692206476967        1.7501943894277640E-002
  0.92182248416899459        1.5635410855306814E-002
  0.94486804627321941        1.3258941528805791E-002
  0.96791360837744422        1.0414866550314934E-002
  0.99095917048166915        7.1797046425463307E-003
   1.0140047325858941        3.6601891890384857E-003
   1.0370502946901188        0.0000000000000000     
   0.0000000000000000       -0.0000000000000000     
   2.3442945720834663E-002  -2.4725806233238503E-003
   4.6885891441669325E-002  -4.8131292770305940E-003
   7.0328837162503988E-002  -6.8847371019922776E-003
   9.3771782883338650E-002  -8.6007248864044886E-003
  0.11721472860417331       -9.9128152270379979E-003
  0.14065767432500798       -1.0811483041161484E-002
  0.16410062004584264       -1.1318070578362097E-002
  0.18754356576667730       -1.1474438517043592E-002
  0.21098651148751196       -1.1332972606306948E-002
  0.23442945720834663       -1.0948592963568567E-002
  0.25787240292918129       -1.0373290752812913E-002
  0.28131534865001595       -9.6529847659588327E-003
  0.30475829437085061       -8.8261616616069228E-003
  0.32820124009168528       -7.9237140689783891E-003
  0.35164418581251994       -6.9694827896603917E-003
  0.37508713153335460       -5.9811448778450717E-003
  0.39853007725418926       -4.9712161761226222E-003
  0.42197302297502393       -3.9480352685570628E-003
  0.44541596869585859       -2.9166638922843331E-003
  0.46885891441669325       -1.8796820673666840E-003
  0.49230186013752791       -8.3788163022796114E-004
  0.51574480585836258        2.0912429297730299E-004
  0.53918775157919718        1.2623514109873929E-003
  0.56263069730003190        2.3229263941639596E-003
  0.58607364302086662        3.3915721536048301E-003
  0.60951658874170123        4.4680670716314595E-003
  0.63295953446253583        5.5506493103017751E-003
  0.65640248018337055        6.6353388098626190E-003
  0.67984542590420527        7.7151535035265371E-003
  0.70328837162503988        8.7792049006458067E-003
  0.72673131734587448        9.8116751273670637E-003
  0.75017426306670920        1.0790707951264442E-002
  0.77361720878754392        1.1687296991914085E-002
  0.79706015450837853        1.2464332539094670E-002
  0.82050310022921313        1.3076079064839249E-002
  0.84394604595004785        1.3468494607233017E-002
  0.86738899167088257        1.3580946349181751E-002
  0.89083193739171718        1.3349963624110318E-002
  0.91427488311255178        1.2715591609496861E-002
  0.93771782883338650        1.1630519097099386E-002
  0.96116077455422122        1.0071327411214321E-002
  0.98460372027505583        8.0499772792369736E-003
   1.0080466659958904        5.6223858847647846E-003
   1.0314896117167252        2.8882546310420604E-003
   1.0549325574375599        0.0000000000000000     
   0.0000000000000000       -0.0000000000000000     
   2.3816546347194292E-002  -1.9305565758330895E-003
   4.7633092694388583E-002  -3.7193503812382490E-003
   7.1449639041582871E-002  -5.2251690362761574E-003
   9.5266185388777166E-002  -6.3742253361177351E-003
  0.11908273173597146       -7.1431983138429828E-003
  0.14289927808316574       -7.5530128688991796E-003
  0.16671582443036004       -7.6535472136201495E-003
  0.19053237077755433       -7.5080110710605153E-003
  0.21434891712474863       -7.1808149009549849E-003
  0.23816546347194292       -6.7300010954252382E-003
  0.26198200981913722       -6.2036347411708785E-003
  0.28579855616633149       -5.6389423094310078E-003
  0.30961510251352581       -5.0630349243410934E-003
  0.33343164886072008       -4.4943568923841862E-003
  0.35724819520791440       -3.9443238091305685E-003
  0.38106474155510867       -3.4188645832621697E-003
  0.40488128790230293       -2.9197446874657386E-003
  0.42869783424949726       -2.4456414456609748E-003
  0.45251438059669152       -1.9929892750762180E-003
  0.47633092694388585       -1.5566324448629068E-003
  0.50014747329108011       -1.1303280043027239E-003
  0.52396401963827444       -7.0713996809964718E-004
  0.54778056598546876       -2.7976208209701898E-004
  0.57159711233266297        1.5919713427453835E-004
  0.59541365867985729        6.1693573539188702E-004
  0.61923020502705162        1.1001553909193986E-003
  0.64304675137424583        1.6147022672796923E-003
  0.66686329772144015        2.1651171939633734E-003
  0.69067984406863447        2.7540570119435541E-003
  0.71449639041582880        3.3815460738043008E-003
  0.73831293676302301        4.0440173919419316E-003
  0.76212948311021733        4.7331120494189492E-003
  0.78594602945741165        5.4342319087161365E-003
  0.80976257580460587        6.1248979866293154E-003
  0.83357912215180019        6.7730739888640125E-003
  0.85739566849899451        7.3357924478597916E-003
  0.88121221484618883        7.7586813197361316E-003
  0.90502876119338305        7.9773066741307200E-003
  0.92884530754057737        7.9215126472130526E-003
  0.95266185388777169        7.5239044743117614E-003
  0.97647840023496590        6.7328938678701510E-003
   1.0002949465821602        5.5289595670873423E-003
   1.0241114929293544        3.9400461523354611E-003
   1.0479280392765489        2.0476397811285780E-003
   1.0717445856237431        0.0000000000000000     
   0.0000000000000000       -0.0000000000000000     
   2.4162314589378110E-002  -1.3590891373685479E-003
   4.8324629178756219E-002  -2.5754072254227170E-003
   7.2486943768134332E-002  -3.5127686406844043E-003
   9.6649258357512438E-002  -4.1181351220569429E-003
  0.12081157294689054       -4.3969309261683749E-003
  0.14497388753626866       -4.3982727430217257E-003
  0.16913620212564676       -4.1926922679581778E-003
  0.19329851671502488       -3.8535530928835975E-003
  0.21746083130440300       -3.4455923753259846E-003
  0.24162314589378109       -3.0199406071470675E-003
  0.26578546048315921       -2.6134764791996730E-003
  0.28994777507253733       -2.2504417973774832E-003
  0.31411008966191545       -1.9448779463731090E-003
  0.33827240425129351       -1.7030800376257866E-003
  0.36243471884067163       -1.5257100551027258E-003
  0.38659703343004975       -1.4094668207743329E-003
  0.41075934801942787       -1.3483351956976018E-003
  0.43492166260880599       -1.3344846594655485E-003
  0.45908397719818406       -1.3588962784497555E-003
  0.48324629178756218       -1.4117893295036547E-003
  0.50740860637694030       -1.4829060567632061E-003
  0.53157092096631842       -1.5617005584375738E-003
  0.55573323555569654       -1.6374677474549346E-003
  0.57989555014507466       -1.6994413070427401E-003
  0.60405786473445278       -1.7368855804980538E-003
  0.62822017932383090       -1.7392052554042964E-003
  0.65238249391320891       -1.6960984315537260E-003
  0.67654480850258703       -1.5977831837347871E-003
  0.70070712309196515       -1.4353350202314747E-003
  0.72486943768134326       -1.2011824166848436E-003
  0.74903175227072138       -8.8981881349628261E-004
  0.77319406686009950       -4.9879928268010661E-004
  0.79735638144947762       -3.0092154959612209E-005
  0.82151869603885574        5.0816243135320092E-004
  0.84568101062823386        1.0994967117530594E-003
  0.86984332521761198        1.7167133115507365E-003
  0.89400563980699010        2.3196578122582009E-003
  0.91816795439636811        2.8540245862014521E-003
  0.94233026898574623        3.2526331494835171E-003
  0.96649258357512435        3.4411142939387226E-003
  0.99065489816450247        3.3498134100572972E-003
   1.0148172127538806        2.9320864713268946E-003
   1.0389795273432587        2.1852895981596138E-003
   1.0631418419326368        1.1641253765174806E-003
   1.0873041565220150        0.0000000000000000     
   0.0000000000000000       -0.0000000000000000     
   2.4478985607152708E-002  -7.7353302046674968E-004
   4.8957971214305417E-002  -1.4123852197438294E-003
   7.3436956821458121E-002  -1.7941735047806995E-003
   9.7915942428610833E-002  -1.8921523035295394E-003
  0.12239492803576354       -1.7406694429896556E-003
  0.14687391364291624       -1.4113560072552371E-003
  0.17135289925006897       -9.8588629235898256E-004
  0.19583188485722167       -5.3744686738938993E-004
  0.22031087046437436       -1.2236098941197961E-004
  0.24478985607152709        2.2114642787684612E-004
  0.26926884167867982        4.7054720422591480E-004
  0.29374782728583249        6.1543254647690123E-004
  0.31822681289298521        6.5406089788419878E-004
  0.34270579850013794        5.9053983106539701E-004
  0.36718478410729061        4.3272939799949639E-004
  0.39166376971444333        1.9077609599261981E-004
  0.41614275532159606       -1.2386310919401114E-004
  0.44062174092874873       -4.9904052168273138E-004
  0.46510072653590145       -9.2228947374416300E-004
  0.48957971214305418       -1.3810288875944921E-003
  0.51405869775020685       -1.8626582693518465E-003
  0.53853768335735963       -2.3545833449809149E-003
  0.56301666896451230       -2.8442004295902729E-003
  0.58749565457166497       -3.3188598918975788E-003
  0.61197464017881775       -3.7658249076162296E-003
  0.63645362578597042       -4.1722405502832138E-003
  0.66093261139312309       -4.5251299471325401E-003
  0.68541159700027587       -4.8114388679413814E-003
  0.70989058260742854       -5.0181581511922107E-003
  0.73436956821458121       -5.1325654301586868E-003
  0.75884855382173400       -5.1426442387865236E-003
  0.78332753942888667       -5.0377595430317022E-003
  0.80780652503603934       -4.8096916321870324E-003
  0.83228551064319212       -4.4541475247993388E-003
  0.85676449625034479       -3.9728624631780105E-003
  0.88124348185749746       -3.3763365568898083E-003
  0.90572246746465024       -2.6870574714367781E-003
  0.93020145307180291       -1.9426446708436362E-003
  0.95468043867895558       -1.1976299207510747E-003
  0.97915942428610836       -5.2162716136559470E-004
   1.0036384098932611        9.0540435373903660E-006
   1.0281173955004137        3.2850593101345013E-004
   1.0525963811075665        4.0505490358761984E-004
   1.0770753667147193        2.6118598283972078E-004
   1.1015543523218718        0.0000000000000000     
   0.0000000000000000       -0.0000000000000000     
   2.4766919177215088E-002  -1.8720923750846150E-004
   4.9533838354430176E-002  -2.5669079332555148E-004
   7.4300757531645265E-002  -1.0750459079195140E-004
   9.9067676708860353E-002   2.5770194701806720E-004
  0.12383459588607544        7.7834933140607382E-004
  0.14860151506329053        1.3677683391211427E-003
  0.17336843424050563        1.9424175373852371E-003
  0.19813535341772071        2.4374888565782231E-003
  0.22290227259493578        2.8106735518044134E-003
  0.24766919177215088        3.0394568569017122E-003
  0.27243611094936598        3.1162240842103786E-003
  0.29720303012658106        3.0434849560556205E-003
  0.32196994930379613        2.8300802373606836E-003
  0.34673686848101126        2.4884845902722282E-003
  0.37150378765822634        2.0330279122294558E-003
  0.39627070683544141        1.4787949956092303E-003
  0.42103762601265649        8.4099138491859713E-004
  0.44580454518987156        1.3461480411373515E-004
  0.47057146436708669       -6.2568007113091625E-004
  0.49533838354430176       -1.4255980696525597E-003
  0.52010530272151689       -2.2511490433455529E-003
  0.54487222189873197       -3.0885523305444538E-003
  0.56963914107594704       -3.9241185480558306E-003
  0.59440606025316212       -4.7441201795394381E-003
  0.61917297943037719       -5.5346588184634051E-003
  0.64393989860759226       -6.2815358956245506E-003
  0.66870681778480734       -6.9701350313698916E-003
  0.69347373696202252       -7.5853280051780035E-003
  0.71824065613923760       -8.1114233835140118E-003
  0.74300757531645267       -8.5321882148984337E-003
  0.76777449449366775       -8.8309904595107042E-003
  0.79254141367088282       -8.9911347482618271E-003
  0.81730833284809790       -8.9964978509663607E-003
  0.84207525202531297       -8.8326113071704355E-003
  0.86684217120252804       -8.4883777788671115E-003
  0.89160909037974312       -7.9586178705116136E-003
  0.91637600955695830       -7.2475636378881011E-003
  0.94114292873417338       -6.3731263005759719E-003
  0.96590984791138845       -5.3710950828981564E-003
  0.99067676708860353       -4.2972391285049077E-003
   1.0154436862658187       -3.2238327004673363E-003
   1.0402106054430338       -2.2266463582040694E-003
   1.0649775246202489       -1.3617666178038536E-003
   1.0897444437974639       -6.4130083521791743E-004
   1.1145113629746790        0.0000000000000000     
   0.0000000000000000       -1.0778291076823563E-018
   2.5027393850789413E-002   3.8898853817079769E-004
   5.0054787701578826E-002   8.7060452513392471E-004
   7.5082181552368232E-002   1.5181727808688747E-003
  0.10010957540315765        2.2987789791093956E-003
  0.12513696925394707        3.1302258435337189E-003
  0.15016436310473646        3.9187155153085594E-003
  0.17519175695552588        4.5867806601332592E-003
  0.20021915080631530        5.0837446976751141E-003
  0.22524654465710472        5.3842787662161124E-003
  0.25027393850789414        5.4822208549511484E-003
  0.27530133235868354        5.3840030515978632E-003
  0.30032872620947293        5.1034129147840583E-003
  0.32535612006026238        4.6579734470333055E-003
  0.35038351391105177        4.0666691643866312E-003
  0.37541090776184122        3.3486331753801507E-003
  0.40043830161263061        2.5224639405477668E-003
  0.42546569546342000        1.6059311749684231E-003
  0.45049308931420945        6.1591102475467077E-004
  0.47552048316499884       -4.3154984110338294E-004
  0.50054787701578829       -1.5211014142455239E-003
  0.52557527086657763       -2.6379232575320243E-003
  0.55060266471736707       -3.7675416836864522E-003
  0.57563005856815652       -4.8956402249970572E-003
  0.60065745241894586       -6.0078669856246658E-003
  0.62568484626973531       -7.0896397080409236E-003
  0.65071224012052475       -8.1259485367708509E-003
  0.67573963397131420       -9.1011572806891806E-003
  0.70076702782210354       -9.9988066668148870E-003
  0.72579442167289299       -1.0801428340527577E-002
  0.75082181552368243       -1.1490387486241168E-002
  0.77584920937447177       -1.2045786977416019E-002
  0.80087660322526122       -1.2446489876628265E-002
  0.82590399707605067       -1.2670353668050813E-002
  0.85093139092684000       -1.2694822400342372E-002
  0.87595878477762945       -1.2498092040076011E-002
  0.90098617862841890       -1.2061137741652550E-002
  0.92601357247920824       -1.1370926190935030E-002
  0.95104096632999768       -1.0425023098249445E-002
  0.97606836018078713       -9.2373305851650989E-003
   1.0010957540315766       -7.8435508405034337E-003
   1.0261231478823660       -6.3030609232877493E-003
   1.0511505417331553       -4.6920862765323732E-003
   1.0761779355839447       -3.0846914266894152E-003
   1.1012053294347341       -1.5273506965472056E-003
   1.1262327232855236        0.0000000000000000     
   0.0000000000000000       -0.0000000000000000     
   2.5262175672390006E-002   9.4656213738499723E-004
   5.0524351344780012E-002   1.9535591278205533E-003
   7.5786527017170022E-002   3.0621166618126604E-003
  0.10104870268956002        4.2099869944796954E-003
  0.12631087836195004        5.2989727349061246E-003
  0.15157305403434004        6.2355334613874002E-003
  0.17683522970673005        6.9544217501629341E-003
  0.20209740537912005        7.4226135313161939E-003
  0.22735958105151005        7.6327916894420597E-003
  0.25262175672390008        7.5944914172700433E-003
  0.27788393239629006        7.3266691214954847E-003
  0.30314610806868009        6.8525865527610565E-003
  0.32840828374107006        6.1967005995194006E-003
  0.35367045941346009        5.3829679920425417E-003
  0.37893263508585007        4.4340448573720031E-003
  0.40419481075824010        3.3710111568668053E-003
  0.42945698643063013        2.2133830830441239E-003
  0.45471916210302010        9.7927157671649388E-004
  0.47998133777541013       -3.1439332950786722E-004
  0.50524351344780016       -1.6516150094096071E-003
  0.53050568912019014       -3.0170801117497120E-003
  0.55576786479258011       -4.3959136811830652E-003
  0.58103004046497009       -5.7734403891894397E-003
  0.60629221613736017       -7.1349489667828538E-003
  0.63155439180975015       -8.4654550650350470E-003
  0.65681656748214012       -9.7494571043872987E-003
  0.68207874315453021       -1.0970679980894335E-002
  0.70734091882692018       -1.2111802953988362E-002
  0.73260309449931016       -1.3154171270241289E-002
  0.75786527017170013       -1.4077497317585968E-002
  0.78312744584409022       -1.4859568486172283E-002
  0.80838962151648019       -1.5475998896671160E-002
  0.83365179718887017       -1.5900096003151943E-002
  0.85891397286126026       -1.6102968021413467E-002
  0.88417614853365023       -1.6054082138965219E-002
  0.90943832420604021       -1.5722599679591373E-002
  0.93470049987843018       -1.5079944850751481E-002
  0.95996267555082027       -1.4104131313901728E-002
  0.98522485122321024       -1.2786170028077313E-002
   1.0104870268956003       -1.1138014037787093E-002
   1.0357492025679902       -9.1994995584513493E-003
   1.0610113782403803       -7.0388890328669882E-003
   1.0862735539127704       -4.7410718383315738E-003
   1.1115357295851602       -2.3847040141304447E-003
   1.1367979052575503        0.0000000000000000     
   0.0000000000000000       -0.0000000000000000     
   2.5473254163295347E-002   1.4791917421582545E-003
   5.0946508326590693E-002   2.9807907241827317E-003
   7.6419762489886037E-002   4.5106860018675581E-003
  0.10189301665318139        5.9795417317731504E-003
  0.12736627081647672        7.2790270472080643E-003
  0.15283952497977207        8.3221682201673787E-003
  0.17831277914306742        9.0602549475715388E-003
  0.20378603330636277        9.4796450176519078E-003
  0.22925928746965812        9.5907835940434571E-003
  0.25473254163295345        9.4175681970999556E-003
  0.28020579579624882        8.9897584933460589E-003
  0.30567904995954415        8.3383942418837169E-003
  0.33115230412283952        7.4933834104539652E-003
  0.35662555828613485        6.4824406916237634E-003
  0.38209881244943023        5.3307881321757004E-003
  0.40757206661272555        4.0612492040870115E-003
  0.43304532077602087        2.6945236459811075E-003
  0.45851857493931625        1.2495284462486543E-003
  0.48399182910261157       -2.5625213366019110E-004
  0.50946508326590689       -1.8064323930812220E-003
  0.53493833742920227       -3.3854144404182780E-003
  0.56041159159249765       -4.9780994226558701E-003
  0.58588484575579303       -6.5696148159259090E-003
  0.61135809991908829       -8.1450496900583001E-003
  0.63683135408238367       -9.6891888205711072E-003
  0.66230460824567905       -1.1186236016752671E-002
  0.68777786240897432       -1.2619516863464325E-002
  0.71325111657226969       -1.3971151362345034E-002
  0.73872437073556507       -1.5221688202665177E-002
  0.76419762489886045       -1.6349695644892848E-002
  0.78967087906215572       -1.7331311214548190E-002
  0.81514413322545110       -1.8139767035087677E-002
  0.84061738738874647       -1.8744935530713065E-002
  0.86609064155204174       -1.9112990793819864E-002
  0.89156389571533712       -1.9206367833557520E-002
  0.91703714987863250       -1.8984341419471942E-002
  0.94251040404192787       -1.8404746410833211E-002
  0.96798365820522314       -1.7427588634080549E-002
  0.99345691236851852       -1.6021392187420127E-002
   1.0189301665318138       -1.4172679835449497E-002
   1.0444034206951092       -1.1897257283906809E-002
   1.0698766748584045       -9.2485107779743392E-003
   1.0953499290216999       -6.3151200687483078E-003
   1.1208231831849953       -3.2044441229824670E-003
   1.1462964373482907        0.0000000000000000     
   0.0000000000000000       -0.0000000000000000     
   2.5662681363159568E-002   1.9824473468267722E-003
   5.1325362726319136E-002   3.9447796102670303E-003
   7.6988044089478708E-002   5.8560078401421901E-003
  0.10265072545263827        7.6027832313898779E-003
  0.12831340681579784        9.0722133349455166E-003
  0.15397608817895742        1.0188891422460246E-002
  0.17963876954211697        1.0923336279374253E-002
  0.20530145090527654        1.1281701622833032E-002
  0.23096413226843612        1.1291177565486699E-002
  0.25662681363159567        1.0988410120161054E-002
  0.28228949499475525        1.0412286319623903E-002
  0.30795217635791483        9.6001424022069421E-003
  0.33361485772107441        8.5861318623094169E-003
  0.35927753908423393        7.4007916831870350E-003
  0.38494022044739351        6.0712033895043167E-003
  0.41060290181055309        4.6214085811797636E-003
  0.43626558317371267        3.0729021227957824E-003
  0.46192826453687225        1.4451192653587473E-003
  0.48759094590003177       -2.4411706980747888E-004
  0.51325362726319135       -1.9781971826161359E-003
  0.53891630862635098       -3.7413697974797611E-003
  0.56457898998951050       -5.5184223106624630E-003
  0.59024167135267003       -7.2943846827197810E-003
  0.61590435271582966       -9.0542448360496457E-003
  0.64156703407898918       -1.0782663094757882E-002
  0.66722971544214882       -1.2463672828842889E-002
  0.69289239680530834       -1.4080353867342660E-002
  0.71855507816846786       -1.5614464490552399E-002
  0.74421775953162750       -1.7046017246352404E-002
  0.76988044089478702       -1.8352784262574216E-002
  0.79554312225794666       -1.9509720775644796E-002
  0.82120580362110618       -2.0488304394196754E-002
  0.84686848498426570       -2.1255807969295173E-002
  0.87253116634742534       -2.1774566172118887E-002
  0.89819384771058486       -2.2001377316343770E-002
  0.92385652907374449       -2.1887328872343879E-002
  0.94951921043690402       -2.1378579061855096E-002
  0.97518189180006354       -2.0418981002862921E-002
   1.0008445731632232       -1.8955815453074246E-002
   1.0265072545263827       -1.6949941602021169E-002
   1.0521699358895422       -1.4390501304820336E-002
   1.0778326172527020       -1.1310752116560610E-002
   1.1034952986158615       -7.7968005300120278E-003
   1.1291579799790210       -3.9805299954556025E-003
   1.1548206613421805        0.0000000000000000     
   0.0000000000000000       -0.0000000000000000     
   2.5832475104365794E-002   2.4534847062483807E-003
   5.1664950208731589E-002   4.8411642337684510E-003
   7.7497425313097390E-002   7.0947161796534944E-003
  0.10332990041746318        9.0802686916482394E-003
  0.12916237552182896        1.0685304793000196E-002
  0.15499485062619478        1.1849664142124652E-002
  0.18082732573056057        1.2564462859189312E-002
  0.20665980083492635        1.2855170423724888E-002
  0.23249227593929214        1.2764302911256058E-002
  0.25832475104365793        1.2339600111555360E-002
  0.28415722614802374        1.1627559279541106E-002
  0.30998970125238956        1.0670570007901949E-002
  0.33582217635675532        9.5060735654144638E-003
  0.36165465146112113        8.1667171378934297E-003
  0.38748712656548689        6.6809229188803214E-003
  0.41331960166985271        5.0735764550122785E-003
  0.43915207677421852        3.3666985003111267E-003
  0.46498455187858428        1.5800478939517510E-003
  0.49081702698295010       -2.6835641659700210E-004
  0.51664950208731586       -2.1617878084007731E-003
  0.54248197719168167       -4.0844252616793735E-003
  0.56831445229604749       -6.0210117688479616E-003
  0.59414692740041330       -7.9565421077044916E-003
  0.61997940250477912       -9.8759646953089988E-003
  0.64581187760914482       -1.1763882516041048E-002
  0.67164435271351064       -1.3604237842070002E-002
  0.69747682781787645       -1.5379964496002919E-002
  0.72330930292224227       -1.7072589749127107E-002
  0.74914177802660809       -1.8661765792707875E-002
  0.77497425313097379       -2.0124708599155050E-002
  0.80080672823533960       -2.1435521134358849E-002
  0.82663920333970542       -2.2564380918673715E-002
  0.85247167844407123       -2.3476584185571862E-002
  0.87830415354843705       -2.4131470714141439E-002
  0.90413662865280275       -2.4481324014870746E-002
  0.92996910375716857       -2.4470484213804870E-002
  0.95580157886153438       -2.4035176586911206E-002
  0.98163405396590020       -2.3105005020017597E-002
   1.0074665290702660       -2.1607686387146198E-002
   1.0332990041746317       -1.9479154269508452E-002
   1.0591314792789976       -1.6680729431001070E-002
   1.0849639543833633       -1.3221875345143203E-002
   1.1107964294877291       -9.1807353186808063E-003
   1.1366289045920950       -4.7093128529105358E-003
   1.1624613796964607        0.0000000000000000     
   0.0000000000000000        7.1572800416662375E-019
   2.5984562705873657E-002   2.8907536472270413E-003
   5.1969125411747315E-002   5.6680869617510184E-003
   7.7953688117620976E-002   8.2268424607006303E-003
  0.10393825082349463        1.0416205148546270E-002
  0.12992281352936830        1.2128163745740880E-002
  0.15590737623524195        1.3320281108993205E-002
  0.18189193894111561        1.4004629903648464E-002
  0.20787650164698926        1.4224954984038599E-002
  0.23386106435286291        1.4037520461104550E-002
  0.25984562705873659        1.3499593376408195E-002
  0.28583018976461022        1.2663962766649467E-002
  0.31181475247048390        1.1577052164606493E-002
  0.33779931517635753        1.0278839150087458E-002
  0.36378387788223121        8.8035421584916305E-003
  0.38976844058810484        7.1805432745258831E-003
  0.41575300329397852        5.4353047253567236E-003
  0.44173756599985220        3.5901855344955434E-003
  0.46772212870572583        1.6651355379473168E-003
  0.49370669141159951       -3.2172537206719387E-004
  0.51969125411747319       -2.3536236092588014E-003
  0.54567581682334676       -4.4147220842014109E-003
  0.57166037952922044       -6.4897632649273717E-003
  0.59764494223509412       -8.5637458850118617E-003
  0.62362950494096780       -1.0621617586688684E-002
  0.64961406764684149       -1.2647966555316961E-002
  0.67559863035271506       -1.4626695000086875E-002
  0.70158319305858874       -1.6540656048807577E-002
  0.72756775576446242       -1.8371233199788888E-002
  0.75355231847033610       -2.0097837948534227E-002
  0.77953688117620967       -2.1697296847279304E-002
  0.80552144388208335       -2.3143094875135557E-002
  0.83150600658795704       -2.4404439624161018E-002
  0.85749056929383072       -2.5445115042801399E-002
  0.88347513199970440       -2.6222114097797726E-002
  0.90945969470557797       -2.6684096460553065E-002
  0.93544425741145165       -2.6769847843798690E-002
  0.96142882011732533       -2.6407187687903795E-002
  0.98741338282319902       -2.5513278886152367E-002
   1.0133979455290727       -2.3998123252145065E-002
   1.0393825082349464       -2.1774065704621377E-002
   1.0653670709408201       -1.8774549737424338E-002
   1.0913516336466935       -1.4982968678566683E-002
   1.1173361963525672       -1.0465198662237824E-002
   1.1433207590584409       -5.3890751483968002E-003
   1.1693053217643146        0.0000000000000000     
   0.0000000000000000       -0.0000000000000000     
   2.6120750258631177E-002   3.2937323638729749E-003
   5.2241500517262354E-002   6.4256160756395488E-003
   7.8362250775893538E-002   9.2548835477068974E-003
  0.10448300103452471        1.1617214290096231E-002
  0.13060375129315588        1.3412378014253636E-002
  0.15672450155178708        1.4617116070055244E-002
  0.18284525181041825        1.5264091429160707E-002
  0.20896600206904942        1.5413970350369382E-002
  0.23508675232768059        1.5135178563302969E-002
  0.26120750258631176        1.4493092839041726E-002
  0.28732825284494296        1.3545675668135002E-002
  0.31344900310357415        1.2342559418206136E-002
  0.33956975336220530        1.0925671935911676E-002
  0.36569050362083649        9.3303955251093119E-003
  0.39181125387946764        7.5867921414793605E-003
  0.41793200413809883        5.7207090103680251E-003
  0.44405275439673003        3.7547120011649422E-003
  0.47017350465536117        1.7088511678078320E-003
  0.49629425491399237       -3.9871629505513893E-004
  0.52241500517262351       -2.5512156259332049E-003
  0.54853575543125477       -4.7328280525959186E-003
  0.57465650568988591       -6.9283231330544643E-003
  0.60077725594851705       -9.1227279341527141E-003
  0.62689800620714831       -1.1301013459783318E-002
  0.65301875646577945       -1.3447779908443060E-002
  0.67913950672441059       -1.5546922190241697E-002
  0.70526025698304173       -1.7581255574613500E-002
  0.73138100724167299       -1.9532078265317363E-002
  0.75750175750030413       -2.1378643007043424E-002
  0.78362250775893527       -2.3097503530966148E-002
  0.80974325801756653       -2.4661694146964994E-002
  0.83586400827619767       -2.6039693495170890E-002
  0.86198475853482881       -2.7194120121353665E-002
  0.88810550879346006       -2.8080116949231779E-002
  0.91422625905209121       -2.8643423207620790E-002
  0.94034700931072235       -2.8818245836149843E-002
  0.96646775956935360       -2.8525304413913148E-002
  0.99258850982798474       -2.7670964966148417E-002
   1.0187092600866159       -2.6149367149250938E-002
   1.0448300103452470       -2.3850931065222486E-002
   1.0709507606038782       -2.0681940510430850E-002
   1.0970715108625095       -1.6598584443104573E-002
   1.1231922611211407       -1.1651235881496889E-002
   1.1493130113797718       -6.0196126355499240E-003
   1.1754337616384030        0.0000000000000000     
   0.0000000000000000       -0.0000000000000000     
   2.6242708135275992E-002   3.6626936259617814E-003
   5.2485416270551984E-002   7.1152525524045308E-003
   7.8728124405827979E-002   1.0183044873918750E-002
  0.10497083254110397        1.2691390288050795E-002
  0.13121354067637997        1.4550293971654029E-002
  0.15745624881165596        1.5756308303897636E-002
  0.18369895694693195        1.6361829634564534E-002
  0.20994166508220793        1.6442950292094912E-002
  0.23618437321748392        1.6078749062117717E-002
  0.26242708135275994        1.5341464514954063E-002
  0.28866978948803590        1.4293297673407871E-002
  0.31491249762331192        1.2986426522886068E-002
  0.34115520575858788        1.1464273045039814E-002
  0.36739791389386389        9.7630750653866887E-003
  0.39364062202913985        7.9133677643397262E-003
  0.41988333016441587        5.9412452602739816E-003
  0.44612603829969188        3.8693877906005149E-003
  0.47236874643496785        1.7178832776763187E-003
  0.49861145457024386       -4.9511638681875789E-004
  0.52485416270551988       -2.7528650905722027E-003
  0.55109687084079584       -5.0395841527850517E-003
  0.57733957897607180       -7.3400872687784087E-003
  0.60358228711134776       -9.6394446524627683E-003
  0.62982499524662383       -1.1922665340329782E-002
  0.65606770338189979       -1.4174378108524045E-002
  0.68231041151717575       -1.6378491339817738E-002
  0.70855311965245182       -1.8517810386009501E-002
  0.73479582778772778       -2.0573587348865271E-002
  0.76103853592300374       -2.2524972520868280E-002
  0.78728124405827971       -2.4348328766079213E-002
  0.81352395219355578       -2.6016359895486778E-002
  0.83976666032883174       -2.7496992395133469E-002
  0.86600936846410770       -2.8751939533594520E-002
  0.89225207659938377       -2.9734875536357442E-002
  0.91849478473465973       -3.0389173421953478E-002
  0.94473749286993569       -3.0645253804549195E-002
  0.97098020100521165       -3.0417837379117890E-002
  0.99722290914048772       -2.9603948727809082E-002
   1.0234656172757637       -2.8083627159648239E-002
   1.0497083254110398       -2.5727170103878157E-002
   1.0759510335463156       -2.2414927885772387E-002
   1.1021937416815917       -1.8075642104680094E-002
   1.1284364498168677       -1.2741918297248670E-002
   1.1546791579521436       -6.6018692698315293E-003
   1.1809218660874197        0.0000000000000000     
   0.0000000000000000       -5.9142458127670255E-019
   2.6351966730198888E-002   3.9985044699940740E-003
   5.2703933460397777E-002   7.7395205046778392E-003
   7.9055900190596662E-002   1.1016642504364535E-002
  0.10540786692079555        1.3647601295238260E-002
  0.13175983365099445        1.5554353446116477E-002
  0.15811180038119332        1.6753261941218497E-002
  0.18446376711139223        1.7315292291555484E-002
  0.21081573384159111        1.7330440458404039E-002
  0.23716770057178999        1.6887051718477680E-002
  0.26351966730198889        1.6063146518611817E-002
  0.28987163403218780        1.4924389337122562E-002
  0.31622360076238665        1.3524972231871291E-002
  0.34257556749258555        1.1909456040536042E-002
  0.36892753422278446        1.0114699991510533E-002
  0.39527950095298331        8.1715593086322848E-003
  0.42163146768318222        6.1062750291496909E-003
  0.44798343441338112        3.9415764457319188E-003
  0.47433540114357997        1.6975464893210681E-003
  0.50068736787377888       -6.0769664705839820E-004
  0.52703933460397778       -2.9574546731018152E-003
  0.55339130133417669       -5.3360024380652380E-003
  0.57974326806437559       -7.7282078819483485E-003
  0.60609523479457439       -1.0119192915130892E-002
  0.63244720152477329       -1.2494013070072077E-002
  0.65879916825497220       -1.4837335513198203E-002
  0.68515113498517111       -1.7133094911066574E-002
  0.71150310171537001       -1.9364104654916014E-002
  0.73785506844556892       -2.1511596862739499E-002
  0.76420703517576771       -2.3554658058171342E-002
  0.79055900190596662       -2.5469518040402903E-002
  0.81691096863616552       -2.7228636865845698E-002
  0.84326293536636443       -2.8799519273632411E-002
  0.86961490209656334       -3.0143169232937993E-002
  0.89596686882676224       -3.1212085915709356E-002
  0.92231883555696115       -3.1947713088757497E-002
  0.94867080228715994       -3.2277326729845415E-002
  0.97502276901735885       -3.2110569026368788E-002
   1.0013747357475578       -3.1336389932950855E-002
   1.0277267024777565       -2.9822350075606237E-002
   1.0540786692079556       -2.7420440212651449E-002
   1.0804306359381544       -2.3986608411339424E-002
   1.1067826026683534       -1.9422568967553931E-002
   1.1331345693985522       -1.3741731171539335E-002
   1.1594865361287512       -7.1376276941938479E-003
   1.1858385028589500        0.0000000000000000     
   0.0000000000000000       -0.0000000000000000     
   2.6449918554133731E-002   4.3024584059699368E-003
   5.2899837108267463E-002   8.3016349448379878E-003
   7.9349755662401197E-002   1.1761642179794550E-002
  0.10579967421653493        1.4494985732457470E-002
  0.13224959277066867        1.6436656182710115E-002
  0.15869951132480239        1.7622361030071452E-002
  0.18514942987893612        1.8140300453002051E-002
  0.21159934843306985        1.8092896200992324E-002
  0.23804926698720358        1.7576513139840481E-002
  0.26449918554133733        1.6674028976435447E-002
  0.29094910409547103        1.5453931826380059E-002
  0.31739902264960479        1.3972001861420771E-002
  0.34384894120373849        1.2273661314471291E-002
  0.37029885975787225        1.0396212272759485E-002
  0.39674877831200595        8.3707158656337894E-003
  0.42319869686613970        6.2234873310440626E-003
  0.44964861542027346        3.9772587610698747E-003
  0.47609853397440716        1.6520786814978917E-003
  0.50254845252854086       -7.3398714938033532E-004
  0.52899837108267467       -3.1643002873482833E-003
  0.55544828963680837       -5.6231970137196599E-003
  0.58189820819094207       -8.0956050443503312E-003
  0.60834812674507577       -1.0566702417822652E-002
  0.63479804529920958       -1.3021595540115196E-002
  0.66124796385334328       -1.5444995311686032E-002
  0.68769788240747698       -1.7820870179065168E-002
  0.71414780096161079       -2.0132052791736178E-002
  0.74059771951574449       -2.2359772469328115E-002
  0.76704763806987819       -2.4483078452692854E-002
  0.79349755662401189       -2.6478108309788456E-002
  0.81994747517814570       -2.8317141224018412E-002
  0.84639739373227940       -2.9967356881776600E-002
  0.87284731228641310       -3.1389198358131240E-002
  0.89929723084054691       -3.2534216811597710E-002
  0.92574714939468061       -3.3342272030556327E-002
  0.95219706794881431       -3.3738014690105525E-002
  0.97864698650294801       -3.3626774354121911E-002
   1.0050969050570817       -3.2890517243244786E-002
   1.0315468236112155       -3.1385786765649938E-002
   1.0579967421653493       -2.8948019162334464E-002
   1.0844466607194829       -2.5410446420780969E-002
   1.1108965792736167       -2.0648644174657733E-002
   1.1373464978277505       -1.4656083733013508E-002
   1.1637964163818841       -7.6292536367061296E-003
   1.1902463349360179        0.0000000000000000     
   0.0000000000000000       -5.3389457474133838E-019
   2.6537824158116789E-002   4.5761377210171029E-003
   5.3075648316233577E-002   8.8052380243111138E-003
   7.9613472474350369E-002   1.2424312305247704E-002
  0.10615129663246715        1.5242599837286264E-002
  0.13268912079058395        1.7208685613567906E-002
  0.15922694494870074        1.8376829634573332E-002
  0.18576476910681752        1.8851060431475549E-002
  0.21230259326493431        1.8744834051540128E-002
  0.23884041742305109        1.8161429588908564E-002
  0.26537824158116791        1.7187795356273353E-002
  0.29191606573928469        1.5894715694602636E-002
  0.31845388989740148        1.4339216904833418E-002
  0.34499171405551826        1.2567365037375258E-002
  0.37152953821363505        1.0616768132538326E-002
  0.39806736237175183        8.5186076810746785E-003
  0.42460518652986862        6.2992199655076096E-003
  0.45114301068798540        3.9813070491942796E-003
  0.47768083484610219        1.5848629528569659E-003
  0.50421865900421903       -8.7211115083861163E-004
  0.53075648316233581       -3.3730438857782312E-003
  0.55729430732045260       -5.9023371952599173E-003
  0.58383213147856938       -8.4449810956832363E-003
  0.61036995563668617       -1.0986211492388855E-002
  0.63690777979480295       -1.3511187365529264E-002
  0.66344560395291974       -1.6004665743692453E-002
  0.68998342811103652       -1.8450652801135361E-002
  0.71652125226915331       -2.0832007104925679E-002
  0.74305907642727009       -2.3129966229771082E-002
  0.76959690058538688       -2.5323560122477815E-002
  0.79613472474350366       -2.7388862951667928E-002
  0.82267254890162045       -2.9298018761401839E-002
  0.84921037305973723       -3.1017954238207822E-002
  0.87574819721785402       -3.2508664539673660E-002
  0.90228602137597080       -3.3720929177581571E-002
  0.92882384553408759       -3.4593297690343944E-002
  0.95536166969220437       -3.5048216234286361E-002
  0.98189949385032116       -3.4987337780666733E-002
   1.0084373180084381       -3.4286577948534076E-002
   1.0349751421665547       -3.2792761512897659E-002
   1.0615129663246716       -3.0326413482570008E-002
   1.0880507904827883       -2.6699784516178049E-002
   1.1145886146409052       -2.1763510707319231E-002
   1.1411264387990219       -1.5490926421854317E-002
   1.1676642629571388       -8.0794899098554605E-003
   1.1942020871152554        0.0000000000000000     
   0.0000000000000000       -0.0000000000000000     
   2.6616820235306305E-002   4.8213026978320929E-003
   5.3233640470612610E-002   9.2541940354953535E-003
   7.9850460705918919E-002   1.3010969188304237E-002
  0.10646728094122522        1.5899179968809584E-002
  0.13308410117653152        1.7881150268856411E-002
  0.15970092141183784        1.9028686780106781E-002
  0.18631774164714413        1.9460236333388940E-002
  0.21293456188245044        1.9299005615082659E-002
  0.23955138211775676        1.8654217202194415E-002
  0.26616820235306304        1.7616222939266311E-002
  0.29278502258836936        1.6257668358504763E-002
  0.31940184282367567        1.4636550391313459E-002
  0.34601866305898199        1.2799407379803392E-002
  0.37263548329428825        1.0784047661688449E-002
  0.39925230352959457        8.6217085469511984E-003
  0.42586912376490088        6.3387082921292741E-003
  0.45248594400020720        3.9576955905371112E-003
  0.47910276423551351        1.4985963168190693E-003
  0.50571958447081977       -1.0206606104614115E-003
  0.53233640470612609       -3.5835748957382778E-003
  0.55895322494143240       -6.1746159616447634E-003
  0.58557004517673872       -8.7788367008622466E-003
  0.61218686541204503       -1.1381530889824592E-002
  0.63880368564735135       -1.3967910055571377E-002
  0.66542050588265766       -1.6522777824198927E-002
  0.69203732611796398       -1.9030179692495770E-002
  0.71865414635327018       -2.1473003725740139E-002
  0.74527096658857650       -2.3832502591704122E-002
  0.77188778682388282       -2.6087698988555962E-002
  0.79850460705918913       -2.8214623981708976E-002
  0.82512142729449545       -3.0185319812184919E-002
  0.85173824752980176       -3.1966514102907531E-002
  0.87835506776510808       -3.3517840554815319E-002
  0.90497188800041439       -3.4789444721919000E-002
  0.93158870823572071       -3.5718783760062170E-002
  0.95820552847102702       -3.6226440996925388E-002
  0.98482234870633334       -3.6210920829749395E-002
   1.0114391689416395       -3.5542883269247177E-002
   1.0380559891769459       -3.4060577253309438E-002
   1.0646728094122522       -3.1571128033590745E-002
   1.0912896296475585       -2.7867515708992204E-002
   1.1179064498828648       -2.2776822539255309E-002
   1.1445232701181711       -1.6252459247559876E-002
   1.1711400903534774       -8.4912943164252921E-003
   1.1977569105887838        0.0000000000000000     
   0.0000000000000000       -0.0000000000000000     
   2.6687928821408521E-002   5.0398042553028476E-003
   5.3375857642817041E-002   9.6524335935918130E-003
   8.0063786464225559E-002   1.3527795327105106E-002
  0.10675171528563408        1.6472990223260063E-002
  0.13343964410704259        1.8463905278540943E-002
  0.16012757292845112        1.9588761329835717E-002
  0.18681550174985964        1.9979054776268199E-002
  0.21350343057126817        1.9766575330929102E-002
  0.24019135939267669        1.9065641594144069E-002
  0.26687928821408519        1.7969443900006418E-002
  0.29356721703549371        1.6552129342090726E-002
  0.32025514585690223        1.4872442513747433E-002
  0.34694307467831076        1.2977257960127751E-002
  0.37363100349971928        1.0904502162246877E-002
  0.40031893232112781        8.6854191719908051E-003
  0.42700686114253633        6.3462803120023902E-003
  0.45369478996394486        3.9096642694950515E-003
  0.48038271878535338        1.3954196001647236E-003
  0.50707064760676190       -1.1786016697310281E-003
  0.53375857642817037       -3.7959722203398899E-003
  0.56044650524957895       -6.4412292177066658E-003
  0.58713443407098742       -9.0994877772096385E-003
  0.61382236289239600       -1.1756098468189514E-002
  0.64051029171380447       -1.4396324254482623E-002
  0.66719822053521305       -1.7005014602125418E-002
  0.69388614935662152       -1.9566254388522136E-002
  0.72057407817803010       -2.2062962695232158E-002
  0.74726200699943857       -2.4476411228973569E-002
  0.77394993582084715       -2.6785623319568373E-002
  0.80063786464225561       -2.8966601129018180E-002
  0.82732579346366419       -3.0991309418937883E-002
  0.85401372228507266       -3.2826317287351907E-002
  0.88070165110648113       -3.4430963487205798E-002
  0.90738957992788971       -3.5754867656337092E-002
  0.93407750874929818       -3.6734568721290307E-002
  0.96076543757070676       -3.7289065443381876E-002
  0.98745336639211523       -3.7314152338891356E-002
   1.0141412952135238       -3.6675909623916994E-002
   1.0408292240349324       -3.5205009468684371E-002
   1.0675171528563407       -3.2696548500807242E-002
   1.0942050816777493       -2.8925875830384438E-002
   1.1208930104991579       -2.3697998118426527E-002
   1.1475809393205665       -1.6946915538477776E-002
   1.1742688681419748       -8.8677152530795139E-003
   1.2009567969633834        0.0000000000000000     
   0.0000000000000000       -0.0000000000000000     
   2.6752066893293881E-002   5.2335165106129648E-003
   5.3504133786587763E-002   1.0003838112256261E-002
   8.0256200679881651E-002   1.3980714432065236E-002
  0.10700826757317553        1.6971732253899821E-002
  0.13376033446646940        1.8965927973548107E-002
  0.16051240135976330        2.0066742911730755E-002
  0.18726446825305718        2.0417423757530043E-002
  0.21401653514635105        2.0157291570481076E-002
  0.24076860203964492        1.9405023740819892E-002
  0.26752066893293880        1.8256170226675833E-002
  0.29427273582623270        1.6786081361316440E-002
  0.32102480271952660        1.5054067911353573E-002
  0.34777686961282045        1.3107231839702400E-002
  0.37452893650611435        1.0983553325826694E-002
  0.40128100339940820        8.7142454930605531E-003
  0.42803307029270210        6.3255111566334630E-003
  0.45478513718599600        3.8398470894086085E-003
  0.48153720407928985        1.2770184238739836E-003
  0.50828927097258370       -1.3452023248189894E-003
  0.53504133786587760       -4.0104613449498429E-003
  0.56179340475917150       -6.7033628471368113E-003
  0.58854547165246540       -9.4090827789164132E-003
  0.61529753854575930       -1.2113026786900247E-002
  0.64204960543905321       -1.4800507519254436E-002
  0.66880167233234700       -1.7456418774703306E-002
  0.69555373922564090       -2.0064883893015945E-002
  0.72230580611893480       -2.2608853128794373E-002
  0.74905787301222870       -2.5069619201462192E-002
  0.77580993990552261       -2.7426211035395064E-002
  0.80256200679881640       -2.9654611721051886E-002
  0.82931407369211030       -3.1726726279700107E-002
  0.85606614058540420       -3.3608995858469409E-002
  0.88281820747869810       -3.5260515671861226E-002
  0.90957027437199200       -3.6630464645603697E-002
  0.93632234126528580       -3.7654603302797789E-002
  0.96307440815857970       -3.8250573180593259E-002
  0.98982647505187360       -3.8311823929363560E-002
   1.0165785419451674       -3.7700429894971604E-002
   1.0433306088384613       -3.6240355919136449E-002
   1.0700826757317552       -3.3715901305282514E-002
   1.0968347426250491       -2.9886323773184120E-002
   1.1235868095183430       -2.4536055874942422E-002
   1.1503388764116369       -1.7580406688825483E-002
   1.1770909433049308       -9.2117988678945602E-003
   1.2038430101982247        0.0000000000000000     
   0.0000000000000000       -4.6165732425914869E-019
   2.6810055918277273E-002   5.4042859416823736E-003
   5.3620111836554546E-002   1.0312156666582157E-002
   8.0430167754831819E-002   1.4375309712027592E-002
  0.10724022367310909        1.7402499531291984E-002
  0.13405027959138638        1.9395328885883387E-002
  0.16086033550966364        2.0471252824629874E-002
  0.18767039142794090        2.0784054509013754E-002
  0.21448044734621818        2.0479645523748587E-002
  0.24129050326449547        1.9680421804851887E-002
  0.26810055918277276        1.8483886377804393E-002
  0.29491061510104999        1.6966344237896606E-002
  0.32172067101932728        1.5187523601222008E-002
  0.34853072693760456        1.3194666129787706E-002
  0.37534078285588179        1.1025754621255570E-002
  0.40215083877415908        8.7119420173587796E-003
  0.42896089469243637        6.2793463352577138E-003
  0.45577095061071365        3.7503738369912736E-003
  0.48258100652899094        1.1447022062591177E-003
  0.50939106244726817       -1.5199768603406829E-003
  0.53620111836554551       -4.2273827527089056E-003
  0.56301117428382275       -6.9621854710245137E-003
  0.58982123020209998       -9.7096200048916812E-003
  0.61663128612037732       -1.2455145028999130E-002
  0.64344134203865455       -1.5184120781600481E-002
  0.67025139795693178       -1.7881483463689660E-002
  0.69706145387520912       -2.0531393367921737E-002
  0.72387150979348636       -2.3116831202943867E-002
  0.75068156571176359       -2.5619111345056768E-002
  0.77749162163004093       -2.8017271238235941E-002
  0.80430167754831816       -3.0287281598018110E-002
  0.83111173346659550       -3.2401000612234679E-002
  0.85792178938487273       -3.4324764597516134E-002
  0.88473184530314997       -3.6017465145214936E-002
  0.91154190122142731       -3.7427907985192924E-002
  0.93835195713970454       -3.8491187989681090E-002
  0.96516201305798188       -3.9123775833304647E-002
  0.99197206897625911       -3.9217080572214361E-002
   1.0187821248945363       -3.8629657957302055E-002
   1.0455921808128137       -3.7179519719581909E-002
   1.0724022367310910       -3.4641265194188205E-002
   1.0992122926493682       -3.0759484642377238E-002
   1.1260223485676455       -2.5299511842000313E-002
   1.1528324044859228       -1.8158815269808774E-002
   1.1796424604042000       -9.5265220510370990E-003
   1.2064525163224773        0.0000000000000000     
   0.0000000000000000       -0.0000000000000000     
   2.6862631076307927E-002   5.5538941215045583E-003
   5.3725262152615853E-002   1.0580948418758196E-002
   8.0587893228923776E-002   1.4716774546814384E-002
  0.10745052430523171        1.7771762608707838E-002
  0.13431315538153962        1.9759384880436472E-002
  0.16117578645784755        2.0809924293298674E-002
  0.18803841753415548        2.1086579667518493E-002
  0.21490104861046341        2.0741015361696664E-002
  0.24176367968677134        1.9898790033960573E-002
  0.26862631076307925        1.8659013639491195E-002
  0.29548894183938718        1.7098737582642909E-002
  0.32235157291569511        1.5277984705490102E-002
  0.34921420399200304        1.3244064924619894E-002
  0.37607683506831097        1.1034922667399739E-002
  0.40293946614461890        8.6816276439811695E-003
  0.42980209722092683        6.2102005680407272E-003
  0.45666472829723476        3.6429508863682482E-003
  0.48352735937354269        9.9946618269218155E-004
  0.51038999044985056       -1.7026431590901722E-003
  0.53725262152615849       -4.4471689493582661E-003
  0.56411525260246642       -7.2188454468628278E-003
  0.59097788367877435       -1.0002964724096347E-002
  0.61784051475508228       -1.2785036307611611E-002
  0.64470314583139021       -1.5550465793725356E-002
  0.67156577690769814       -1.8284229654358497E-002
  0.69842840798400607       -2.0970523298503626E-002
  0.72529103906031400       -2.3592356630004366E-002
  0.75215367013662193       -2.6131065446211493E-002
  0.77901630121292986       -2.8565697220540125E-002
  0.80587893228923779       -3.0872214738235135E-002
  0.83274156336554572       -3.3022438699877484E-002
  0.85960419444185365       -3.4982618105231282E-002
  0.88646682551816158       -3.6711472034370328E-002
  0.91332945659446951       -3.8157486757375916E-002
  0.94019208767077744       -3.9255182789377507E-002
  0.96705471874708537       -3.9920013207869226E-002
  0.99391734982339330       -4.0041600609910889E-002
   1.0207799808997011       -3.9475395932290477E-002
   1.0476426119760092       -3.8034110561084467E-002
   1.0745052430523170       -3.5483616106402049E-002
   1.1013678741286250       -3.1555136982211449E-002
   1.1282305052049328       -2.5996323450668657E-002
   1.1550931362812409       -1.8687725776690867E-002
   1.1819557673575487       -9.8147461524740968E-003
   1.2088183984338567        0.0000000000000000     
   0.0000000000000000       -0.0000000000000000     
   2.6910449991589130E-002   5.6840313437224428E-003
   5.3820899983178259E-002   1.0813544850804116E-002
   8.0731349974767386E-002   1.5009886911621247E-002
  0.10764179996635652        1.8085375367624990E-002
  0.13455224995794565        2.0064585130137917E-002
  0.16146269994953477        2.1089485185147566E-002
  0.18837314994112392        2.1331663995706192E-002
  0.21528359993271304        2.0947794960481207E-002
  0.24219404992430216        2.0066116566949798E-002
  0.26910449991589130        1.8787049913042003E-002
  0.29601494990748045        1.7188217240440683E-002
  0.32292539989906954        1.5329833682134570E-002
  0.34983584989065869        1.3259218544142626E-002
  0.37674629988224784        1.1014244509332027E-002
  0.40365674987383693        8.6258795594464106E-003
  0.43056719986542608        6.1200372848074459E-003
  0.45747764985701522        3.5189255660399692E-003
  0.48438809984860431        8.4204010651246970E-004
  0.51129854984019352       -1.8930900542983584E-003
  0.53820899983178261       -4.6703281449334191E-003
  0.56511944982337170       -7.4744710679396226E-003
  0.59202989981496090       -1.0290866006627786E-002
  0.61894034980654999       -1.3105071175011272E-002
  0.64585079979813909       -1.5902535294533036E-002
  0.67276124978972829       -1.8668272925533986E-002
  0.69967169978131738       -2.1386512609386597E-002
  0.72658214977290647       -2.4040291878199678E-002
  0.75349259976449567       -2.6610967148732002E-002
  0.78040304975608477       -2.9077596460311855E-002
  0.80731349974767386       -3.1416137495355642E-002
  0.83422394973926306       -3.3598380179885076E-002
  0.86113439973085215       -3.5590499468846584E-002
  0.88804484972244124       -3.7351066257154675E-002
  0.91495529971403045       -3.8828290288687103E-002
  0.94186574970561954       -3.9956191912751980E-002
  0.96877619969720863       -4.0649333032392654E-002
  0.99568664968879783       -4.0795762443110506E-002
   1.0225970996803870       -4.0248177757925246E-002
   1.0495075496719761       -3.8814553983891366E-002
   1.0764179996635652       -3.6252892326376983E-002
   1.1033284496551543       -3.2282230053794075E-002
   1.1302388996467434       -2.6633866972571429E-002
   1.1571493496383325       -1.9172384125334320E-002
   1.1840597996299218       -1.0079187017652182E-002
   1.2109702496215109        0.0000000000000000     
   0.0000000000000000        4.3438436317460814E-019
   2.6954100886998015E-002   5.7962788194900047E-003
   5.3908201773996030E-002   1.1013027040415926E-002
   8.0862302660994048E-002   1.5259000796973683E-002
  0.10781640354799206        1.8348594851504110E-002
  0.13477050443499008        2.0316683520656707E-002
  0.16172460532198810        2.1315838845505884E-002
  0.18867870620898611        2.1525105730084523E-002
  0.21563280709598412        2.1105507493682840E-002
  0.24258690798298213        2.0187542231852901E-002
  0.26954100886998017        1.8872688287706486E-002
  0.29649510975697818        1.7238989653066587E-002
  0.32344921064397619        1.5346767629437635E-002
  0.35040331153097420        1.3243301765263032E-002
  0.37735741241797222        1.0966365352837930E-002
  0.40431151330497023        8.5468094649565965E-003
  0.43126561419196824        6.0104326216366818E-003
  0.45821971507896625        3.3793374018463631E-003
  0.48517381596596426        6.7292635799260617E-004
  0.51212791685296233       -2.0913526320728570E-003
  0.53908201773996034       -4.8974331672284330E-003
  0.56603611862695835       -7.7301732260173237E-003
  0.59299021951395636       -1.0574973222064849E-002
  0.61994432040095437       -1.3417437995894409E-002
  0.64689842128795239       -1.6243057250201066E-002
  0.67385252217495040       -1.9036881499210019E-002
  0.70080662306194841       -2.1783170406065706E-002
  0.72776072394894642       -2.4464987414483302E-002
  0.75471482483594443       -2.7063708412241400E-002
  0.78166892572294244       -2.9558401880824842E-002
  0.80862302660994045       -3.1925022068156561E-002
  0.83557712749693847       -3.4135332883171277E-002
  0.86253122838393648       -3.6155445280299355E-002
  0.88948532927093449       -3.7943801030320412E-002
  0.91643943015793250       -3.9448367760572998E-002
  0.94339353104493051       -4.0602726133367684E-002
  0.97034763193192852       -4.1320651423493004E-002
  0.99730173281892653       -4.1488796859479017E-002
   1.0242558337059247       -4.0957405391195419E-002
   1.0512099345929227       -3.9530202154311030E-002
   1.0781640354799207       -3.6958070895972688E-002
   1.1051181363669187       -3.2948920857747907E-002
   1.1320722372539167       -2.7218938923750241E-002
   1.1590263381409147       -1.9617678689823680E-002
   1.1859804390279127       -1.0322397631751131E-002
   1.2129345399149107        0.0000000000000000     
   0.0000000000000000       -0.0000000000000000     
   2.6994110126102880E-002   5.8920974774778635E-003
   5.3988220252205760E-002   1.1182214095125917E-002
   8.0982330378308640E-002   1.5468049397905997E-002
  0.10797644050441152        1.8566109294724378E-002
  0.13497055063051439        2.0520753120648848E-002
  0.16196466075661728        2.1494140412730685E-002
  0.18895877088272017        2.1671927773803688E-002
  0.21595288100882304        2.1218904732604276E-002
  0.24294699113492590        2.0267462419285089E-002
  0.26994110126102877        1.8919917330353267E-002
  0.29693521138713169        1.7254607577378980E-002
  0.32392932151323456        1.5331887329557006E-002
  0.35092343163933742        1.3198954721379129E-002
  0.37791754176544035        1.0893460291390987E-002
  0.40491165189154321        8.4461254053974696E-003
  0.43190576201764608        5.8826268345473090E-003
  0.45889987214374894        3.2249587418751676E-003
  0.48589398226985181        4.9242950793801929E-004
  0.51288809239595468       -2.2975939287882470E-003
  0.53988220252205754       -5.1291145653063301E-003
  0.56687631264816052       -7.9870500232650712E-003
  0.59387042277426338       -1.0856852225998007E-002
  0.62086453290036625       -1.3724170741798587E-002
  0.64785864302646912       -1.6574534257131651E-002
  0.67485275315257198       -1.9393027217367052E-002
  0.70184686327867485       -2.2163938449412997E-002
  0.72884097340477771       -2.4870355549105320E-002
  0.75583508353088069       -2.7493672531713094E-002
  0.78282919365698356       -3.0012967758482445E-002
  0.80982330378308642       -3.2404192882425263E-002
  0.83681741390918929       -3.4639089095825866E-002
  0.86381152403529216       -3.6683710925366479E-002
  0.89080563416139502       -3.8496385964590166E-002
  0.91779974428749789       -4.0024867360873337E-002
  0.94479385441360075       -4.1202345504693857E-002
  0.97178796453970362       -4.1941895663956709E-002
  0.99878207466580660       -4.2128925055448720E-002
   1.0257761847919094       -4.1611475743680293E-002
   1.0527702949180122       -4.0189442045764398E-002
   1.0797644050441151       -3.7607249124355091E-002
   1.1067585151702182       -3.3562623444787845E-002
   1.1337526252963210       -2.7757774061315355E-002
   1.1607467354224239       -2.0028137147910588E-002
   1.1877408455485268       -1.0546760320248478E-002
   1.2147349556746296        0.0000000000000000     
   0.0000000000000000       -0.0000000000000000     
   2.7030949141648122E-002   5.9728217191759077E-003
   5.4061898283296245E-002   1.1323659615085163E-002
   8.1092847424944367E-002   1.5640556069842746E-002
  0.10812379656659249        1.8742070451137439E-002
  0.13515474570824060        2.0681239799957681E-002
  0.16218569484988873        2.1628867101048263E-002
  0.18921664399153687        2.1776458633433131E-002
  0.21624759313318498        2.1292053133367683E-002
  0.24327854227483309        2.0309613975914270E-002
  0.27030949141648120        1.8932105603195949E-002
  0.29734044055812936        1.7238049982867730E-002
  0.32437138969977747        1.5287770969724772E-002
  0.35140233884142558        1.3128349372662754E-002
  0.37843328798307374        1.0797292780555030E-002
  0.40546423712472185        8.3251817259145169E-003
  0.43249518626636996        5.7375653673849367E-003
  0.45952613540801807        3.0563266683741744E-003
  0.48655708454966617        3.0067887794981671E-004
  0.51358803369131434       -2.5120918665135932E-003
  0.54061898283296239       -5.3660571467258897E-003
  0.56764993197461056       -8.2461929873883302E-003
  0.59468088111625872       -1.1138001304130922E-002
  0.62171183025790677       -1.4027174692457799E-002
  0.64874277939955494       -1.6899279006170113E-002
  0.67577372854120310       -1.9739430749964842E-002
  0.70280467768285115       -2.2531946059518526E-002
  0.72983562682449932       -2.5259934951016923E-002
  0.75686657596614748       -2.7904808132049048E-002
  0.78389752510779553       -3.0445652998863149E-002
  0.81092847424944370       -3.2858418858544583E-002
  0.83795942339109175       -3.5114826396859034E-002
  0.86499037253273992       -3.7180879379705489E-002
  0.89202132167438808       -3.9014802931503223E-002
  0.91905227081603613       -4.0564157934924620E-002
  0.94608321995768430       -4.1761784936360527E-002
  0.97311416909933235       -4.2520131046453524E-002
   1.0001451182409806       -4.2723483025312085E-002
   1.0271760673826287       -4.2217897600758836E-002
   1.0542070165242767       -4.0799798595441722E-002
   1.0812379656659248       -3.8207727092815419E-002
   1.1082689148075731       -3.4130065201267962E-002
   1.1352998639492211       -2.8256074444650212E-002
   1.1623308130908692       -2.0407934644446710E-002
   1.1893617622325174       -1.0754486043690193E-002
   1.2163927113741655        0.0000000000000000     
   0.0000000000000000       -0.0000000000000000     
   2.7065040771596067E-002   6.0396567688993669E-003
   5.4130081543192134E-002   1.1439653687835755E-002
   8.1195122314788204E-002   1.5779650009713413E-002
  0.10826016308638427        1.8880127433655299E-002
  0.13532520385798033        2.0802013082966732E-002
  0.16239024462957641        2.1723881664153101E-002
  0.18945528540117246        2.1842403380637573E-002
  0.21652032617276853        2.1328407845588048E-002
  0.24358536694436461        2.0317148856857228E-002
  0.27065040771596066        1.8912072523992959E-002
  0.29771544848755671        1.7191788431852074E-002
  0.32478048925915282        1.5216534889646216E-002
  0.35184553003074887        1.3033243834413814E-002
  0.37891057080234491        1.0679262007296847E-002
  0.40597561157394102        8.1850191067970868E-003
  0.43304065234553707        5.5759312868906459E-003
  0.46010569311713312        2.8737676415647138E-003
  0.48717073388872922        9.7645252899359431E-005
  0.51423577466032522       -2.7352305760968030E-003
  0.54130081543192132       -5.6089994136750455E-003
  0.56836585620351743       -8.5086946777737579E-003
  0.59543089697511342       -1.1419866988115266E-002
  0.62249593774670953       -1.4328250485356660E-002
  0.64956097851830563       -1.7219446574325566E-002
  0.67662601928990163       -2.0078602120236089E-002
  0.70369106006149773       -2.2890058845714302E-002
  0.73075610083309384       -2.5636947528186273E-002
  0.75782114160468983       -2.8300694110402105E-002
  0.78488618237628593       -3.0860394005264635E-002
  0.81195122314788204       -3.3291994004095826E-002
  0.83901626391947803       -3.5567195675743617E-002
  0.86608130469107414       -3.7651956211574987E-002
  0.89314634546267024       -3.9504407404259999E-002
  0.92021138623426624       -4.1071935713277288E-002
  0.94727642700586234       -4.2287064915799144E-002
  0.97434146777745845       -4.3061673565797834E-002
   1.0014065085490544       -4.3279033338357281E-002
   1.0284715493206504       -4.2783398505437414E-002
   1.0555365900922467       -4.1368031544085838E-002
   1.0826016308638426       -3.8766088522321697E-002
   1.1096666716354386       -3.4657346405287982E-002
   1.1367317124070349       -2.8719045487517886E-002
   1.1637967531786308       -2.0760909822527648E-002
   1.1908617939502268       -1.0947618838849132E-002
   1.2179268347218231        0.0000000000000000     
   0.0000000000000000       -0.0000000000000000     
   2.7096765037968481E-002   6.0936785007053669E-003
   5.4193530075936962E-002   1.1532228433390836E-002
   8.1290295113905439E-002   1.5888084360902100E-002
  0.10838706015187392        1.8983460080426898E-002
  0.13548382518984239        2.0886413009373862E-002
  0.16258059022781088        2.1782488703296594E-002
  0.18967735526577936        2.1872905105748856E-002
  0.21677412030374785        2.1330875727567301E-002
  0.24387088534171633        2.0292696041687295E-002
  0.27096765037968479        1.8862147318647240E-002
  0.29806441541765327        1.7117841801125671E-002
  0.32516118045562176        1.5119883218770780E-002
  0.35225794549359024        1.2915026355684747E-002
  0.37935471053155873        1.0540440819904609E-002
  0.40645147556952721        8.0263961755159402E-003
  0.43354824060749569        5.3981703874690099E-003
  0.46064500564546418        2.6774159610662897E-003
  0.48774177068343266       -1.1684740110298934E-004
  0.51483853572140115       -2.9674954977616879E-003
  0.54193530075936958       -5.8587355388964625E-003
  0.56903206579733812       -8.7756575793853132E-003
  0.59612883083530654       -1.1703859898482261E-002
  0.62322559587327508       -1.4629116928204899E-002
  0.65032236091124351       -1.7537064216686934E-002
  0.67741912594921205       -2.0412877474339761E-002
  0.70451589098718048       -2.3240922438260727E-002
  0.73161265602514902       -2.6004349087665583E-002
  0.75870942106311745       -2.8684597166586934E-002
  0.78580618610108599       -3.1260768987896564E-002
  0.81290295113905442       -3.3708808361082622E-002
  0.83999971617702296       -3.6000398506069856E-002
  0.86709648121499139       -3.8101453065003191E-002
  0.89419324625295982       -3.9970017577056823E-002
  0.92129001129092836       -4.1553318361723372E-002
  0.94838677632889679       -4.2783589440076965E-002
  0.97548354136686533       -4.3572190185633297E-002
   1.0025803064048338       -4.3801465494465251E-002
   1.0296770714428023       -4.3314022039877866E-002
   1.0567738364807708       -4.1900225428828243E-002
   1.0838706015187392       -3.9288278411465240E-002
   1.1109673665567077       -3.5150000539705725E-002
   1.1380641315946762       -2.9151436054800098E-002
   1.1651608966326448       -2.1090586112205698E-002
   1.1922576616706131       -1.1128043890354100E-002
   1.2193544267085816        0.0000000000000000     
   0.0000000000000000       -0.0000000000000000     
   2.7126464412463087E-002   6.1358348280833403E-003
   5.4252928824926175E-002   1.1603165529673755E-002
   8.1379393237389269E-002   1.5968255001333052E-002
  0.10850585764985235        1.9054810437874856E-002
  0.13563232206231543        2.0937292228885386E-002
  0.16275878647477854        2.1807483744136116E-002
  0.18988525088724162        2.1870597389471912E-002
  0.21701171529970470        2.1301868340457785E-002
  0.24413817971216778        2.0238412975447033E-002
  0.27126464412463086        1.8784217487743227E-002
  0.29839110853709394        1.7017820823535108E-002
  0.32551757294955708        1.4999147864275454E-002
  0.35264403736202016        1.2774750336074005E-002
  0.37977050177448324        1.0381605493611255E-002
  0.40689696618694632        7.8498138300003347E-003
  0.43402343059940940        5.2045099385783925E-003
  0.46114989501187248        2.4672268412197799E-003
  0.48827635942433556       -3.4311460453057289E-004
  0.51540282383679870       -3.2094718456193477E-003
  0.54252928824926172       -6.1161196684246157E-003
  0.56965575266172486       -9.0482042759104080E-003
  0.59678221707418788       -1.1991370812706431E-002
  0.62390868148665102       -1.4931432979488124E-002
  0.65103514589911415       -1.7854059270059116E-002
  0.67816161031157718       -2.0744452910781957E-002
  0.70528807472404031       -2.3587002236740762E-002
  0.73241453913650334       -2.6364874983640044E-002
  0.75954100354896648       -2.9059523314248010E-002
  0.78666746796142950       -3.1650055277009530E-002
  0.81379393237389264       -3.4112411024374498E-002
  0.84092039678635566       -3.6418255719894425E-002
  0.86804686119881880       -3.8533461561700427E-002
  0.89517332561128193       -4.0415993247667564E-002
  0.92229979002374496       -4.2012928318680060E-002
  0.94942625443620809       -4.3256233014539291E-002
  0.97655271884867112       -4.4056788309653677E-002
   1.0036791832611343       -4.4296086112445537E-002
   1.0308056476735974       -4.3815216207774822E-002
   1.0579321120860603       -4.2401872708472475E-002
   1.0850585764985234       -3.9779676589453819E-002
   1.1121850409109866       -3.5613053731720433E-002
   1.1393115053234497       -2.9557580530634866E-002
   1.1664379697359128       -2.1400196348878905E-002
   1.1935644341483758       -1.1297498078407230E-002
   1.2206908985608389        0.0000000000000000     
   0.0000000000000000       -0.0000000000000000     
   2.7154448618003920E-002   6.1669479046371038E-003
   5.4308897236007840E-002   1.1654004467007689E-002
   8.1463345854011757E-002   1.6022218687231807E-002
  0.10861779447201568        1.9096511348291240E-002
  0.13577224309001959        2.0957052841508554E-002
  0.16292669170802351        2.1801195136682185E-002
  0.19008114032602744        2.1837648295679281E-002
  0.21723558894403136        2.1243345744020523E-002
  0.24439003756203528        2.0156027557484850E-002
  0.27154448618003918        1.8679767908495685E-002
  0.29869893479804310        1.6892963596601949E-002
  0.32585338341604703        1.4855319966438858E-002
  0.35300783203405095        1.2613161428177436E-002
  0.38016228065205487        1.0203258281876113E-002
  0.40731672927005880        7.6555331049656958E-003
  0.43447117788806272        4.9949717730603744E-003
  0.46162562650606664        2.2429846550707775E-003
  0.48878007512407057       -5.8160801434297836E-004
  0.51593452374207449       -3.4618461897821338E-003
  0.54308897236007836       -6.3820724660372226E-003
  0.57024342097808234       -9.3274889809138155E-003
  0.59739786959608621       -1.2283787202637756E-002
  0.62455231821409019       -1.5236819307413108E-002
  0.65170676683209405       -1.8172285744204947E-002
  0.67886121545009803       -2.1075416109686277E-002
  0.70601566406810190       -2.3930620076506651E-002
  0.73317011268610588       -2.6721081811552035E-002
  0.76032456130410975       -2.9428264581090609E-002
  0.78747900992211373       -3.2031280989766479E-002
  0.81463345854011759       -3.4506066709907919E-002
  0.84178790715812157       -3.6824268772348345E-002
  0.86894235577612544       -3.8951719297592391E-002
  0.89609680439412931       -4.0846306190851375E-002
  0.92325125301213329       -4.2454967152079762E-002
  0.95040570163013716       -4.3709418389977828E-002
  0.97756015024814114       -4.4520095980425466E-002
   1.0047145988661450       -4.4767700211294746E-002
   1.0318690474841490       -4.4291913776333902E-002
   1.0590234961021530       -4.2877950331191711E-002
   1.0861779447201567       -4.0245166840251201E-002
   1.1133323933381607       -3.6051082332060912E-002
   1.1404868419561647       -2.9941441447084910E-002
   1.1676412905741687       -2.1692709330642782E-002
   1.1947957391921724       -1.1457582147763580E-002
   1.2219501878101764        0.0000000000000000     
   0.0000000000000000       -0.0000000000000000     
   2.7180999018365872E-002   6.1877165083146744E-003
   5.4361998036731744E-002   1.1686050516504051E-002
   8.1542997055097613E-002   1.6051709517343884E-002
  0.10872399607346349        1.9110511389886609E-002
  0.13590499509182935        2.0947677655375176E-002
  0.16308599411019523        2.1765518867325678E-002
  0.19026699312856110        2.1775796306983959E-002
  0.21744799214692698        2.1156851744801856E-002
  0.24462899116529285        2.0046871462718163E-002
  0.27180999018365870        1.8549911418740385E-002
  0.29899098920202460        1.6744162909442022E-002
  0.32617198822039045        1.4689073638345408E-002
  0.35335298723875636        1.2430717478917983E-002
  0.38053398625712220        1.0005643422375539E-002
  0.40771498527548811        7.4435871518137567E-003
  0.43489598429385395        4.7693801786109153E-003
  0.46207698331221980        2.0043066922451188E-003
  0.48925798233058571       -8.3291583343458994E-004
  0.51643898134895161       -3.7254110598912839E-003
  0.54361998036731740       -6.6575899329709160E-003
  0.57080097938568330       -9.6147105923617762E-003
  0.59798197840404921       -1.2582510539765031E-002
  0.62516297742241511       -1.5546879859375161E-002
  0.65234397644078090       -1.8493550166326807E-002
  0.67952497545914681       -2.1407776459810117E-002
  0.70670597447751271       -2.4273988641705938E-002
  0.73388697349587850       -2.7075386104526311E-002
  0.76106797251424441       -2.9793441977347682E-002
  0.78824897153261031       -3.2407272246921436E-002
  0.81542997055097621       -3.4892807175790852E-002
  0.84261096956934201       -3.7221675294372661E-002
  0.86979196858770791       -3.9359669409264574E-002
  0.89697296760607381       -4.1264603550325032E-002
  0.92415396662443960       -4.2883282481281593E-002
  0.95133496564280551       -4.4147186552840417E-002
  0.97851596466117141       -4.4966334224075095E-002
   1.0056969636795372       -4.5220684818952604E-002
   1.0328779626979032       -4.4748605520956511E-002
   1.0600589617162690       -4.3332990278371036E-002
   1.0872399607346348       -4.0689201619555165E-002
   1.1144209597530008       -3.6468268125621726E-002
   1.1416019587713666       -3.0306651776759320E-002
   1.1687829577897324       -2.1970857353531877E-002
   1.1959639568080984       -1.1609773876813835E-002
   1.2231449558264642        0.0000000000000000     
   0.0000000000000000        4.3280002385394306E-019
   2.7206372649795994E-002   6.1987180699916884E-003
   5.4412745299591989E-002   1.1700381561566678E-002
   8.1619117949387976E-002   1.6058152873919776E-002
  0.10882549059918398        1.9098395568449378E-002
  0.13603186324897998        2.0910755597940808E-002
  0.16323823589877595        2.1701946335832702E-002
  0.19044460854857195        2.1686378499946722E-002
  0.21765098119836795        2.1043541054899688E-002
  0.24485735384816396        1.9911905344635741E-002
  0.27206372649795996        1.8395411465798522E-002
  0.29927009914775593        1.6571985965406558E-002
  0.32647647179755190        1.4500782531905610E-002
  0.35368284444734793        1.2227601795927110E-002
  0.38088921709714391        9.7887570139367358E-003
  0.40809558974693994        7.2137876674076805E-003
  0.43530196239673591        4.5273648384771244E-003
  0.46250833504653188        1.7506425828443092E-003
  0.48971470769632791       -1.0977669260118829E-003
  0.51692108034612394       -4.0010726181513717E-003
  0.54412745299591991       -6.9437546547428241E-003
  0.57133382564571589       -9.9111275278207494E-003
  0.59854019829551186       -1.2888974732163603E-002
  0.62574657094530783       -1.5863223912857112E-002
  0.65295294359510381       -1.8819637256740546E-002
  0.68015931624489989       -2.1743494368019419E-002
  0.70736568889469587       -2.4619244414669325E-002
  0.73457206154449184       -2.7430100924961058E-002
  0.76177843419428781       -3.0157545725713143E-002
  0.78898480684408379       -3.2780697027662516E-002
  0.81619117949387987       -3.5275478674726642E-002
  0.84339755214367584       -3.7613500092725655E-002
  0.87060392479347182       -3.9760515036594425E-002
  0.89781029744326779       -4.1674265625503533E-002
  0.92501667009306376       -4.3301428864417152E-002
  0.95222304274285985       -4.4573260357815177E-002
  0.97942941539265582       -4.5399382869065606E-002
   1.0066357880424517       -4.5659056109048392E-002
   1.0338421606922479       -4.5189407359729442E-002
   1.0610485333420439       -4.3771144758989515E-002
   1.0882549059918398       -4.1115862640012484E-002
   1.1154612786416358       -3.6868451013740880E-002
   1.1426676512914318       -3.0656556377474331E-002
   1.1698740239412277       -2.2237164097369852E-002
   1.1970803965910237       -1.1755441825207446E-002
   1.2242867692408197        0.0000000000000000     
   0.0000000000000000       -0.0000000000000000     
   2.7230805949990163E-002   6.2004098521396562E-003
   5.4461611899980326E-002   1.1697853043282011E-002
   8.1692417849970486E-002   1.6042676101204453E-002
  0.10892322379996065        1.9061401222442466E-002
  0.13615402974995081        2.0847501003601557E-002
  0.16338483569994097        2.1611585057929008E-002
  0.19061564164993114        2.1570351098024250E-002
  0.21784644759992131        2.0904198612599123E-002
  0.24507725354991147        1.9751736229661150E-002
  0.27230805949990161        1.8216697148647671E-002
  0.29953886544989178        1.6376686816485384E-002
  0.32676967139988194        1.4290529513469954E-002
  0.35400047734987211        1.2003729975022094E-002
  0.38123128329986228        9.5523509418045278E-003
  0.40846208924985244        6.9657258833062700E-003
  0.43569289519984261        4.2683588619976962E-003
  0.46292370114983278        1.4812693524731864E-003
  0.49015450709982294       -1.3770387519383351E-003
  0.51738531304981306       -4.2898615957655609E-003
  0.54461611899980322       -7.2417497516774013E-003
  0.57184692494979339       -1.0218074700893320E-002
  0.59907773089978356       -1.3204666138592639E-002
  0.62630853684977372       -1.6187489138710202E-002
  0.65353934279976389       -1.9152336052340159E-002
  0.68077014874975406       -2.2084510452968765E-002
  0.70800095469974422       -2.4968479948318172E-002
  0.73523176064973439       -2.7787471221248423E-002
  0.76246256659972456       -3.0522973703800742E-002
  0.78969337254971472       -3.3154106692333887E-002
  0.81692417849970489       -3.5656786540490801E-002
  0.84415498444969506       -3.8002602766753046E-002
  0.87138579039968522       -4.0157269909760096E-002
  0.89861659634967539       -4.2078459325703511E-002
  0.92584740229966556       -4.3712723949828607E-002
  0.95307820824965572       -4.4991103100894769E-002
  0.98030901419964589       -4.5822841099206757E-002
   1.0075398201496359       -4.6086531236856382E-002
   1.0347706260996261       -4.5618122392738616E-002
   1.0620014320496163       -4.4196246834994457E-002
   1.0892322379996064       -4.1528917789438791E-002
   1.1164630439495966       -3.7255179275858627E-002
   1.1436938498995868       -3.0994252383557040E-002
   1.1709246558495769       -2.2493972507011462E-002
   1.1981554617995671       -1.1895859394376042E-002
   1.2253862677495573        0.0000000000000000     
   0.0000000000000000       -0.0000000000000000     
   2.7254518240826059E-002   6.1931288555664024E-003
   5.4509036481652118E-002   1.1679100275442191E-002
   8.1763554722478177E-002   1.6006115218179760E-002
  0.10901807296330424        1.9000428583483109E-002
  0.13627259120413029        2.0758766415683052E-002
  0.16352710944495635        2.1495172104784899E-002
  0.19078162768578241        2.1428302337483811E-002
  0.21803614592660847        2.0739251076786522E-002
  0.24529066416743453        1.9566627151963674E-002
  0.27254518240826059        1.8013870709602770E-002
  0.29979970064908668        1.6158211552937972E-002
  0.32705421888991271        1.4058109464517262E-002
  0.35430873713073874        1.1758750265352030E-002
  0.38156325537156482        9.2959307820576313E-003
  0.40881777361239091        6.6987679953563091E-003
  0.43607229185321694        3.9915917295843999E-003
  0.46332681009404297        1.1952818746391229E-003
  0.49058132833486906       -1.6717694148529580E-003
  0.51783584657569515       -4.5929478499890054E-003
  0.54509036481652118       -7.5528759543591357E-003
  0.57234488305734721       -1.0536983125391716E-002
  0.59959940129817335       -1.3531145712367746E-002
  0.62685391953899938       -1.6521366296146863E-002
  0.65410843777982541       -1.9493467164279681E-002
  0.68136295602065144       -2.2432775376644440E-002
  0.70861747426147748       -2.5323776281770200E-002
  0.73587199250230362       -2.8149708835982362E-002
  0.76312651074312965       -3.0892069050069255E-002
  0.79038102898395568       -3.3529976186245890E-002
  0.81763554722478182       -3.6039337981406697E-002
  0.84489006546560785       -3.8391723070148237E-002
  0.87214458370643388       -4.0552806236442897E-002
  0.89939910194725992       -4.2480188506539424E-002
  0.92665362018808595       -4.4120301131207171E-002
  0.95390813842891209       -4.5403973277077514E-002
  0.98116265666973812       -4.6240083961395236E-002
   1.0084171749105642       -4.6506586031207241E-002
   1.0356716931513903       -4.6038298887223036E-002
   1.0629262113922162       -4.4611867336476527E-002
   1.0901807296330424       -4.1931874991444129E-002
   1.1174352478738685       -3.7631757724450723E-002
   1.1446897661146944       -3.1322628572998765E-002
   1.1719442843555206       -2.2743472528090128E-002
   1.1991988025963467       -1.2032219063460638E-002
   1.2264533208371726        0.0000000000000000     
   0.0000000000000000       -0.0000000000000000     
   2.7277715025277920E-002   6.1770898482590274E-003
   5.4555430050555839E-002   1.1644537443147498E-002
   8.1833145075833752E-002   1.5949016883682512E-002
  0.10911086010111168        1.8916045341511142E-002
  0.13638857512638961        2.0645048390509797E-002
  0.16366629015166750        2.1353079885644194E-002
  0.19094400517694543        2.1260457339744805E-002
  0.21822172020222336        2.0548770239251293E-002
  0.24549943522750128        1.9356498796502298E-002
  0.27277715025277921        1.7786707246199896E-002
  0.30005486527805714        1.5916196006582652E-002
  0.32733258030333501        1.3803024943767870E-002
  0.35461029532861293        1.1492037179525816E-002
  0.38188801035389086        9.0187473585376637E-003
  0.40916572537916879        6.4120446681824412E-003
  0.43644344040444671        3.6960767457422349E-003
  0.46372115542972464        8.9157827082520099E-004
  0.49099887045500257       -1.9831743187154784E-003
  0.51827658548028044       -4.9116590834279343E-003
  0.54555430050555842       -7.8785723937335028E-003
  0.57283201553083629       -1.0869402786066537E-002
  0.60010973055611427       -1.3870073963787442E-002
  0.62738744558139214       -1.6866626298867825E-002
  0.65466516060667002       -1.9844911960273326E-002
  0.68194287563194800       -2.2790281155447151E-002
  0.70922059065722587       -2.5687236392235888E-002
  0.73649830568250385       -2.8519028109276180E-002
  0.76377602070778172       -3.1267157927152713E-002
  0.79105373573305970       -3.3910743967267301E-002
  0.81833145075833758       -3.6425684170163557E-002
  0.84560916578361556       -3.8783525150108848E-002
  0.87288688080889343       -4.0949901060759977E-002
  0.90016459583417130       -4.2882342391325302E-002
  0.92744231085944928       -4.4527159930827551E-002
  0.95472002588472715       -4.5814976753158890E-002
  0.98199774091000513       -4.6654316043003956E-002
   1.0092754559352830       -4.6922509711150744E-002
   1.0365531709605609       -4.6453285288195881E-002
   1.0638308859858390       -4.5021369003875898E-002
   1.0911086010111168       -4.2328033745715747E-002
   1.1183863160363947       -3.8001294236037195E-002
   1.1456640310616726       -3.1644403945991884E-002
   1.1729417460869505       -2.2987728737260814E-002
   1.2002194611122285       -1.2165646769659935E-002
   1.2274971761375064        0.0000000000000000     
   0.0000000000000000       -4.6102234351557438E-019
   2.7300591160156203E-002   6.1523811243116133E-003
   5.4601182320312407E-002   1.1594352355277815E-002
   8.1901773480468607E-002   1.5871634750659797E-002
  0.10920236464062481        1.8808484384932961E-002
  0.13650295580078101        2.0506485560558105E-002
  0.16380354696093721        2.1185313607754216E-002
  0.19110413812109342        2.1066674374341454E-002
  0.21840472928124963        2.0332467769624853E-002
  0.24570532044140583        1.9120922577310302E-002
  0.27300591160156201        1.7534646070915660E-002
  0.30030650276171822        1.5649955387603671E-002
  0.32760709392187443        1.3524474116390395E-002
  0.35490768508203063        1.1202677736078852E-002
  0.38220827624218684        8.7197813172090292E-003
  0.40950886740234305        6.1044339560453768E-003
  0.43680945856249925        3.3805923147831544E-003
  0.46411004972265546        5.6883954476411318E-004
  0.49141064088281167       -2.3126681761526267E-003
  0.51871123204296787       -5.2475044999277885E-003
  0.54601182320312402       -8.2204419126147808E-003
  0.57331241436328029       -1.1217029616001781E-002
  0.60061300552343644       -1.4223239615631012E-002
  0.62791359668359270       -1.7225150562066902E-002
  0.65521418784374885       -2.0208644617259044E-002
  0.68251477900390511       -2.3159094932849140E-002
  0.70981537016406127       -2.6061020701768918E-002
  0.73711596132421753       -2.8897683132899504E-002
  0.76441655248437368       -3.1650588534351654E-002
  0.79171714364452994       -3.4298852784789613E-002
  0.81901773480468609       -3.6818362791598128E-002
  0.84631832596484236       -3.9180641857906991E-002
  0.87361891712499851       -4.1351282316196912E-002
  0.90091950828515466       -4.3287743323817705E-002
  0.92822009944531092       -4.4936215372131341E-002
  0.95552069060546707       -4.6227117622099877E-002
  0.98282128176562333       -4.7068623573028406E-002
   1.0101218729257795       -4.7337457845034674E-002
   1.0374224640859357       -4.6866283402412480E-002
   1.0647230552460920       -4.5427958891051445E-002
   1.0920236464062480       -4.2720535211547388E-002
   1.1193242375664043       -3.8366745314041169E-002
   1.1466248287265606       -3.1962165922783205E-002
   1.1739254198867168       -2.3228708073698860E-002
   1.2012260110468729       -1.2297216512526073E-002
   1.2285266022070291        0.0000000000000000     
   0.0000000000000000       -4.7096423157629671E-019
   2.7323333974990004E-002   6.1189572028529293E-003
   5.4646667949980007E-002   1.1528495975186848E-002
   8.1970001924970004E-002   1.5773919064954123E-002
  0.10929333589996001        1.8677633605549283E-002
  0.13661666987495003        2.0342847883612632E-002
  0.16394000384994001        2.0991499374949200E-002
  0.19126333782493002        2.0846431502065447E-002
  0.21858667179992003        2.0089680299332034E-002
  0.24591000577491004        1.8859104167154615E-002
  0.27323333974990005        1.7256772738267184E-002
  0.30055667372489003        1.5358464873135287E-002
  0.32788000769988002        1.3221329964875060E-002
  0.35520334167487005        1.0889449342134710E-002
  0.38252667564986004        8.3977197181744952E-003
  0.40985000962485008        5.7745366295029179E-003
  0.43717334359984006        3.0436560176501574E-003
  0.46449667757483004        2.2550241610108394E-004
  0.49182001154982008       -2.6618934178573037E-003
  0.51914334552481012       -5.6022044621723702E-003
  0.54646667949980010       -8.5802819806271753E-003
  0.57379001347479008       -1.1581737681200820E-002
  0.60111334744978007       -1.4592593071648776E-002
  0.62843668142477005       -1.7598965770601122E-002
  0.65576001539976003       -2.0586768205918850E-002
  0.68308334937475013       -2.3541396397263745E-002
  0.71040668334974011       -2.6447385845240284E-002
  0.73773001732473009       -2.9288007884004041E-002
  0.76505335129972007       -3.2044772621513784E-002
  0.79237668527471006       -3.4696792584716515E-002
  0.81970001924970015       -3.7219942345410456E-002
  0.84702335322469013       -3.9585720448163962E-002
  0.87434668719968012       -4.1759675908537332E-002
  0.90167002117467010       -4.3699195202071155E-002
  0.92899335514966008       -4.5350347701212053E-002
  0.95631668912465018       -4.6643349097025368E-002
  0.98364002309964016       -4.7486026291608613E-002
   1.0109633570746301       -4.7754504863052494E-002
   1.0382866910496202       -4.7280401005414543E-002
   1.0656100250246101       -4.5834740179969517E-002
   1.0929333589996002       -4.3112411842957957E-002
   1.1202566929745901       -3.8730961491560439E-002
   1.1475800269495802       -3.2278408749344553E-002
   1.1749033609245703       -2.3468308026821962E-002
   1.2022266948995601       -1.2427965332925152E-002
   1.2295500288745502        0.0000000000000000     
   0.0000000000000000       -4.8215437458567147E-019
   2.7346126415057084E-002   6.0766276698114808E-003
   5.4692252830114169E-002   1.1446665383135910E-002
   8.2038379245171253E-002   1.5655498049348765E-002
  0.10938450566022834        1.8523016258906223E-002
  0.13673063207528541        2.0153515554938779E-002
  0.16407675849034251        2.0770861399908747E-002
  0.19142288490539960        2.0598802075638516E-002
  0.21876901132045667        1.9819343327450421E-002
  0.24611513773551374        1.8569855968033913E-002
  0.27346126415057082        1.6951790236126162E-002
  0.30080739056562794        1.5040329653653924E-002
  0.32815351698068501        1.2892109295710729E-002
  0.35549964339574208        1.0550787839172873E-002
  0.38284576981079921        8.0509231754270806E-003
  0.41019189622585628        5.4206424450856661E-003
  0.43753802264091335        2.6834900320435316E-003
  0.46488414905597042       -1.4027610022343475E-004
  0.49223027547102749       -3.0327564540466221E-003
  0.51957640188608456       -5.9777276009900290E-003
  0.54692252830114163       -8.9601226631951057E-003
  0.57426865471619881       -1.1965618024606071E-002
  0.60161478113125588       -1.4980286153561567E-002
  0.62896090754631295       -1.7990284528480786E-002
  0.65630703396137002       -2.0981556273011039E-002
  0.68365316037642709       -2.3939520317830542E-002
  0.71099928679148416       -2.6848728179827128E-002
  0.73834541320654123       -2.9692460727805913E-002
  0.76569153962159842       -3.2452231002078398E-002
  0.79303766603665549       -3.5107147047766393E-002
  0.82038379245171256       -3.7633069719844675E-002
  0.84772991886676963       -4.0001471191177286E-002
  0.87507604528182670       -4.2177855359070704E-002
  0.90242217169688377       -4.4119534128094481E-002
  0.92976829811194084       -4.5772453990300575E-002
  0.95711442452699791       -4.7066625971760173E-002
  0.98446055094205498       -4.7909530596404452E-002
   1.0118066773571122       -4.8176697598814794E-002
   1.0391528037721691       -4.7698705290637640E-002
   1.0664989301872263       -4.6244764736057771E-002
   1.0938450566022833       -4.3506637770239220E-002
   1.1211911830173404       -3.9096733589019356E-002
   1.1485373094323976       -3.2595572893014568E-002
   1.1758834358474546       -2.3708385805716763E-002
   1.2032295622625118       -1.2558908932885589E-002
   1.2305756886775687        0.0000000000000000     
   0.0000000000000000        4.9467584912209727E-019
   2.7369150300726834E-002   6.0250410269438179E-003
   5.4738300601453668E-002   1.1348278411991786E-002
   8.2107450902180495E-002   1.5515649087083718E-002
  0.10947660120290734        1.8343759789186672E-002
  0.13684575150363418        1.9937445423190377E-002
  0.16421490180436099        2.0522186130690567E-002
  0.19158405210508783        2.0322416880147243E-002
  0.21895320240581467        1.9519951728525296E-002
  0.24632235270654151        1.8251556312307737E-002
  0.27369150300726836        1.6617977149506226E-002
  0.30106065330799520        1.4693742267295681E-002
  0.32842980360872198        1.2534929398179904E-002
  0.35579895390944882        1.0184743594912808E-002
  0.38316810421017566        7.6773814549742064E-003
  0.41053725451090251        5.0406852953172035E-003
  0.43790640481162935        2.2979758591971768E-003
  0.46527555511235619       -5.3066438098882916E-004
  0.49264470541308303       -3.4274737774996128E-003
  0.52001385571380987       -6.3763373446899529E-003
  0.54738300601453671       -9.3622735936819551E-003
  0.57475215631526355       -1.2371026101620559E-002
  0.60212130661599039       -1.5388720023219685E-002
  0.62949045691671723       -1.8401553792614968E-002
  0.65685960721744396       -2.1395501812446531E-002
  0.68422875751817080       -2.4356006078686297E-002
  0.71159790781889765       -2.7267633907641264E-002
  0.73896705811962449       -3.0113675152347648E-002
  0.76633620842035133       -3.2875644922120466E-002
  0.79370535872107817       -3.5532645611268995E-002
  0.82107450902180501       -3.8060522880453702E-002
  0.84844365932253185       -4.0430720736179190E-002
  0.87581280962325869       -4.2608695839598122E-002
  0.90318195992398553       -4.4551683095271265E-002
  0.93055111022471237       -4.6205503433516350E-002
  0.95792026052543922       -4.7499960439000455E-002
  0.98528941082616606       -4.8342185731017534E-002
   1.0126585611268928       -4.8607111583823928E-002
   1.0400277114276197       -4.8124278823221810E-002
   1.0673968617283465       -4.6661087976666057E-002
   1.0947660120290734       -4.3906181369038247E-002
   1.1221351623298002       -3.9466841083244816E-002
   1.1495043126305271       -3.2916086441202558E-002
   1.1768734629312538       -2.3950789202123117E-002
   1.2042426132319808       -1.2691058302443523E-002
   1.2316117635327075        0.0000000000000000     
   0.0000000000000000       -0.0000000000000000     
   2.7369380943739773E-002   6.0244801372916950E-003
   5.4738761887479545E-002   1.1347214570699045E-002
   8.2108142831219311E-002   1.5514147981381315E-002
  0.10947752377495909        1.8341850214627455E-002
  0.13684690471869887        1.9935158723059322E-002
  0.16421628566243862        2.0519568185606511E-002
  0.19158566660617840        2.0319519341839936E-002
  0.21895504754991818        1.9516823542640085E-002
  0.24632442849365796        1.8248239811759447E-002
  0.27369380943739774        1.6614507235932080E-002
  0.30106319038113749        1.4690147011362016E-002
  0.32843257132487724        1.2531231102733973E-002
  0.35580195226861705        1.0180959888474467E-002
  0.38317133321235680        7.6735262542283788E-003
  0.41054071415609661        5.0367695972171811E-003
  0.43791009509983636        2.2940083723725804E-003
  0.46527947604357611       -5.3467674071991649E-004
  0.49264885698731592       -3.4315255004218857E-003
  0.52001823793105573       -6.3804240254623249E-003
  0.54738761887479548       -9.3663916951127087E-003
  0.57475699981853523       -1.2375172768292631E-002
  0.60212638076227498       -1.5392892933030452E-002
  0.62949576170601473       -1.8405751036772541E-002
  0.65686514264975449       -2.1399721796515846E-002
  0.68423452359349435       -2.4360247438639428E-002
  0.71160390453723410       -2.7271895435634318E-002
  0.73897328548097385       -3.0117955727173993E-002
  0.76634266642471360       -3.2879943438779272E-002
  0.79371204736845336       -3.5536960902527989E-002
  0.82108142831219322       -3.8064853620273363E-002
  0.84845080925593297       -4.0435065308810372E-002
  0.87582019019967272       -4.2613052148075599E-002
  0.90318957114341247       -4.4556048263120845E-002
  0.93055895208715222       -4.6209873319643359E-002
  0.95792833303089209       -4.7504328821018633E-002
  0.98529771397463184       -4.8346542896581725E-002
   1.0126670949183716       -4.8611441857711761E-002
   1.0400364758621115       -4.8128556191347552E-002
   1.0674058568058511       -4.6665268397881147E-002
   1.0947752377495910       -4.3910189748971047E-002
   1.1221446186933306       -3.9470551268806345E-002
   1.1495139996370705       -3.2919297496854225E-002
   1.1768833805808103       -2.3953216709407626E-002
   1.2042527615245500       -1.2692381391053860E-002
   1.2316221424682898        0.0000000000000000     
