   4.9690399499995361E-002  0.14768628722717717     
   9.9380798999990486E-002  0.14575058729983675     
  0.14907119849998554       0.14383124560540700     
  0.19876159799998058       0.14192901439896272     
  0.24845199749997562       0.14004448351005599     
  0.29814239699997203       0.13817812238167104     
  0.34783279649996846       0.13633030702907301     
  0.39752319599996488       0.13450133802742145     
  0.44721359549996131       0.13269145308404576     
  0.49690399499995774       0.13090083626204549     
  0.54659439449995417       0.12912962507343220     
  0.59628479399995060       0.12737791617632624     
  0.64597519349994703       0.12564577010769032     
  0.69566559299994346       0.12393321532328053     
  0.74535599249993989       0.12224025171760054     
  0.79504639199993632       0.12056685373372071     
  0.84473679149993275       0.11891297313015448     
  0.89442719099992918       0.11727854146849494     
  0.94411759049992561       0.11566347235431548     
  0.99380798999992204       0.11406766345644491     
   1.0434983894999137       0.11249099833824666     
   1.0931887889999046       0.11093334811431545     
   1.1428791884998954       0.10939457295157778     
   1.1925695879998863       0.10787452342646457     
   1.2422599874998772       0.10660966742233877     
   1.2919503869998681       0.10546572969519301     
   1.3416407864998590       0.10433588016304961     
   1.3913311859998498       0.10322002548051762     
   1.4410215854998407       0.10211806481785179     
   1.4907119849998316       0.10102989074055481     
   1.5404023844998225        9.9955390011523190E-002
   1.5900927839998134        9.8894444321206379E-002
   1.6397831834998042        9.7846930948271599E-002
   1.6894735829997951        9.6812723365280393E-002
   1.7391639824997860        9.5791691783205846E-002
   1.7888543819997769        9.4783703649509624E-002
   1.8385447814997677        9.3788624097531151E-002
   1.8882351809997586        9.2806316355676086E-002
   1.9379255804997495        9.1836642117538392E-002
   1.9876159799997404        9.0879461873843895E-002
   2.0373063794997397        8.9934635218854600E-002
   2.0869967789997417        8.9002021119787583E-002
   2.1366871784997437        8.8081478165633040E-002
   2.1863775779997456        8.7172864788193832E-002
   2.2360679774997476        8.6276039462196683E-002
   2.2857583769997496        8.5390860884096614E-002
   2.3354487764997516        8.4517188134755589E-002
   2.3851391759997536        8.3654880821307773E-002
   2.4348295754997555        8.2803799207813583E-002
   2.4845199749997575        8.1963804329098139E-002
   2.5342103744997595        8.1134758093743195E-002
   2.5839007739997615        8.0316523373863552E-002
   2.6335911734997635        7.9508964084997982E-002
   2.6832815729997654        7.8711945256670787E-002
   2.7329719724997674        7.7925333095341040E-002
   2.7826623719997694        7.7148995035524331E-002
   2.8323527714997714        7.6382799789127154E-002
   2.8820431709997734        7.5626617383700523E-002
   2.9317335704997753        7.4880319196867745E-002
   2.9814239699997773        7.4143777985143669E-002
   3.0311143694997793        7.3416867908849048E-002
   3.0808047689997813        7.2699464549339801E-002
   3.1304951684997833        7.1991444926463352E-002
   3.1801855679997852        7.1292687510038269E-002
   3.2298759674997872        7.0603072226980909E-002
   3.2795663669997892        6.9922480469269868E-002
   3.3292567664997912        6.9250795095049236E-002
   3.3789471659997932        6.8587900430697443E-002
   3.4286375654997951        6.7933682268042167E-002
   3.4783279649997971        6.7288027861892197E-002
   3.5280183644997991        6.6650825924467874E-002
   3.5777087639998011        6.6021966619197112E-002
   3.6273991634998031        6.5401341551734521E-002
   3.6770895629998051        6.4788843762306689E-002
   3.7267799624998070        6.4184367713679732E-002
   3.7764703619998090        6.3587809281531266E-002
   3.8261607614998110        6.2999065740269186E-002
   3.8758511609998130        6.2418035752806036E-002
   3.9255415604998150        6.1844619354809019E-002
   3.9752319599998169        6.1278717942508130E-002
   4.0249223594998078        6.0720234256895905E-002
   4.0746127589997876        6.0169072369233551E-002
   4.1243031584997674        5.9625137666163605E-002
   4.1739935579997471        5.9088336833984657E-002
   4.2236839574997269        5.8558577843233400E-002
   4.2733743569997067        5.8035769932218935E-002
   4.3230647564996865        5.7519823591681583E-002
   4.3727551559996662        5.7010650548275837E-002
   4.4224455554996460        5.6508163748010126E-002
   4.4721359549996258        5.6012277340716565E-002
   4.5218263544996056        5.5522906664373733E-002
   4.5715167539995853        5.5039968227221597E-002
   4.6212071534995651        5.4563379693001325E-002
   4.6708975529995449        5.4093059865247831E-002
   4.7205879524995247        5.3628928669230511E-002
   4.7702783519995045        5.3170907138748280E-002
   4.8199687514994842        5.2718917398180208E-002
   4.8696591509994640        5.2272882648004282E-002
   4.9193495504994438        5.1832727150112751E-002
   4.9690399499994236        5.1398376210264544E-002
   5.0187303494994033        5.0969756164790700E-002
   5.0684207489993831        5.0546794364411875E-002
   5.1181111484993629        5.0129419161071422E-002
   5.1678015479993427        4.9717559890757018E-002
   5.2174919474993224        4.9311146862249154E-002
   5.2671823469993022        4.8910111339021789E-002
   5.3168727464992820        4.8514385529152673E-002
   5.3665631459992618        4.8123902568615089E-002
   5.4162535454992415        4.7738596508390435E-002
   5.4659439449992213        4.7358402301113989E-002
   5.5156343444992011        4.6983255787992291E-002
   5.5653247439991809        4.6613093685524673E-002
   5.6150151434991606        4.6247853572077238E-002
   5.6647055429991404        4.5887473875506346E-002
   5.7143959424991202        4.5531893860901493E-002
   5.7640863419991000        4.5181053618317334E-002
   5.8137767414990797        4.4834894050309625E-002
   5.8634671409990595        4.4493356859396871E-002
   5.9131575404990393        4.4156384537768600E-002
   5.9628479399990191        4.3823920354750329E-002
   6.0125383394989989        4.3495908345103765E-002
   6.0622287389989786        4.3172293298988057E-002
   6.1119191384989584        4.2853020749564950E-002
   6.1616095379989382        4.2538036963187892E-002
   6.2112999374989180        4.2227288929139128E-002
   6.2609903369988977        4.1920724347222438E-002
   6.3106807364988775        4.1618291619437940E-002
   6.3603711359988573        4.1319939838752054E-002
   6.4100615354988371        4.1025618779639103E-002
   6.4597519349988168        4.0735278888030753E-002
   6.5094423344987966        4.0448871272041026E-002
   6.5591327339987764        4.0166347690934634E-002
   6.6088231334987562        3.9887660548437731E-002
   6.6585135329987359        3.9612762881640881E-002
   6.7082039324987157        3.9341608352078283E-002
   6.7578943319986955        3.9074151238133722E-002
   6.8075847314986753        3.8810346424427336E-002
   6.8572751309986550        3.8550149394938019E-002
   6.9069655304986348        3.8293516223780452E-002
   6.9566559299986146        3.8040403566577834E-002
   7.0063463294985944        3.7790768653252017E-002
   7.0560367289985741        3.7544569279135478E-002
   7.1057271284985539        3.7301763797342700E-002
   7.1554175279985337        3.7062311111239622E-002
   7.2051079274985135        3.6826170666596658E-002
   7.2547983269984933        3.6593302443920582E-002
   7.3044887264984730        3.6363666951126548E-002
   7.3541791259984528        3.6137225216805548E-002
   7.4038695254984326        3.5913938782049883E-002
   7.4535599249984124        3.5693769694584945E-002
   7.5032503244983921        3.5476680500572559E-002
   7.5529407239983719        3.5262634238874845E-002
   7.6026311234983517        3.5051594433836153E-002
   7.6523215229983315        3.4843525088970852E-002
   7.7020119224983112        3.4638390679583866E-002
   7.7517023219982910        3.4436156147775947E-002
   7.8013927214982708        3.4236786895226322E-002
   7.8510831209982506        3.4040248776918511E-002
   7.9007735204982303        3.3846508095746658E-002
   7.9504639199982101        3.3655531595793195E-002
   8.0001543194981899        3.3467286457085979E-002
   8.0498447189981697        3.3281740288975979E-002
   8.0995351184981494        3.3098861125411251E-002
   8.1492255179981292        3.2918617418294632E-002
   8.1989159174981090        3.2740978032587541E-002
   8.2486063169980888        3.2565912240950949E-002
   8.2982967164980685        3.2393389717622532E-002
   8.3479871159980483        3.2223380534108774E-002
   8.3976775154980281        3.2055855152944498E-002
   8.4473679149980079        3.1890784423293420E-002
   8.4970583144979877        3.1728139576195004E-002
   8.5467487139979674        3.1567892218437935E-002
   8.5964391134979472        3.1410014328387373E-002
   8.6461295129979270        3.1254478251264067E-002
   8.6958199124979068        3.1101256694128863E-002
   8.7455103119978865        3.0950322721449309E-002
   8.7952007114978663        3.0801649750023776E-002
   8.8448911109978461        3.0655211544873974E-002
   8.8945815104978259        3.0510982214678840E-002
   8.9442719099978056        3.0368936207149155E-002
   8.9939623094977854        3.0229048305119209E-002
   9.0436527089977652        3.0091293621826779E-002
   9.0933431084977450        2.9955647596904153E-002
   9.1430335079977247        2.9822085992055557E-002
   9.1927239074977045        2.9690584887494258E-002
   9.2424143069976843        2.9561120677016481E-002
   9.2921047064976641        2.9433670064888395E-002
   9.3417951059976438        2.9308210061581758E-002
   9.3914855054976236        2.9184717979884651E-002
   9.4411759049976034        2.9063171430891200E-002
   9.4908663044975832        2.8943548321057947E-002
   9.5405567039975629        2.8825826847332921E-002
   9.5902471034975427        2.8709985494504934E-002
   9.6399375029975225        2.8596003031288543E-002
   9.6896279024975023        2.8483858506658265E-002
   9.7393183019974821        2.8373531246290121E-002
   9.7890087014974618        2.8265000849718742E-002
   9.8386991009974416        2.8158247186515280E-002
   9.8883895004974214        2.8053250392511421E-002
   9.9380798999974012        2.7949990867798275E-002
   9.9877702994973809        2.7848449271771724E-002
   10.037460698997361        2.7748606521508422E-002
   10.087151098497340        2.7650443787979064E-002
   10.136841497997320        2.7553942492705423E-002
   10.186531897497300        2.7459084304954872E-002
   10.236222296997280        2.7365851138834996E-002
   10.285912696497260        2.7274225150146540E-002
   10.335603095997239        2.7184188733719087E-002
   10.385293495497219        2.7095724519852822E-002
   10.434983894997199        2.7008815372633943E-002
   10.484674294497179        2.6923444385881738E-002
   10.534364693997158        2.6839594881124463E-002
   10.584055093497138        2.6757250405001862E-002
   10.633745492997118        2.6676394725949022E-002
   10.683435892497098        2.6597011831901208E-002
   10.733126291997078        2.6519085927975923E-002
   10.782816691497057        2.6442601433131156E-002
   10.832507090997037        2.6367542978564858E-002
   10.882197490497017        2.6293895404405677E-002
   10.931887889996997        2.6221643758107600E-002
   10.981578289496976        2.6150773291007623E-002
   11.031268688996956        2.6081269456476073E-002
   11.080959088496936        2.6013117907773237E-002
   11.130649487996916        2.5946304495575671E-002
   11.180339887496896        2.5880815265077996E-002
   11.230030286996875        2.5816636454749579E-002
   11.279720686496855        2.5753754493364488E-002
   11.329411085996835        2.5692155998193383E-002
   11.379101485496815        2.5631827772418379E-002
   11.428791884996794        2.5572756803890869E-002
   11.478482284496774        2.5514930261378715E-002
   11.528172683996754        2.5458335494721929E-002
   11.577863083496734        2.5402960030936506E-002
   11.627553482996714        2.5348791573026393E-002
   11.677243882496693        2.5295817997671537E-002
   11.726934281996673        2.5244027353818376E-002
   11.776624681496653        2.5193407860180980E-002
   11.826315080996633        2.5143947903721431E-002
   11.876005480496612        2.5095636037299425E-002
   11.925695879996592        2.5048460978620572E-002
   11.975386279496572        2.5002411607786417E-002
   12.025076678996552        2.4957476965630141E-002
   12.074767078496532        2.4913646251723195E-002
   12.124457477996511        2.4870908823807446E-002
   12.174147877496491        2.4829254194341146E-002
   12.223838276996471        2.4788672030072442E-002
   12.273528676496451        2.4749152150118074E-002
   12.323219075996430        2.4710684524078035E-002
   12.372909475496410        2.4673259270454505E-002
   12.422599874996390        2.4636866655656061E-002
   12.472290274496370        2.4601497091451412E-002
   12.521980673996350        2.4567141134119994E-002
   12.571671073496329        2.4533789483099151E-002
   12.621361472996309        2.4501432978891780E-002
   12.671051872496289        2.4470062602244630E-002
   12.720742271996269        2.4439669471573125E-002
   12.770432671496248        2.4410244843513677E-002
   12.820123070996228        2.4381780109335397E-002
   12.869813470496208        2.4354266795126207E-002
   12.919503869996188        2.4327696559910385E-002
   12.969194269496167        2.4302061194057655E-002
   13.018884668996147        2.4277352618730784E-002
   13.068575068496127        2.4253562883537555E-002
   13.118265467996107        2.4230684166156199E-002
   13.167955867496087        2.4208708770889358E-002
   13.217646266996066        2.4187629127317600E-002
   13.267336666496046        2.4167437788780291E-002
   13.317027065996026        2.4148127432154349E-002
   13.366717465496006        2.4129690855471786E-002
   13.416407864995985        2.4112120977994856E-002
   13.466098264495965        2.4095410837827461E-002
   13.515788663995945        2.4079553592319506E-002
   13.565479063495925        2.4064542515398649E-002
   13.615169462995905        2.4050370997770857E-002
   13.664859862495884        2.4037032545298549E-002
   13.714550261995864        2.4024520777885753E-002
   13.764240661495844        2.4012829428839203E-002
   13.813931060995824        2.4001952343828851E-002
   13.863621460495803        2.3991883479439601E-002
   13.913311859995783        2.3982616902928695E-002
   13.963002259495763        2.3974146790963886E-002
   14.012692658995743        2.3966467428526834E-002
   14.062383058495723        2.3959573208618783E-002
   14.112073457995702        2.3953458630327423E-002
   14.161763857495682        2.3948118299508814E-002
   14.211454256995662        2.3943546926554756E-002
   14.261144656495642        2.3939739326215067E-002
   14.310835055995621        2.3936690416631927E-002
   14.360525455495601        2.3934395219018537E-002
   14.410215854995581        2.3932848855985584E-002
   14.459906254495561        2.3932046551979811E-002
   14.509596653995541        2.3931983631125933E-002
   14.559287053495520        2.3932655518162812E-002
   14.608977452995500        2.3934057736064510E-002
   14.658667852495480        2.3936185907052161E-002
   14.708358251995460        2.3939035750550206E-002
   14.758048651495439        2.3942603082951774E-002
   14.807739050995419        2.3946883817842865E-002
   14.857429450495399        2.3951873963797506E-002
   14.907119849995379        2.3957569625621001E-002
   14.956810249495359        2.3963967002277115E-002
   15.006500648995338        2.3971062387155972E-002
   15.056191048495318        2.3978852166873531E-002
   15.105881447995298        2.3987332821932043E-002
   15.155571847495278        2.3996500924959394E-002
   15.205262246995257        2.4006353140661053E-002
   15.254952646495237        2.4016886225988784E-002
   15.304643045995217        2.4028097028744026E-002
   15.354333445495197        2.4039982487515796E-002
   15.404023844995177        2.4052539631625965E-002
   15.453714244495156        2.4065765580103246E-002
   15.503404643995136        2.4079657541804026E-002
   15.553095043495116        2.4094212814859985E-002
   15.602785442995096        2.4109428786309377E-002
   15.652475842495075        2.4125302931790764E-002
   15.702166241995055        2.4141832815548846E-002
   15.751856641495035        2.4159016089388096E-002
   15.801547040995015        2.4176850493193017E-002
   15.851237440494995        2.4195333854373592E-002
   15.900927839994974        2.4214464087569592E-002
   15.950618239494954        2.4234239194221921E-002
   16.000308638994934        2.4254657262972150E-002
   16.049999038494914        2.4275716469156355E-002
   16.099689437994893        2.4297415074175592E-002
   16.149379837494873        2.4319751426440977E-002
   16.199070236994853        2.4342723960255143E-002
   16.248760636494833        2.4366331195989081E-002
   16.298451035994812        2.4390571740236500E-002
   16.348141435494792        2.4415444285537786E-002
   16.397831834994772        2.4440947610410917E-002
   16.447522234494752        2.4467080579315587E-002
   16.497212633994732        2.4493842142610987E-002
   16.546903033494711        2.4521231336205537E-002
   16.596593432994691        2.4549247282356596E-002
   16.646283832494671        2.4577889277836228E-002
   16.695974231994651        2.4607156416826516E-002
   16.745664631494630        2.4637048197669324E-002
   16.795355030994610        2.4667564084544201E-002
   16.845045430494590        2.4698703629783519E-002
   16.894735829994570        2.4730466471551013E-002
   16.944426229494550        2.4762852335692032E-002
   16.994116628994529        2.4795861034711507E-002
   17.043807028494509        2.4829492468890588E-002
   17.093497427994489        2.4863746625356450E-002
   17.143187827494469        2.4898623579293466E-002
   17.192878226994448        2.4934123493830625E-002
   17.242568626494428        2.4970246620556483E-002
   17.292259025994408        2.5006993298955168E-002
   17.341949425494388        2.5044363958487713E-002
   17.391639824994368        2.5082359116925027E-002
   17.441330224494347        2.5120979382345889E-002
   17.491020623994327        2.5160225452734466E-002
   17.540711023494307        2.5200098116950356E-002
   17.590401422994287        2.5240598254690553E-002
   17.640091822494266        2.5281726837324256E-002
   17.689782221994246        2.5323484928166221E-002
   17.739472621494226        2.5365873683639208E-002
   17.789163020994206        2.5408894352892512E-002
   17.838853420494186        2.5452548279749163E-002
   17.888543819994165        2.5496836901821737E-002
   17.938234219494145        2.5541761752325809E-002
   17.987924618994125        2.5587324460062361E-002
   18.037615018494105        2.5633526751281013E-002
   18.087305417994084        2.5680370449110007E-002
   18.136995817494064        2.5727857474527958E-002
   18.186686216994044        2.5775989848669273E-002
   18.236376616494024        2.5824769691564067E-002
   18.286067015994004        2.5874199224917155E-002
   18.335757415493983        2.5924280771567373E-002
   18.385447814993963        2.5975016757657652E-002
   18.435138214493943        2.6026409712607994E-002
   18.484828613993923        2.6078462270916869E-002
   18.534519013493902        2.6131177173134585E-002
   18.584209412993882        2.6184557266295441E-002
   18.633899812493862        2.6238605506451278E-002
   18.683590211993842        2.6293324958143603E-002
   18.733280611493822        2.6348718797194026E-002
   18.782971010993801        2.6404790310796740E-002
   18.832661410493781        2.6461542899725379E-002
   18.882351809993761        2.6518980079541454E-002
   18.932042209493741        2.6577105481325223E-002
   18.981732608993720        2.6635922853744245E-002
   19.031423008493700        2.6695436065180527E-002
   19.081113407993680        2.6755649103471248E-002
   19.130803807493660        2.6816566079593922E-002
   19.180494206993639        2.6878191227832474E-002
   19.230184606493619        2.6940528908039482E-002
   19.279875005993599        2.7003583607759733E-002
   19.329565405493579        2.7067359943365444E-002
   19.379255804993559        2.7131862662489976E-002
   19.428946204493538        2.7197096645481249E-002
   19.478636603993518        2.7263066908145828E-002
   19.528327003493498        2.7329778603110148E-002
   19.578017402993478        2.7397237021891594E-002
   19.627707802493457        2.7465447597671343E-002
   19.677398201993437        2.7534415907693309E-002
   19.727088601493417        2.7604147674577379E-002
   19.776779000993397        2.7674648769563187E-002
   19.826469400493377        2.7745925214937069E-002
   19.876159799993356        2.7817983186175801E-002
   19.925850199493336        2.7890829015069098E-002
   19.975540598993316        2.7964469191686325E-002
