  -4.0426303504804766      -0.16753741399235583     
  -4.0404470064002398      -0.16666888414936173     
  -4.0339092165485440      -0.16408773983842515     
  -4.0230580986825935      -0.15987541775647376     
  -4.0079611600908773      -0.15416345417198907     
  -3.9887107384423377      -0.14712550639141203     
  -3.9654222731408826      -0.13896863002735232     
  -3.9382320871013268      -0.12992303296035354     
  -3.9072949396364400      -0.12023129643280292     
  -3.8727814528437952      -0.11013781758720592     
  -3.8348755211785468       -9.9879068443089566E-002
  -3.7937717992630828       -8.9675131557501689E-002
  -3.7496733459621625       -7.9722805259030041E-002
  -3.7027894836258395       -7.0190413121527059E-002
  -3.6533339121332706       -6.1214315408396634E-002
  -3.6015230995390421       -5.2897014489716322E-002
  -3.5475749557239311       -4.5306674793738309E-002
  -3.4917077830101531       -3.8477838820089795E-002
  -3.4341394883193312       -3.2413109102769060E-002
  -3.3750870349282063       -2.7085575210540454E-002
  -3.3147661078157657       -2.2441788163963774E-002
  -3.2533909645038253       -1.8405115941187385E-002
  -3.1911744426576094       -1.4879348086266822E-002
  -3.1283280960510478       -1.1752451110916860E-002
  -3.0650624313911039       -8.9004068273636702E-003
  -3.0015872195892603       -6.1910913594119751E-003
  -2.9381118560963237       -3.4881724177896088E-003
  -2.8748457456837668       -6.5501601878528964E-004
  -2.8119986874347518        2.4413990512751780E-003
  -2.7497812356394871        5.9265601836047659E-003
  -2.6884050117739315        9.9145005817809044E-003
  -2.6280829418432976        1.4503899674983450E-002
  -2.5690293922256444        1.9774243855334311E-002
  -2.5114601759644786        2.5782112879323037E-002
  -2.4555924005218701        3.2557688657679044E-002
  -2.4016441276885714        4.0101618672152554E-002
  -2.3498338171065600        4.8382403415215977E-002
  -2.3003795272027290        5.7334512295252070E-002
  -2.2534978517899531        6.6857460169992722E-002
  -2.2094025776487434        7.6816090483516231E-002
  -2.1683030584120777        8.7042303362495549E-002
  -2.1304023131495882        9.7338430441359827E-002
  -2.0958948739432999       0.10748238656067718     
  -2.0649644247763788       0.11723461896373059     
  -2.0377812930638082       0.12634673041826058     
  -2.0144998732709092       0.13457148131870697     
  -1.9952560790337532       0.14167370003348609     
  -1.9801649241783839       0.14744147290807072     
  -1.9693183899427691       0.15169663684037696     
  -1.9627837658337877       0.15430329206469529     
  -1.9606014364790934       0.15518191689730351     
  -4.0836221578763059      -0.16119524766603630     
  -4.0812193734564932      -0.16028543892277364     
  -4.0740303443092341      -0.15758891821593798     
  -4.0621188443239795      -0.15321047850328293     
  -4.0455886757405093      -0.14731619597732376     
  -4.0245795927529393      -0.14012052736814692     
  -3.9992627372062355      -0.13187144355417116     
  -3.9698352591961474      -0.12283451269253268     
  -3.9365146939393862      -0.11327762693189777     
  -3.8995334444395797      -0.10345764243097413     
  -3.8591336545338297       -9.3609719832968147E-002
  -3.8155626726083147       -8.3939685878478304E-002
  -3.7690692225174911       -7.4619347953297818E-002
  -3.7199003246908093       -6.5784420080877357E-002
  -3.6682989527221919       -5.7534567413193252E-002
  -3.6145023705982018       -4.9935028756321838E-002
  -3.5587410718705073       -4.3019304223948944E-002
  -3.5012382316101784       -3.6792467738007789E-002
  -3.4422095813979521       -3.1234756587431751E-002
  -3.3818636235484978       -2.6305184624666376E-002
  -3.3204021104148111       -2.1945011008642008E-002
  -3.2580207258218810       -1.8080967510117955E-002
  -3.1949099169376716       -1.4628203053823494E-002
  -3.1312558352476190       -1.1492945537475997E-002
  -3.0672413542076460       -8.5749103155588896E-003
  -3.0030471383398254       -5.7695046612050811E-003
  -2.9388527439040133       -2.9698904032497780E-003
  -2.8748377348159697       -6.8974692324755000E-005
  -2.8111827992063225        3.0385972101522746E-003
  -2.7480708519397568        6.4543724423938827E-003
  -2.6856881065343190        1.0273872061919305E-002
  -2.6242250962124603        1.4584157547898912E-002
  -2.5638776182546845        1.9461127796847087E-002
  -2.5048475684296352        2.4966511005883752E-002
  -2.4473436231586807        3.1144544697111753E-002
  -2.3915817165446049        3.8018378911763129E-002
  -2.3377852480593626        4.5586295001392940E-002
  -2.2861849455810557        5.3817907064459186E-002
  -2.2370182991887146        6.2650604031557977E-002
  -2.1905284759030668        7.1986592551659179E-002
  -2.1469626272741320        8.1691002763915388E-002
  -2.1065695136788438        9.1591601485906948E-002
  -2.0695963947154121       0.10148069299366311     
  -2.0362851767143670       0.11111974339355860     
  -2.0068678668498765       0.12024710931280821     
  -1.9815614563813633       0.12858896234448244     
  -1.9605624378352120       0.13587309521779881     
  -1.9440412360830244       0.14184475459614851     
  -1.9321369824327641       0.14628325802701397     
  -1.9249529839866191       0.14901663081989078     
  -1.9225518288800345       0.14994029971296841     
  -4.1230887357950623      -0.15530560931183393     
  -4.1204576840662970      -0.15435465552196329     
  -4.1125929393902805      -0.15154376924056323     
  -4.0995867382668960      -0.14700473699153602     
  -4.0815876659489376      -0.14094267132876492     
  -4.0587926319831373      -0.13361580897737976     
  -4.0314378823245143      -0.12531308954196302     
  -3.9997890477792284      -0.11633188183484991     
  -3.9641313349098057      -0.10695862819907599     
  -3.9247605587012138       -9.7454007346929133E-002
  -3.8819754745906216       -8.8043144401390674E-002
  -3.8360716279287588       -7.8910555280655034E-002
  -3.7873367433486131       -7.0198993331246101E-002
  -3.7360475397136854       -6.2011156614507734E-002
  -3.6824677774801122       -5.4413234969639915E-002
  -3.6268473139514690       -4.7439431647855551E-002
  -3.5694219440085209       -4.1096803642103212E-002
  -3.5104138261608266       -3.5369972795860537E-002
  -3.4500323256594752       -3.0225436809695895E-002
  -3.3884751406633087       -2.5615344856024656E-002
  -3.3259296096842741       -2.1480697739102519E-002
  -3.2625741265444232       -1.7753994069051014E-002
  -3.1985796120969834       -1.4361380110246019E-002
  -3.1341110100851681       -1.1224379670784259E-002
  -3.0693287882443920       -8.2612880805805183E-003
  -3.0043904357469575       -5.3883158212612971E-003
  -2.9394519549694618       -2.5205661453634744E-003
  -2.8746693498435190        4.2707068590623425E-004
  -2.8102001150824067        3.5390247482384660E-003
  -2.7462047305342945        6.8980728871094700E-003
  -2.6828481627870016        1.0584199472822279E-002
  -2.6203013717460286        1.4673203453071897E-002
  -2.5587428128572784        1.9234960750388122E-002
  -2.4983599154243077        2.4331250751063679E-002
  -2.4393505034480212        3.0013061521637623E-002
  -2.3819241069576487        3.6317305647589802E-002
  -2.3263030884386433        4.3262914202438510E-002
  -2.2727234806893728        5.0846338965977747E-002
  -2.2214354001475480        5.9036591986003778E-002
  -2.1727028658087679        6.7770094673519798E-002
  -2.1268028229050331        7.6945797740117908E-002
  -2.0840231499649504        8.6421257857980480E-002
  -2.0446594283115087        9.6010585712854868E-002
  -2.0090102875014209       0.10548535424283730     
  -1.9773712219937156       0.11457958627031016     
  -1.9500269133045498       0.12299972954503910     
  -1.9272422839509988       0.13043996135446212     
  -1.9092527737216194       0.13660227969647445     
  -1.8962545596725591       0.14122069499129028     
  -1.8883953098069832       0.14407967745777328     
  -1.8857660792499158       0.14504926298322790     
  -4.1611403704804530      -0.14984478745921409     
  -4.1582724120070562      -0.14885230732672808     
  -4.1497082530174074      -0.14592731212183269     
  -4.1355751419518354      -0.14123246539268763     
  -4.1160757806496671      -0.13501623204432195     
  -4.0914744006551889      -0.12758299340609947     
  -4.0620814492191109      -0.11926155145776149     
  -4.0282375784989304      -0.11037630137566261     
  -3.9902988258972520      -0.10122484502141972     
  -3.9486240614459653       -9.2063479089161182E-002
  -3.9035652023126510       -8.3100165470501586E-002
  -3.8554602237447884       -7.4493503533258759E-002
  -3.8046286848775228       -6.6355838544039356E-002
  -3.7513693304968379       -5.8758752737052354E-002
  -3.6959592898204572       -5.1739551119301203E-002
  -3.6386544273213337       -4.5307783824962838E-002
  -3.5796904714225657       -3.9451230154997512E-002
  -3.5192846285559876       -3.4141061685001493E-002
  -3.4576374673308461       -2.9336099494368748E-002
  -3.3949349232171744       -2.4986199728947153E-002
  -3.3313503261824797       -2.1034863860462598E-002
  -3.2670463929142444       -1.7421194875260147E-002
  -3.2021771536273302       -1.4081323516713993E-002
  -3.1368898033045332       -1.0949420305211573E-002
  -3.0713264806824285       -7.9583962600149275E-003
  -3.0056259871319089       -5.0403821980114479E-003
  -2.9399254631337830       -2.1270655228125173E-003
  -2.8743620432600099        8.5004422028568368E-004
  -2.8090745120348637        3.9593534544686195E-003
  -2.7442049830494479        7.2688582785676269E-003
  -2.6799006222283852        1.0845680929521187E-002
  -2.6163154328983111        1.4755387242838503E-002
  -2.5536121146692472        1.9060990780149067E-002
  -2.4919639991445783        2.3821534199848518E-002
  -2.4315570517612803        2.9090123140332609E-002
  -2.3725919088547012        3.4911276632563444E-002
  -2.3152858902095304        4.1317458086426770E-002
  -2.2598748876235808        4.8324673627820967E-002
  -2.2066149774511814        5.5927086548415543E-002
  -2.1557835391005513        6.4090719489220141E-002
  -2.1076795843455947        7.2746523619317716E-002
  -2.0626229216441092        8.1783404958526928E-002
  -2.0209517110918553        9.1042209950522673E-002
  -1.9830179354023045       0.10031213818886951     
  -1.9491803571283508       0.10933145414385614     
  -1.9197946955346674       0.11779449589453840     
  -1.8952010658238165       0.12536661200791466     
  -1.8757092480711406       0.13170729896556302     
  -1.8615828413687012       0.13650264002454066     
  -1.8530232750752651       0.13949173544411692     
  -1.8501568966294206       0.14050450498986142     
  -4.1978797487919977      -0.14477730775833950     
  -4.1947663671200237      -0.14374275807298731     
  -4.1854797592064310      -0.14070362909057357     
  -4.1701895095757529      -0.13585760702871599     
  -4.1491625422758647      -0.12950065837062166     
  -4.1227408239366241      -0.12198489960152016     
  -4.0913175347330144      -0.11367671836358724     
  -4.0553135576181356      -0.10492177783157423     
  -4.0151571452940660       -9.6021259639674422E-002
  -3.9712680924491197       -8.7219763437433220E-002
  -3.9240466630805098       -7.8702768558109662E-002
  -3.8738667997986997       -7.0600586418899172E-002
  -3.8210727859345965       -6.2995859715626754E-002
  -3.7659784537042529       -5.5932342696101096E-002
  -3.7088681195647082       -4.9423490946214274E-002
  -3.6499985878803107       -4.3460064038679969E-002
  -3.5896017354594711       -3.8016422761396128E-002
  -3.5278873410463887       -3.3055495919066709E-002
  -3.4650459440457082       -2.8532545244534087E-002
  -3.4012516053884689       -2.4397919028560092E-002
  -3.3366645052737343       -2.0598994208907435E-002
  -3.2714333536770348       -1.7081489258096261E-002
  -3.2056976157456436       -1.3790302493472316E-002
  -3.1395895701854730       -1.0670001413702734E-002
  -3.0732362280128278       -7.6650627954920709E-003
  -3.0067611441113127       -4.7199424060228833E-003
  -2.9402861566120571       -1.7790377937238655E-003
  -2.8739330903099702        1.2134023633035354E-003
  -2.8078254607923996        4.3133736593265037E-003
  -2.7420902159883500        7.5771671315945574E-003
  -2.6768595514410420        1.1061321774418041E-002
