   0.0000000000000000       -2.6550789690611585     
   2.0215916281954169E-002  -2.6557708691542854     
   4.0431832563908338E-002  -2.6578309700557829     
   6.0647748845862506E-002  -2.6612483163095138     
   8.0863665127816675E-002  -2.6660012080624300     
  0.10107958140977084       -2.6720599411768218     
  0.12129549769172501       -2.6793874079441813     
  0.14151141397367917       -2.6879398440847098     
  0.16172733025563335       -2.6976676405115496     
  0.18194324653758753       -2.7085161934274193     
  0.20215916281954169       -2.7204267568413067     
  0.22237507910149584       -2.7333372660084043     
  0.24259099538345003       -2.7471831059406915     
  0.26280691166540421       -2.7618978056871200     
  0.28302282794735834       -2.7774136457159950     
  0.30323874422931252       -2.7936621718394363     
  0.32345466051126670       -2.8105746143791195     
  0.34367057679322088       -2.8280822154275160     
  0.36388649307517507       -2.8461164701510708     
  0.38410240935712919       -2.8646092901285738     
  0.40431832563908338       -2.8834930979234326     
  0.42453424192103756       -2.9027008626059949     
  0.44475015820299169       -2.9221660859704168     
  0.46496607448494587       -2.9418227489158850     
  0.48518199076690005       -2.9616052270060385     
  0.50539790704885423       -2.9814481837310192     
  0.52561382333080842       -3.0012864495394602     
  0.54582973961276260       -3.0210548943578672     
  0.56604565589471667       -3.0406883011033177     
  0.58626157217667085       -3.0601212476425115     
  0.60647748845862504       -3.0792880047486664     
  0.62669340474057922       -3.0981224578400961     
  0.64690932102253340       -3.1165580606055987     
  0.66712523730448758       -3.1345278289731620     
  0.68734115358644177       -3.1519643841695522     
  0.70755706986839595       -3.1688000537484902     
  0.72777298615035013       -3.1849670392940772     
  0.74798890243230420       -3.2003976588860166     
  0.76820481871425839       -3.2150246711872033     
  0.78842073499621257       -3.2287816860069558     
  0.80863665127816675       -3.2416036633072127     
  0.82885256756012093       -3.2534274987597582     
  0.84906848384207512       -3.2641926891668640     
  0.86928440012402930       -3.2738420654960803     
  0.88950031640598337       -3.2823225752549505     
  0.90971623268793755       -3.2895860900026030     
  0.92993214896989174       -3.2955902083974777     
  0.95014806525184592       -3.3002990228003557     
  0.97036398153380010       -3.3036838124508048     
  0.99057989781575428       -3.3057245867505003     
   1.0107958140977085       -3.3064079856886948     
   0.0000000000000000       -2.6322776333100988     
   2.0443196016561017E-002  -2.6330640353551673     
   4.0886392033122033E-002  -2.6354034289616357     
   6.1329588049683054E-002  -2.6392775166363105     
   8.1772784066244067E-002  -2.6446520378529215     
  0.10221598008280508       -2.6514808354827979     
  0.12265917609936611       -2.6597074088339916     
  0.14310237211592711       -2.6692667236847862     
  0.16354556813248813       -2.6800870933865677     
  0.18398876414904916       -2.6920920208903847     
  0.20443196016561016       -2.7052019074698297     
  0.22487515618217119       -2.7193355611927812     
  0.24531835219873221       -2.7344114662453052     
  0.26576154821529324       -2.7503487990475195     
  0.28620474423185421       -2.7670681966847330     
  0.30664794024841524       -2.7844922967975947     
  0.32709113626497627       -2.8025460761354766     
  0.34753433228153729       -2.8211570184564891     
  0.36797752829809832       -2.8402551425259279     
  0.38842072431465929       -2.8597729188139218     
  0.40886392033122032       -2.8796451000853294     
  0.42930711634778135       -2.8998084871447602     
  0.44975031236434238       -2.9202016470936396     
  0.47019350838090340       -2.9407645978697126     
  0.49063670439746443       -2.9614384697730762     
  0.51107990041402540       -2.9821651522159889     
  0.53152309643058648       -3.0028869320917377     
  0.55196629244714746       -3.0235461289331567     
  0.57240948846370843       -3.0440847314091277     
  0.59285268448026951       -3.0644440396731589     
  0.61329588049683048       -3.0845643186265974     
  0.63373907651339156       -3.1043844682852875     
  0.65418227252995254       -3.1238417191603172     
  0.67462546854651351       -3.1428713628641676     
  0.69506866456307459       -3.1614065310099040     
  0.71551186057963556       -3.1793780388058313     
  0.73595505659619664       -3.1967143133806797     
  0.75639825261275762       -3.2133414305138288     
  0.77684144862931859       -3.2291832866274515     
  0.79728464464587967       -3.2441619349113182     
  0.81772784066244064       -3.2581981144277377     
  0.83817103667900172       -3.2712119978715357     
  0.85861423269556270       -3.2831241761836170     
  0.87905742871212367       -3.2938568854875139     
  0.89950062472868475       -3.3033354633444838     
  0.91994382074524572       -3.3114899976422931     
  0.94038701676180680       -3.3182571041869524     
  0.96083021277836778       -3.3235817433682349     
  0.98127340879492886       -3.3274189494547666     
   1.0017166048114898       -3.3297364909356002     
   1.0221598008280508       -3.3305133130526490     
   0.0000000000000000       -2.6093376399072050     
   2.0678800485689989E-002  -2.6102254585166751     
   4.1357600971379978E-002  -2.6128638615386528     
   6.2036401457069970E-002  -2.6172248203179951     
   8.2715201942759956E-002  -2.6232579036021897     
  0.10339400242844994       -2.6308962513466492     
  0.12407280291413994       -2.6400596812882298     
  0.14475160339982993       -2.6506581078648010     
  0.16543040388551991       -2.6625948985607963     
  0.18610920437120990       -2.6757699355215205     
  0.20678800485689988       -2.6900822276118999     
  0.22746680534258987       -2.7054319995047758     
  0.24814560582827988       -2.7217222513801929     
  0.26882440631396987       -2.7388598296671347     
  0.28950320679965985       -2.7567560761698227     
  0.31018200728534984       -2.7753271334600726     
  0.33086080777103982       -2.7944939834581035     
  0.35153960825672981       -2.8141822882341274     
  0.37221840874241979       -2.8343220909221438     
  0.39289720922810978       -2.8548474227063139     
  0.41357600971379976       -2.8756958506769879     
  0.43425481019948975       -2.8968079916787119     
  0.45493361068517973       -2.9181270093425487     
  0.47561241117086972       -2.9395981052889746     
  0.49629121165655976       -2.9611680107968938     
  0.51697001214224969       -2.9827844818393285     
  0.53764881262793973       -3.0043957980624572     
  0.55832761311362966       -3.0259502648409300     
  0.57900641359931970       -3.0473957168555179     
  0.59968521408500963       -3.0686790216369819     
  0.62036401457069967       -3.0897455821954423     
  0.64104281505638960       -3.1105388392606859     
  0.66172161554207964       -3.1309997759118771     
  0.68240041602776969       -3.1510664306380050     
  0.70307921651345962       -3.1706734293556535     
  0.72375801699914966       -3.1897515528315430     
  0.74443681748483959       -3.2082273634889029     
  0.76511561797052963       -3.2260229247831966     
  0.78579441845621956       -3.2430556569610172     
  0.80647321894190960       -3.2592383844232851     
  0.82715201942759953       -3.2744796406529000     
  0.84783081991328957       -3.2886843044332847     
  0.86850962039897950       -3.3017546423761481     
  0.88918842088466954       -3.3135918231627426     
  0.90986722137035947       -3.3240979435985740     
  0.93054602185604951       -3.3331785617434604     
  0.95122482234173944       -3.3407456680638212     
  0.97190362282742948       -3.3467209392708273     
  0.99258242331311952       -3.3510390423585958     
   1.0132612237988095       -3.3536520835926913     
   1.0339400242844994       -3.3545288757908240     
   0.0000000000000000       -2.5863026554336357     
   2.0920379398316466E-002  -2.5872988693039844     
   4.1840758796632932E-002  -2.5902560782602841     
   6.2761138194949398E-002  -2.5951337166543782     
   8.3681517593265864E-002  -2.6018610262835891     
  0.10460189699158233       -2.6103457732515705     
  0.12552227638989880       -2.6204796648799968     
  0.14644265578821525       -2.6321439883497000     
  0.16736303518653173       -2.6452148074756026     
  0.18828341458484821       -2.6595673494937095     
  0.20920379398316466       -2.6750794120051626     
  0.23012417338148111       -2.6916337847700595     
  0.25104455277979759       -2.7091197892085628     
  0.27196493217811407       -2.7274340923454079     
  0.29288531157643050       -2.7464809647161710     
  0.31380569097474698       -2.7661721388707474     
  0.33472607037306346       -2.7864263996355803     
  0.35564644977137994       -2.8071690083114142     
  0.37656682916969642       -2.8283310357408551     
  0.39748720856801284       -2.8498486561582053     
  0.41840758796632932       -2.8716624355367326     
  0.43932796736464580       -2.8937166344995031     
  0.46024834676296222       -2.9159585360199891     
  0.48116872616127870       -2.9383378012724335     
  0.50208910555959518       -2.9608058523712044     
  0.52300948495791166       -2.9833152777201071     
  0.54392986435622814       -3.0058192538257038     
  0.56485024375454462       -3.0282709763640692     
  0.58577062315286099       -3.0506230928277529     
  0.60669100255117747       -3.0728271291094114     
  0.62761138194949395       -3.0948329028937094     
  0.64853176134781043       -3.1165879178279656     
  0.66945214074612691       -3.1380367343065019     
  0.69037252014444339       -3.1591203156696306     
  0.71129289954275987       -3.1797753530986417     
  0.73221327894107635       -3.1999335791092736     
  0.75313365833939283       -3.2195210889895689     
  0.77405403773770920       -3.2384577026124028     
  0.79497441713602568       -3.2566564164659901     
  0.81589479653434216       -3.2740230178399967     
  0.83681517593265864       -3.2904559592904508     
  0.85773555533097512       -3.3058466195307754     
  0.87865593472929160       -3.3200801017705945     
  0.89957631412760808       -3.3330367335954563     
  0.92049669352592445       -3.3445944210244947     
  0.94141707292424093       -3.3546319581976838     
  0.96233745232255741       -3.3630332903862135     
  0.98325783172087389       -3.3696925553127919     
   1.0041782111191904       -3.3745195482338350     
   1.0250985905175067       -3.3774452473953591     
   1.0460189699158233       -3.3784300858099359     
   0.0000000000000000       -2.5632068447719112     
   2.1166106521774336E-002  -2.5643185299625930     
   4.2332213043548672E-002  -2.5676144609894238     
   6.3498319565323008E-002  -2.5730382676522421     
   8.4664426087097344E-002  -2.5804941660375458     
  0.10583053260887168       -2.5898595150703074     
  0.12699663913064602       -2.6009934603457689     
  0.14816274565242035       -2.6137454232661868     
  0.16932885217419469       -2.6279624020004935     
  0.19049495869596902       -2.6434946241845840     
  0.21166106521774336       -2.6601994769702326     
  0.23282717173951770       -2.6779438967965259     
  0.25399327826129203       -2.6966055247053293     
  0.27515938478306634       -2.7160729564547399     
  0.29632549130484070       -2.7362453820087076     
  0.31749159782661507       -2.7570318498245228     
  0.33865770434838938       -2.7783503291798635     
  0.35982381087016369       -2.8001266893688479     
  0.38098991739193805       -2.8222936717565288     
  0.40215602391371241       -2.8447898992253378     
  0.42332213043548672       -2.8675589457000807     
  0.44448823695726103       -2.8905484739516787     
  0.46565434347903539       -2.9137094406741237     
  0.48682045000080976       -2.9369953622550540     
  0.50798655652258407       -2.9603616314562009     
  0.52915266304435837       -2.9837648734970803     
  0.55031876956613268       -3.0071623291921847     
  0.57148487608790710       -3.0305112524387989     
  0.59265098260968141       -3.0537683092572196     
  0.61381708913145572       -3.0768889656401095     
  0.63498319565323014       -3.0998268516714194     
