   1.9606012859720192        2.5095094431863161     
   1.9627835178795476        2.5037493120174896     
   1.9693183376597507        2.4858773289372187     
   1.9801649130687058        2.4562566939297175     
   1.9952560676948954        2.4152228954074797     
   2.0144998629905140        2.3632193451857173     
   2.0377812823193997        2.3007852303449909     
   2.0649644132788239        2.2285363477870841     
   2.0958948615066770        2.1471458420085843     
   2.1304022996976726        2.0573241693598621     
   2.1683030439228843        1.9598001338072497     
   2.2094025621333158        1.8553037961927508     
   2.2534978352811113        1.7445518837518843     
   2.3003795097478723        1.6282360323516971     
   2.3498337987631386        1.5070139520188979     
   2.4016441085209355        1.3815034129653436     
   2.4555923805990103        1.2522788105305520     
   2.5114601553583760        1.1198699834566963     
   2.5690293710100378       0.98476292262447418     
   2.6280829200927585       0.84740200679788535     
   2.6884049895631685       0.70819342782339545     
   2.7497812130428296       0.56750950861214600     
   2.8119986645257722       0.42569366566883599     
   2.8748457225349919       0.28306581671831127     
   2.9381118327790348       0.13992807874072363     
   3.0015871961733365       -3.4293603554356317E-003
   3.0650624079449007      -0.14672228405404392     
   3.1283280726412914      -0.28966647139874135     
   3.1911744193492928      -0.43197176089069644     
   3.2533909413600859      -0.57333621172647120     
   3.3147660848977396      -0.71344042915903316     
   3.3750870122948333      -0.85194213903808858     
   3.4341394660271121      -0.98847112308492835     
   3.4917077611128251       -1.1226246602178822     
   3.5475749342720593       -1.2539636582939371     
   3.6015230785794876       -1.3820097019957982     
   3.6533338917085199       -1.5062432824809961     
   3.7027894637731307       -1.6261035067915279     
   3.7496733267123559       -1.7409896028897480     
   3.7937717806391213       -1.8502645313661221     
   3.8348755031933237       -1.9532609776383909     
   3.8727814354968206       -2.0492899218066700     
   3.9072949229087377       -2.1376518604011929     
   3.9382320709459724       -2.2176505825926500     
   3.9654222574577926       -2.2886092099142412     
   3.9887107230825496       -2.3498878417233011     
   4.0079611443491432       -2.4009029186771160     
   4.0230580831108416       -2.4411408731709794     
   4.0339091827518709       -2.4702143884304930     
   4.0404468856968538       -2.4876510041495856     
   4.0426302761027877       -2.4935706787647960     
   1.9225514376072645        2.5919832828542799     
   1.9249524867462906        2.5849279793638194     
   1.9321368161388841        2.5631724307450310     
   1.9440411796846264        2.5272916953295943     
   1.9605623946929174        2.4779607326831066     
   1.9815614183039845        2.4160464050479553     
   2.0068678293255071        2.3425713094556584     
   2.0362851380645806        2.2586588601214723     
   2.0695963541639393        2.1654814214247886     
   2.1065694708788198        2.0642127664326524     
   2.1469625821028520        1.9559883902498711     
   2.1905284283635558        1.8418750346259949     
   2.2370182493588957        1.7228496230281489     
   2.2861848935843572        1.5997868660953607     
   2.3377851940468597        1.4734542330857798     
   2.3915816606835847        1.3445127379805637     
   2.4473435656251432        1.2135219873798997     
   2.5048475094033158        1.0809480953561321     
   2.5638775579157622       0.94717331139163619     
   2.6242250347394283       0.81250647442757351     
   2.6856880441026725       0.67719365995206426     
   2.7480707887212485       0.54142860765562772     
   2.8111827353686283       0.40536269617744880     
   2.8748376705226280       0.26911436905931696     
   2.9388526793145568       0.13277801671787173     
   3.0030470736100208       -3.5676105759083056E-003
   3.0672412894897989      -0.13985133788108456     
   3.1312557706908843      -0.27600170112068079     
   3.1949098526883399      -0.41193912336301236     
   3.2580206620235872      -0.54756797349782349     
   3.3204020472086362      -0.68276836295399712     
   3.3818635610729109      -0.81738756441785387     
   3.4422095197885398      -0.95123098208483425     
   3.5012381709990947       -1.0840526706989546     
   3.5587410123855503       -1.2155454956518288     
   3.6145023123614073       -1.3453311547378028     
   3.6682988958477845       -1.4729504478923674     
   3.7199002692822511       -1.5978543844174764     
   3.7690691686632825       -1.7193969519373253     
   3.8155626203758999       -1.8368306184876095     
   3.8591336039604958       -1.9493058664614105     
   3.8995333955180760       -2.0558762103167152     
   3.9365146465938325       -2.1555101621292914     
   3.9698352132364172       -2.2471113923208406     
   3.9992626922335250       -2.3295478460862347     
   4.0245795479493562       -2.4016895715877626     
   4.0455886289686713       -2.4624550029734396     
   4.0621187919045356       -2.5108559790463807     
   4.0740302415603002       -2.5460932854693294     
   4.0812191172145562       -2.5673356419879259     
   4.0836219562875602       -2.5745638523429735     
   1.8857654915288613        2.6720613433891334     
   1.8883946140866301        2.6635251658566284     
   1.8962541767520702        2.6373700175014365     
   1.9092526313999019        2.5944755507130419     
   1.9272421944169404        2.5359930643921844     
   1.9500268347730569        2.4633660795697079     
   1.9773711461802688        2.3782433378386201     
   2.0090102102690595        2.2823658624426186     
   2.0446593479757564        2.1774690023653411     
   2.0840230658004097        2.0652031503420947     
   2.1268027346783267        1.9470774467521557     
   2.1727027735477784        1.8244258065623851     
   2.2214353040235886        1.6983921527313999     
   2.2727233809529155        1.5699304889279082     
   2.3263029853819002        1.4398152849644192     
   2.3819240008922251        1.3086581587767732     
   2.4393503946913673        1.1769276643935802     
   2.4983598042915962        1.0449698796250779     
   2.5587426996566998       0.91302828057676499     
   2.6203012567763122       0.78126202686349600     
   2.6828480463363804       0.64976225138829102     
   2.7462046128804114       0.51856627127742960     
   2.8101999964928215       0.38766984263075366     
   2.8746692305766062       0.25703770302520834     
   2.9394518352755239       0.12661270995474652     
   3.0043903158694611       -3.6760879564187330E-003
   3.0693286684212375      -0.13390610123922583     
   3.1341108905499451      -0.26415422588980331     
   3.1985794930801483      -0.39448990320649496     
   3.2625740082743575      -0.52496787316129778     
   3.3259294923881582      -0.65562028332065292     
   3.3884750245677480      -0.78644781940527919     
   3.4500322109907717      -0.91740953584942031     
   3.5104137131447750       -1.0484110948824030     
   3.5694218328695233       -1.1792911853039871     
   3.6268472049107263       -1.3098060075070708     
   3.6824676707524642       -1.4396119050916236     
   3.7360474355025231       -1.5682465257765805     
   3.7873366418379075       -1.6951093353820634     
   3.8360715292706020       -1.8194429076201855     
   3.8819753788854032       -1.9403171643012442     
   3.9247604659649991       -2.0566195859725913     
   3.9641312450166541       -2.1670552182103568     
   3.9997889603507102       -2.2701608132663487     
   4.0314377965114971       -2.3643373923260187     
   4.0587925457586493       -2.4479041032874354     
   4.0815875753551385       -2.5191757119894991     
   4.0995866233111826       -2.5765512667271384     
   4.1125927085041916       -2.6186678870253459     
   4.1204573035428282       -2.6442134831112973     
   4.1230884153564817       -2.6529249685416962     
   1.8501561155412392        2.7498417180249572     
   1.8530223950759013        2.7396301287923870     
   1.8615821885118113        2.7085337545722141     
   1.8757089876734958        2.6578541980259045     
   1.8952009092467301        2.5893869370196256     
   1.9197945613178944        2.5053254076204481     
   1.9491802293173266        2.4080900882003418     
   1.9830178062754957        2.3001331282787816     
   2.0209515775613749        2.1837854562379144     
   2.0626227824251422        2.0611503128007178     
   2.1076794390567781        1.9340437663149810     
   2.1557833878140507        1.8039742847128226     
   2.2066148204736633        1.6721506853534029     
   2.2598747253790874        1.5395079022843863     
   2.3152857231749464        1.4067418493576922     
   2.3725917375234800        1.2743470559109507     
   2.4315568766231976        1.1426530114885494     
   2.4919638206748518        1.0118569598303737     
   2.5536119333232685       0.88205216333241709     
   2.6163152491097619       0.75325148242637030     
   2.6799004364093904       0.62540658837513152     
   2.7442047955919313       0.49842336317688291     
   2.8090743233126001       0.37217412509527337     
   2.8743618536310485       0.24650731823508065     
   2.9399252729430452       0.12125526340743627     
   3.0056257967138365       -3.7594870231050341E-003
   3.0713262903636092      -0.12871869904277777     
   3.1368896134062507      -0.25380345946733135     
   3.2021769644680025      -0.37918920088296110     
   3.2670462048117042      -0.50504032208177474     
   3.3313501394560512      -0.63150396129165898     
   3.3949347381894541      -0.75870244682615151     
   3.4576372843290692      -0.88672390477108531     
   3.5192844479127876       -1.0156104546545528     
   3.5796902934758110       -1.1453433874274588     
   3.6386542524125907       -1.2758247214231322     
   3.6959591182913423       -1.4068546126207087     
   3.7513691626820957       -1.5381043172366218     
   3.8046285210929431       -1.6690848517806469     
   3.8554600642666741       -1.7991122735048382     
   3.9035650473429579       -1.9272717198310081     
   3.9486239110514894       -2.0523840652176886     
   3.9902986798995697       -2.1729812267263435     
   4.0282374362527600       -2.2872984720893803     
   4.0620813091795158       -2.3932939521170011     
   4.0914742589849258       -2.4887057241841481     
   4.1160756295923298       -2.5711547021607828     
   4.1355749408898514       -2.6382927487799965     
   4.1497078543443218       -2.6879802300064557     
   4.1582719037669698       -2.7184883012104106     
   4.1611399215960141       -2.7286216111471910     
   1.8156392283190541        2.8254451845825077     
   1.8187516564285087        2.8133517097336656     
   1.8280360933071571        2.7767463521951066     
   1.8433235923973741        2.7174974536677912     
   1.8643478345702558        2.6382430841479723     
   1.8907673863767698        2.5421163330364522     
   1.9221894299403923        2.4324497578790605     
   1.9581932378737081        2.3124751417446721     
   1.9983505183576364        2.1851159007840844     
   2.0422412898824405        2.0528692387067782     
   2.0894650158636692        1.9177658496749665     
   2.1396474551528475        1.7813845840193672     
   2.1924440471446682        1.6448996609274766     
   2.2475407343349563        1.5091424593728013     
   2.3046530419692770        1.3746656475737382     
   2.3635240768674146        1.2418025094219345     
   2.4239219367720373        1.1107180967185788     
   2.4856368697216413       0.98145126804107741     
   2.5484784019812179       0.85394805075609970     
   2.6122725635817101       0.72808741609468208     
   2.6768592779508840       0.60370076875932310     
   2.7420899403966712       0.48058642497960641     
   2.8078251835883488       0.35852021414570490     
   2.8739328119590142       0.23726316617225404     
   2.9402858775604970       0.11656707972678511     
   3.0067608647907216       -3.8213748901212872E-003
   3.0732359488443528      -0.12415747237593897     
   3.1395892915839920      -0.24469569530943250     
   3.2056973381237652      -0.36568700755761907     
   3.2714330774489451      -0.48737570556683207     
   3.3366642308588461      -0.60999538384892715     
