   1.9606012859720192        0.0000000000000000     
   1.9627835178795476       -6.8067749761048041E-002
   1.9693183376597507      -0.13547869460066250     
   1.9801649130687058      -0.20208194590443612     
   1.9952560676948954      -0.26741377543675943     
   2.0144998629905140      -0.33109308666029447     
   2.0377812823193997      -0.39277211726130057     
   2.0649644132788239      -0.45214165925081018     
   2.0958948615066770      -0.50893360895989848     
   2.1304022996976726      -0.56292197500745622     
   2.1683030439228843      -0.61392221897573895     
   2.2094025621333158      -0.66178917761062972     
   2.2534978352811113      -0.70641386819577801     
   2.3003795097478723      -0.74771950322189495     
   2.3498337987631386      -0.78565702948418126     
   2.4016441085209355      -0.82020047274856545     
   2.4555923805990103      -0.85134232084006989     
   2.5114601553583760      -0.87908912440584741     
   2.5690293710100378      -0.90345744246141946     
   2.6280829200927585      -0.92447021316143119     
   2.6884049895631685      -0.94215359240876073     
   2.7497812130428296      -0.95653427380150069     
   2.8119986645257722      -0.96763728382487224     
   2.8748457225349919      -0.97548423421616504     
   2.9381118327790348      -0.98009200811983110     
   3.0015871961733365      -0.98147185662118097     
   3.0650624079449007      -0.97962888569901030     
   3.1283280726412914      -0.97456191971201656     
   3.1911744193492928      -0.96626373487874573     
   3.2533909413600859      -0.95472166387815482     
   3.3147660848977396      -0.93991857975296489     
   3.3750870122948333      -0.92183427280924013     
   3.4341394660271121      -0.90044723714998076     
   3.4917077611128251      -0.87573688273275840     
   3.5475749342720593      -0.84768618336919033     
   3.6015230785794876      -0.81628475965463143     
   3.6533338917085199      -0.78153237725956692     
   3.7027894637731307      -0.74344281492172248     
   3.7496733267123559      -0.70204802216742435     
   3.7937717806391213      -0.65740244573296303     
   3.8348755031933237      -0.60958735785061602     
   3.8727814354968206      -0.55871497232885314     
   3.9072949229087377      -0.50493209224940738     
   3.9382320709459724      -0.44842300269901358     
   3.9654222574577926      -0.38941131287201347     
   3.9887107230825496      -0.32816046739480353     
   4.0079611443491432      -0.26497273449708808     
   4.0230580831108416      -0.20018648846529416     
   4.0339091827518709      -0.13419541998435916     
   4.0404468856968538       -6.7379460481532955E-002
   4.0426302761027877        0.0000000000000000     
   1.9225514376072645        0.0000000000000000     
   1.9249524867462906       -7.6453707225876424E-002
   1.9321368161388841      -0.15197528299343893     
   1.9440411796846264      -0.22621134432550949     
   1.9605623946929174      -0.29848047354427232     
   1.9815614183039845      -0.36823869935251113     
   2.0068678293255071      -0.43502430770814698     
   2.0362851380645806      -0.49846586592193465     
   2.0695963541639393      -0.55828300517418727     
   2.1065694708788198      -0.61428220427970948     
   2.1469625821028520      -0.66634863128421740     
   2.1905284283635558      -0.71443539622278251     
   2.2370182493588957      -0.75855150860767129     
   2.2861848935843572      -0.79874962611288003     
   2.3377851940468597      -0.83511440658896374     
   2.3915816606835847      -0.86775199370068157     
   2.4473435656251432      -0.89678091843562491     
   2.5048475094033158      -0.92232450325380810     
   2.5638775579157622      -0.94450471793930135     
   2.6242250347394283      -0.96343735119263108     
   2.6856880441026725      -0.97922831848668512     
   2.7480707887212485      -0.99197091452259845     
   2.8111827353686283       -1.0017438270273618     
   2.8748376705226280       -1.0086097491718229     
   2.9388526793145568       -1.0126144552740939     
   3.0030470736100208       -1.0137862343994266     
   3.0672412894897989       -1.0121356068492788     
   3.1312557706908843       -1.0076552783651913     
   3.1949098526883399       -1.0003203159901839     
   3.2580206620235872      -0.99008855816504626     
   3.3204020472086362      -0.97690130002141018     
   3.3818635610729109      -0.96068432353279143     
   3.4422095197885398      -0.94134937090980153     
   3.5012381709990947      -0.91879618737434832     
   3.5587410123855503      -0.89291528474088100     
   3.6145023123614073      -0.86359159622062232     
   3.6682988958477845      -0.83070920031649098     
   3.7199002692822511      -0.79415728066322688     
   3.7690691686632825      -0.75383744890709858     
   3.8155626203758999      -0.70967247931309674     
   3.8591336039604958      -0.66161637693274611     
   3.8995333955180760      -0.60966551887072373     
   3.9365146465938325      -0.55387037444486054     
   3.9698352132364172      -0.49434704104705440     
   3.9992626922335250      -0.43128756465563545     
   4.0245795479493562      -0.36496779939496360     
   4.0455886289686713      -0.29575151117967174     
   4.0621187919045356      -0.22408919642902342     
   4.0740302415603002      -0.15053871750482403     
   4.0812191172145562       -7.5684911918854472E-002
   4.0836219562875602        0.0000000000000000     
   1.8857654915288613        0.0000000000000000     
   1.8883946140866301       -8.5265105647333833E-002
   1.8962541767520702      -0.16924668549787955     
   1.9092526313999019      -0.25133108104904706     
   1.9272421944169404      -0.33057933755849112     
   1.9500268347730569      -0.40627206659016246     
   1.9773711461802688      -0.47784766810470003     
   2.0090102102690595      -0.54490837002270442     
   2.0446593479757564      -0.60721158847542989     
   2.0840230658004097      -0.66465193072481377     
   2.1268027346783267      -0.71723767919029802     
   2.1727027735477784      -0.76506534507872437     
   2.2214353040235886      -0.80829504445653211     
   2.2727233809529155      -0.84712848031946031     
   2.3263029853819002      -0.88179043621306219     
   2.3819240008922251      -0.91251401305806168     
   2.4393503946913673      -0.93952939520510326     
   2.4983598042915962      -0.96305568554421006     
   2.5587426996566998      -0.98329525178212407     
   2.6203012567763122       -1.0004300254592280     
   2.6828480463363804       -1.0146192498356428     
   2.7462046128804114       -1.0259982509586072     
   2.8101999964928215       -1.0346778900969060     
   2.8746692305766062       -1.0407444340544829     
   2.9394518352755239       -1.0442596478485144     
   3.0043903158694611       -1.0452609714680405     
   3.0693286684212375       -1.0437616896106146     
   3.1341108905499451       -1.0397510428780870     
   3.1985794930801483       -1.0331942637703038     
   3.2625740082743575       -1.0240325537554045     
   3.3259294923881582       -1.0121830517493091     
   3.3884750245677480      -0.99753888248458433     
   3.4500322109907717      -0.97996941814468597     
   3.5104137131447750      -0.95932094061552919     
   3.5694218328695233      -0.93541795597736088     
   3.6268472049107263      -0.90806548652185848     
   3.6824676707524642      -0.87705274502604536     
   3.7360474355025231      -0.84215867089355534     
   3.7873366418379075      -0.80315986099095316     
   3.8360715292706020      -0.75984143068409427     
   3.8819753788854032      -0.71201125253852149     
   3.9247604659649991      -0.65951779171326053     
   3.9641312450166541      -0.60227133681560940     
   3.9997889603507102      -0.54026778188022084     
   4.0314377965114971      -0.47361326340849536     
   4.0587925457586493      -0.40254701311392233     
   4.0815875753551385      -0.32745878486172364     
   4.0995866233111826      -0.24889690395074851     
   4.1125927085041916      -0.16759716621045478     
   4.1204573035428282       -8.4385227983631669E-002
   4.1230884153564817        0.0000000000000000     
   1.8501561155412392        0.0000000000000000     
   1.8530223950759013       -9.4491106933891900E-002
   1.8615821885118113      -0.18726137609328011     
   1.8757089876734958      -0.27737088409589189     
   1.8952009092467301      -0.36358470359424744     
   1.9197945613178944      -0.44500571978234610     
   1.9491802293173266      -0.52100105759532178     
   1.9830178062754957      -0.59119682020146258     
   2.0209515775613749      -0.65544816832610531     
   2.0626227824251422      -0.71379654134626802     
   2.1076794390567781      -0.76642269181589406     
   2.1557833878140507      -0.81360205154765053     
   2.2066148204736633      -0.85566630226503393     
   2.2598747253790874      -0.89297274409126326     
   2.3152857231749464      -0.92588145946915312     
   2.3725917375234800      -0.95473935574216662     
   2.4315568766231976      -0.97986978477506459     
   2.4919638206748518       -1.0015663957214884     
   2.5536119333232685       -1.0200900195668816     
   2.6163152491097619       -1.0356676002649003     
   2.6799004364093904       -1.0484924113050915     
   2.7442047955919313       -1.0587249963005270     
   2.8090743233126001       -1.0664944343002118     
   2.8743618536310485       -1.0718996552749906     
   2.9399252729430452       -1.0750106231962722     
   3.0056257967138365       -1.0758692699463004     
   3.0713262903636092       -1.0744901099930282     
   3.1368896134062507       -1.0708604993259800     
   3.2021769644680025       -1.0649405283047200     
   3.2670462048117042       -1.0566625614419294     
   3.3313501394560512       -1.0459304626977730     
   3.3949347381894541       -1.0326185771130572     
   3.4576372843290692       -1.0165705842343922     
   3.5192844479127876      -0.99759840130849919     
   3.5796902934758110      -0.97548140158480590     
   3.6386542524125907      -0.94996633168622890     
   3.6959591182913423      -0.92076846648721333     
   3.7513691626820957      -0.88757473042021018     
   3.8046285210929431      -0.85004972947888069     
   3.8554600642666741      -0.80784584785996782     
   3.9035650473429579      -0.76061870491454520     
   3.9486239110514894      -0.70804923673928666     
   3.9902986798995697      -0.64987330935420340     
   4.0282374362527600      -0.58591890207594433     
   4.0620813091795158      -0.51614936388688493     
   4.0914742589849258      -0.44070903948194479     
   4.1160756295923298      -0.35996465718248988     
   4.1355749408898514      -0.27453405976055817     
   4.1497078543443218      -0.18529777580619441     
   4.1582719037669698       -9.3466102786076602E-002
   4.1611399215960141        0.0000000000000000     
   1.8156392283190541        0.0000000000000000     
   1.8187516564285087      -0.10412381173533390     
   1.8280360933071571      -0.20599169273655446     
   1.8433235923973741      -0.30426514411776623     
   1.8643478345702558      -0.39737860849884482     
   1.8907673863767698      -0.48426735811884880     
   1.9221894299403923      -0.56427140780391360     
   1.9581932378737081      -0.63710379147811980     
   1.9983505183576364      -0.70278355529146030     
   2.0422412898824405      -0.76155612453509913     
   2.0894650158636692      -0.81381622147885135     
   2.1396474551528475      -0.86004231614703430     
   2.1924440471446682      -0.90074607987028554     
   2.2475407343349563      -0.93643657600518904     
   2.3046530419692770      -0.96759697116498589     
   2.3635240768674146      -0.99467090055534235     
   2.4239219367720373       -1.0180557330851336     
   2.4856368697216413       -1.0381004388027524     
   2.5484784019812179       -1.0551063035196167     
   2.6122725635817101       -1.0693292314153768     
   2.6768592779508840       -1.0809827773007743     
   2.7420899403966712       -1.0902413488444704     
   2.8078251835883488       -1.0972432296117636     
   2.8739328119590142       -1.1020932155420742     
   2.9402858775604970       -1.1048647484708969     
   3.0067608647907216       -1.1056014860780916     
   3.0732359488443528       -1.1043182800028239     
   3.1395892915839920       -1.1010015515305076     
   3.2056973381237652       -1.0956090638975269     
   3.2714330774489451       -1.0880690973240978     
   3.3366642308588461       -1.0782790422191426     
